0.005888462066650391; 0.30179613228699553
0.02579975128173828; 0.30179613228699553
0.040026187896728516; 0.2908017376681615
0.054467201232910156; 0.2908017376681615
0.08631205558776855; 0.27980734304932736
0.10864877700805664; 0.27980734304932736
0.13318848609924316; 0.27980734304932736
0.15229201316833496; 0.27980734304932736
0.16570448875427246; 0.30179613228699553
0.19469952583312988; 0.27980734304932736
0.21035051345825195; 0.27980734304932736
0.23032021522521973; 0.30179613228699553
0.2492842674255371; 0.2908017376681615
0.2653965950012207; 0.2908017376681615
0.278900146484375; 0.27980734304932736
0.2987034320831299; 0.30179613228699553
0.3126249313354492; 0.27980734304932736
0.32856130599975586; 0.27980734304932736
0.34629058837890625; 0.30179613228699553
0.3596358299255371; 0.27980734304932736
0.37271714210510254; 0.30179613228699553
0.3852827548980713; 0.2908017376681615
0.3984560966491699; 0.30179613228699553
0.4116544723510742; 0.27980734304932736
0.4247274398803711; 0.2908017376681615
0.4374215602874756; 0.30179613228699553
0.45010972023010254; 0.27980734304932736
0.46320009231567383; 0.30179613228699553
0.4786064624786377; 0.27980734304932736
0.4913325309753418; 0.2908017376681615
0.5040080547332764; 0.31279052690582965
0.5183522701263428; 0.30179613228699553
0.5368058681488037; 0.27980734304932736
0.5555572509765625; 0.2908017376681615
0.5710358619689941; 0.27980734304932736
0.5844407081604004; 0.27980734304932736
0.6022176742553711; 0.30179613228699553
0.6193962097167969; 0.30179613228699553
0.6346170902252197; 0.2908017376681615
0.6503310203552246; 0.27980734304932736
0.6682696342468262; 0.30179613228699553
0.6851036548614502; 0.30179613228699553
0.7014234066009521; 0.27980734304932736
0.7231004238128662; 0.27980734304932736
0.7425243854522705; 0.30179613228699553
0.757448673248291; 0.27980734304932736
0.7719032764434814; 0.27980734304932736
0.7894351482391357; 0.27980734304932736
0.8075418472290039; 0.27980734304932736
0.8227899074554443; 0.2908017376681615
0.8389623165130615; 0.2908017376681615
0.8541772365570068; 0.30179613228699553
0.8680791854858398; 0.27980734304932736
0.8816573619842529; 0.30179613228699553
0.9002702236175537; 0.27980734304932736
0.9163527488708496; 0.31279052690582965
0.9367907047271729; 0.30179613228699553
0.9534497261047363; 0.30179613228699553
0.9754116535186768; 0.30179613228699553
0.9886956214904785; 0.27980734304932736
1.0019452571868896; 0.30179613228699553
1.0152301788330078; 0.27980734304932736
1.028538703918457; 0.27980734304932736
1.0426664352416992; 0.30179613228699553
1.0607397556304932; 0.27980734304932736
1.0832469463348389; 0.27980734304932736
1.1009716987609863; 0.2908017376681615
1.1155552864074707; 0.27980734304932736
1.1327061653137207; 0.2908017376681615
1.149707555770874; 0.27980734304932736
1.162736177444458; 0.2908017376681615
1.178027868270874; 0.27980734304932736
1.1946992874145508; 0.30179613228699553
1.209839105606079; 0.27980734304932736
1.2251145839691162; 0.27980734304932736
1.243271827697754; 0.30179613228699553
1.2600929737091064; 0.30179613228699553
1.2746751308441162; 0.30179613228699553
1.289052963256836; 0.2908017376681615
1.30747652053833; 0.30179613228699553
1.3325634002685547; 0.27980734304932736
1.3494646549224854; 0.30179613228699553
1.3703351020812988; 0.30179613228699553
1.3926727771759033; 0.30179613228699553
1.4071307182312012; 0.30179613228699553
1.4210608005523682; 0.2908017376681615
1.4355723857879639; 0.30179613228699553
1.4527573585510254; 0.27980734304932736
1.4686858654022217; 0.30179613228699553
1.486387014389038; 0.30179613228699553
1.5093748569488525; 0.2908017376681615
1.5262117385864258; 0.27980734304932736
1.539376974105835; 0.30179613228699553
1.552583932876587; 0.27980734304932736
1.565783977508545; 0.30179613228699553
1.5800034999847412; 0.30179613228699553
1.600156307220459; 0.2908017376681615
1.6202051639556885; 0.27980734304932736
1.6382012367248535; 0.30179613228699553
1.6530168056488037; 0.27980734304932736
1.6707251071929932; 0.30179613228699553
1.6866953372955322; 0.27980734304932736
1.7013370990753174; 0.30179613228699553
1.7164011001586914; 0.30179613228699553
1.73287034034729; 0.2908017376681615
1.7489023208618164; 0.2908017376681615
1.763230800628662; 0.27980734304932736
1.7843208312988281; 0.27980734304932736
1.8033041954040527; 0.27980734304932736
1.8168678283691406; 0.30179613228699553
1.8312854766845703; 0.27980734304932736
1.8457062244415283; 0.27980734304932736
1.8639891147613525; 0.27980734304932736
1.879042625427246; 0.27980734304932736
1.8939135074615479; 0.2908017376681615
1.9089133739471436; 0.27980734304932736
1.9236328601837158; 0.2908017376681615
1.9479889869689941; 0.30179613228699553
1.9628329277038574; 0.27980734304932736
1.9765887260437012; 0.30179613228699553
1.9901609420776367; 0.2908017376681615
2.006990432739258; 0.2908017376681615
2.0229392051696777; 0.30179613228699553
2.0391383171081543; 0.30179613228699553
2.0591721534729004; 0.30179613228699553
2.074033737182617; 0.2908017376681615
2.0866029262542725; 0.30179613228699553
2.099086284637451; 0.27980734304932736
2.112427234649658; 0.27980734304932736
2.1314945220947266; 0.27980734304932736
2.1480636596679688; 0.2908017376681615
2.166837453842163; 0.2908017376681615
2.1843273639678955; 0.2908017376681615
2.1986050605773926; 0.30179613228699553
2.2158682346343994; 0.27980734304932736
2.232769727706909; 0.27980734304932736
2.2501027584075928; 0.30179613228699553
2.2659947872161865; 0.30179613228699553
2.2852835655212402; 0.27980734304932736
2.3042428493499756; 0.30179613228699553
2.319730281829834; 0.30179613228699553
2.337282419204712; 0.2908017376681615
2.3547613620758057; 0.30179613228699553
2.369731903076172; 0.2908017376681615
2.388458728790283; 0.2908017376681615
2.4035210609436035; 0.30179613228699553
2.4207334518432617; 0.2908017376681615
2.438159227371216; 0.27980734304932736
2.4590721130371094; 0.30179613228699553
2.486173152923584; 0.2908017376681615
2.5048282146453857; 0.30179613228699553
2.5182645320892334; 0.2908017376681615
2.535903215408325; 0.30179613228699553
2.554778814315796; 0.27980734304932736
2.5736703872680664; 0.27980734304932736
2.599865436553955; 0.27980734304932736
2.6123833656311035; 0.2908017376681615
2.6256520748138428; 0.2908017376681615
2.638871431350708; 0.27980734304932736
2.652446746826172; 0.30179613228699553
2.6661736965179443; 0.27980734304932736
2.68289852142334; 0.27980734304932736
2.6980791091918945; 0.30179613228699553
2.7148091793060303; 0.27980734304932736
2.736374616622925; 0.30179613228699553
2.7496895790100098; 0.27980734304932736
2.764070749282837; 0.2908017376681615
2.779968500137329; 0.2908017376681615
2.7944092750549316; 0.2908017376681615
2.8112385272979736; 0.27980734304932736
2.8296287059783936; 0.30179613228699553
2.8465425968170166; 0.30179613228699553
2.864034652709961; 0.2908017376681615
2.8820457458496094; 0.27980734304932736
2.8960142135620117; 0.30179613228699553
2.9091262817382812; 0.30179613228699553
2.9260308742523193; 0.2908017376681615
2.9422991275787354; 0.2908017376681615
2.961285352706909; 0.2908017376681615
2.979919195175171; 0.30179613228699553
2.9937028884887695; 0.2908017376681615
3.011066436767578; 0.30179613228699553
3.029999256134033; 0.30179613228699553
3.047122001647949; 0.30179613228699553
3.072465658187866; 0.30179613228699553
3.0849626064300537; 0.2908017376681615
3.0981662273406982; 0.2908017376681615
3.111435651779175; 0.30179613228699553
3.124711513519287; 0.30179613228699553
3.1384575366973877; 0.30179613228699553
3.1533234119415283; 0.31279052690582965
3.16726016998291; 0.27980734304932736
3.1805970668792725; 0.30179613228699553
3.200453996658325; 0.2908017376681615
3.2172021865844727; 0.2908017376681615
3.2345614433288574; 0.30179613228699553
3.252504348754883; 0.27980734304932736
3.2685158252716064; 0.27980734304932736
3.2821967601776123; 0.30179613228699553
3.2959487438201904; 0.27980734304932736
3.312612771987915; 0.27980734304932736
3.3338685035705566; 0.27980734304932736
3.352734088897705; 0.27980734304932736
3.372283458709717; 0.2908017376681615
3.39089035987854; 0.2908017376681615
3.405029296875; 0.27980734304932736
3.4237725734710693; 0.30179613228699553
3.4446682929992676; 0.2908017376681615
3.462111473083496; 0.27980734304932736
3.476846694946289; 0.2908017376681615
3.494277000427246; 0.27980734304932736
3.5100371837615967; 0.27980734304932736
3.5259976387023926; 0.27980734304932736
3.5486397743225098; 0.27980734304932736
3.56191086769104; 0.31279052690582965
3.5751397609710693; 0.30179613228699553
3.5882339477539062; 0.27980734304932736
3.6015138626098633; 0.30179613228699553
3.6147801876068115; 0.30179613228699553
3.627922773361206; 0.27980734304932736
3.640645742416382; 0.30179613228699553
3.6538679599761963; 0.27980734304932736
3.6667940616607666; 0.30179613228699553
3.679572820663452; 0.30179613228699553
3.702418804168701; 0.30179613228699553
3.720224142074585; 0.2908017376681615
3.735579490661621; 0.30179613228699553
3.7516868114471436; 0.30179613228699553
3.7663862705230713; 0.2908017376681615
3.782947063446045; 0.2908017376681615
3.797675848007202; 0.30179613228699553
3.8113772869110107; 0.27980734304932736
3.8252851963043213; 0.30179613228699553
3.843451499938965; 0.27980734304932736
3.859548807144165; 0.27980734304932736
3.877220630645752; 0.2908017376681615
3.892455577850342; 0.27980734304932736
3.9115805625915527; 0.27980734304932736
3.925251007080078; 0.30179613228699553
3.9384193420410156; 0.27980734304932736
3.956691265106201; 0.30179613228699553
3.971952199935913; 0.30179613228699553
3.99045467376709; 0.2908017376681615
4.006654500961304; 0.30179613228699553
4.028919696807861; 0.30179613228699553
4.042349100112915; 0.27980734304932736
4.056169033050537; 0.30179613228699553
4.069681644439697; 0.27980734304932736
4.086310625076294; 0.27980734304932736
4.103287220001221; 0.27980734304932736
4.11937952041626; 0.30179613228699553
4.142407178878784; 0.30179613228699553
4.155567407608032; 0.27980734304932736
4.16873025894165; 0.30179613228699553
4.181945323944092; 0.27980734304932736
4.19513201713562; 0.30179613228699553
4.212695598602295; 0.31279052690582965
4.231347322463989; 0.30179613228699553
4.253500938415527; 0.30179613228699553
4.269263744354248; 0.2908017376681615
4.283555507659912; 0.2908017376681615
4.301999568939209; 0.30179613228699553
4.315844535827637; 0.27980734304932736
4.333327054977417; 0.2908017376681615
4.3484416007995605; 0.31279052690582965
4.365419864654541; 0.31279052690582965
4.38101053237915; 0.30179613228699553
4.396714448928833; 0.30179613228699553
4.413917779922485; 0.31279052690582965
4.430334568023682; 0.31279052690582965
4.443819522857666; 0.2908017376681615
4.458463430404663; 0.31279052690582965
4.4782209396362305; 0.2908017376681615
4.493644714355469; 0.31279052690582965
4.511881351470947; 0.2908017376681615
4.528520107269287; 0.2908017376681615
4.54691481590271; 0.31279052690582965
4.571882963180542; 0.30179613228699553
4.5892205238342285; 0.2908017376681615
4.602612018585205; 0.3237849215246637
4.616453409194946; 0.2908017376681615
4.631161451339722; 0.30179613228699553
4.6594884395599365; 0.30179613228699553
4.675211191177368; 0.31279052690582965
4.69632363319397; 0.3237849215246637
4.70890212059021; 0.30179613228699553
4.722089529037476; 0.3237849215246637
4.73631739616394; 0.3237849215246637
4.750285625457764; 0.30179613228699553
4.762975692749023; 0.3237849215246637
4.777379751205444; 0.2908017376681615
4.790850400924683; 0.3237849215246637
4.8094704151153564; 0.3237849215246637
4.825026750564575; 0.3237849215246637
4.840817451477051; 0.3237849215246637
4.857593059539795; 0.3237849215246637
4.871197462081909; 0.30179613228699553
4.887904167175293; 0.30179613228699553
4.902454853057861; 0.33477931614349776
4.919269800186157; 0.33477931614349776
4.934905767440796; 0.33477931614349776
4.950585842132568; 0.3237849215246637
4.9678635597229; 0.33477931614349776
4.984405755996704; 0.3237849215246637
5.005063533782959; 0.33477931614349776
5.019226551055908; 0.33477931614349776
5.034074783325195; 0.33477931614349776
5.051097869873047; 0.3457737107623319
5.069293022155762; 0.31279052690582965
5.0847554206848145; 0.31279052690582965
5.103118181228638; 0.33477931614349776
5.12278151512146; 0.33477931614349776
5.141563653945923; 0.3237849215246637
5.154973030090332; 0.33477931614349776
5.17006516456604; 0.31279052690582965
5.187282562255859; 0.33477931614349776
5.203502416610718; 0.3457737107623319
5.227557420730591; 0.3237849215246637
5.242722034454346; 0.3457737107623319
5.2558982372283936; 0.3237849215246637
5.269049882888794; 0.3237849215246637
5.283231496810913; 0.31279052690582965
5.296529293060303; 0.35676810538116593
5.309309720993042; 0.3237849215246637
5.322804689407349; 0.3457737107623319
5.338543891906738; 0.33477931614349776
5.355558633804321; 0.33477931614349776
5.3752171993255615; 0.35676810538116593
5.392748117446899; 0.35676810538116593
5.409872770309448; 0.33477931614349776
5.423302412033081; 0.35676810538116593
5.438349485397339; 0.33477931614349776
5.455009460449219; 0.36776250000000005
5.473194599151611; 0.33477931614349776
5.491732358932495; 0.36776250000000005
5.509044170379639; 0.3787568946188341
5.526305675506592; 0.3457737107623319
5.539794683456421; 0.3787568946188341
5.553188323974609; 0.3457737107623319
5.567087411880493; 0.36776250000000005
5.580204486846924; 0.35676810538116593
5.599339485168457; 0.36776250000000005
5.6146533489227295; 0.3457737107623319
5.633106231689453; 0.3787568946188341
5.648990869522095; 0.38975128923766816
5.673050403594971; 0.35676810538116593
5.687196254730225; 0.35676810538116593
5.701496124267578; 0.3787568946188341
5.718111991882324; 0.4007456838565023
5.733073949813843; 0.4007456838565023
5.752860069274902; 0.36776250000000005
5.775226831436157; 0.38975128923766816
5.7908875942230225; 0.3787568946188341
5.803998708724976; 0.3787568946188341
5.817195415496826; 0.41174007847533634
5.8303375244140625; 0.42273447309417045
5.844302177429199; 0.4007456838565023
5.85722279548645; 0.4337288677130045
5.871080636978149; 0.38975128923766816
5.890435695648193; 0.41174007847533634
5.905339002609253; 0.4007456838565023
5.920339345932007; 0.44472326233183856
5.937149524688721; 0.4557176569506727
5.953108787536621; 0.4557176569506727
5.970105171203613; 0.47770644618834085
5.984766006469727; 0.44472326233183856
6.002041816711426; 0.47770644618834085
6.019164085388184; 0.4887008408071749
6.0342066287994385; 0.46671205156950674
6.051342964172363; 0.4557176569506727
6.067853927612305; 0.46671205156950674
6.081692218780518; 0.510689630044843
6.0951316356658936; 0.47770644618834085
6.108535289764404; 0.5326784192825113
6.127407789230347; 0.4887008408071749
6.145511150360107; 0.5216840246636771
6.160474538803101; 0.47770644618834085
6.178227424621582; 0.49969523542600897
6.19629979133606; 0.47770644618834085
6.210890054702759; 0.44472326233183856
6.230010032653809; 0.47770644618834085
6.244383096694946; 0.44472326233183856
6.257965564727783; 0.44472326233183856
6.275197267532349; 0.42273447309417045
6.2916100025177; 0.41174007847533634
6.308736801147461; 0.4007456838565023
6.33118748664856; 0.4007456838565023
6.344414949417114; 0.42273447309417045
6.3575334548950195; 0.3787568946188341
6.370799779891968; 0.41174007847533634
6.383895635604858; 0.38975128923766816
6.397700071334839; 0.4007456838565023
6.410650730133057; 0.3787568946188341
6.42329216003418; 0.36776250000000005
6.443781852722168; 0.36776250000000005
6.457464933395386; 0.4007456838565023
6.47499942779541; 0.38975128923766816
6.492938995361328; 0.35676810538116593
6.508084058761597; 0.35676810538116593
6.524456024169922; 0.36776250000000005
6.539661407470703; 0.35676810538116593
6.556268692016602; 0.3457737107623319
6.575377464294434; 0.3787568946188341
6.5901501178741455; 0.36776250000000005
6.608088493347168; 0.35676810538116593
6.627493619918823; 0.3457737107623319
6.641321659088135; 0.33477931614349776
6.654756784439087; 0.35676810538116593
6.668230295181274; 0.33477931614349776
6.684769868850708; 0.3457737107623319
6.702025890350342; 0.33477931614349776
6.718170881271362; 0.33477931614349776
6.735789775848389; 0.3457737107623319
6.753216505050659; 0.35676810538116593
6.776241064071655; 0.3787568946188341
6.790076971054077; 0.3457737107623319
6.8047776222229; 0.3787568946188341
6.818255424499512; 0.35676810538116593
6.834989547729492; 0.35676810538116593
6.851308584213257; 0.35676810538116593
6.868082284927368; 0.35676810538116593
6.883755207061768; 0.36776250000000005
6.899537801742554; 0.3787568946188341
6.923540830612183; 0.4007456838565023
6.9359962940216064; 0.41174007847533634
6.949084281921387; 0.3787568946188341
6.9627251625061035; 0.42273447309417045
6.981032133102417; 0.38975128923766816
6.996389389038086; 0.41174007847533634
7.009561061859131; 0.41174007847533634
7.026544809341431; 0.44472326233183856
7.044328451156616; 0.44472326233183856
7.061852931976318; 0.4337288677130045
7.079334020614624; 0.42273447309417045
7.095090389251709; 0.4337288677130045
7.110127687454224; 0.4337288677130045
7.124817848205566; 0.46671205156950674
7.14176607131958; 0.4557176569506727
7.157548904418945; 0.46671205156950674
7.171771049499512; 0.49969523542600897
7.19087553024292; 0.46671205156950674
7.207253456115723; 0.4887008408071749
7.222192764282227; 0.4887008408071749
7.24162745475769; 0.5326784192825113
7.255187511444092; 0.47770644618834085
7.270513296127319; 0.47770644618834085
7.286956548690796; 0.49969523542600897
7.302712678909302; 0.47770644618834085
7.318458557128906; 0.47770644618834085
7.334124565124512; 0.46671205156950674
7.349369764328003; 0.42273447309417045
7.364842414855957; 0.41174007847533634
7.381535530090332; 0.4007456838565023
7.395421504974365; 0.4337288677130045
7.409947633743286; 0.41174007847533634
7.429818391799927; 0.42273447309417045
7.447291374206543; 0.41174007847533634
7.46966028213501; 0.3787568946188341
7.482828140258789; 0.4007456838565023
7.495944023132324; 0.4007456838565023
7.5090625286102295; 0.36776250000000005
7.522136211395264; 0.4007456838565023
7.535209894180298; 0.35676810538116593
7.549756765365601; 0.38975128923766816
7.562808036804199; 0.35676810538116593
7.580183267593384; 0.35676810538116593
7.597655534744263; 0.36776250000000005
7.611908674240112; 0.3457737107623319
7.62910008430481; 0.3457737107623319
7.645139694213867; 0.3457737107623319
7.662063360214233; 0.3457737107623319
7.6765172481536865; 0.35676810538116593
7.694470405578613; 0.33477931614349776
7.711911916732788; 0.35676810538116593
7.727936267852783; 0.35676810538116593
7.7438905239105225; 0.36776250000000005
7.758656740188599; 0.33477931614349776
7.775399208068848; 0.3457737107623319
7.788829326629639; 0.33477931614349776
7.802547454833984; 0.33477931614349776
7.815955400466919; 0.35676810538116593
7.832969903945923; 0.33477931614349776
7.851198673248291; 0.33477931614349776
7.869295120239258; 0.36776250000000005
7.884899377822876; 0.3787568946188341
7.900838851928711; 0.3457737107623319
7.918930530548096; 0.3787568946188341
7.932243585586548; 0.3457737107623319
7.94615364074707; 0.3787568946188341
7.95965051651001; 0.35676810538116593
7.977173089981079; 0.38975128923766816
7.99647068977356; 0.36776250000000005
8.0128014087677; 0.4007456838565023
8.033324718475342; 0.36776250000000005
8.045867681503296; 0.41174007847533634
8.058911323547363; 0.3787568946188341
8.072051525115967; 0.41174007847533634
8.085093021392822; 0.41174007847533634
8.099594354629517; 0.41174007847533634
8.116196632385254; 0.4337288677130045
8.13027286529541; 0.4007456838565023
8.147396564483643; 0.42273447309417045
8.162661075592041; 0.41174007847533634
8.177125930786133; 0.4337288677130045
8.194290161132812; 0.42273447309417045
8.210215091705322; 0.44472326233183856
8.227175951004028; 0.4337288677130045
8.243145942687988; 0.44472326233183856
8.261313676834106; 0.44472326233183856
8.278067111968994; 0.49969523542600897
8.292375087738037; 0.46671205156950674
8.309669494628906; 0.4887008408071749
8.327142715454102; 0.4887008408071749
8.340619564056396; 0.5216840246636771
8.35432744026184; 0.46671205156950674
8.367702960968018; 0.49969523542600897
8.386242389678955; 0.44472326233183856
8.405191898345947; 0.47770644618834085
8.421422719955444; 0.46671205156950674
8.439636945724487; 0.41174007847533634
8.455844402313232; 0.41174007847533634
8.47448468208313; 0.44472326233183856
8.493140935897827; 0.38975128923766816
8.507072687149048; 0.4337288677130045
8.520497560501099; 0.38975128923766816
8.535192489624023; 0.3787568946188341
8.552041292190552; 0.3787568946188341
8.566937685012817; 0.38975128923766816
8.585691928863525; 0.4007456838565023
8.601562261581421; 0.38975128923766816
8.625647783279419; 0.38975128923766816
8.638777256011963; 0.35676810538116593
8.651867628097534; 0.38975128923766816
8.66569447517395; 0.3457737107623319
8.685588121414185; 0.36776250000000005
8.704063415527344; 0.3787568946188341
8.71742296218872; 0.3457737107623319
8.734604835510254; 0.36776250000000005
8.75626540184021; 0.35676810538116593
8.76978349685669; 0.35676810538116593
8.785315990447998; 0.36776250000000005
8.800917387008667; 0.36776250000000005
8.818389415740967; 0.3457737107623319
8.83292007446289; 0.36776250000000005
8.849274396896362; 0.35676810538116593
8.86730694770813; 0.33477931614349776
8.881624460220337; 0.33477931614349776
8.900819778442383; 0.33477931614349776
8.917570114135742; 0.33477931614349776
8.933269500732422; 0.33477931614349776
8.946834087371826; 0.36776250000000005
8.960700035095215; 0.3457737107623319
8.97849726676941; 0.3787568946188341
8.994946479797363; 0.3787568946188341
9.010711193084717; 0.3787568946188341
9.026687860488892; 0.38975128923766816
9.042543172836304; 0.38975128923766816
9.062009572982788; 0.35676810538116593
9.08030915260315; 0.38975128923766816
9.093917608261108; 0.36776250000000005
9.107787847518921; 0.4007456838565023
9.125712394714355; 0.3787568946188341
9.146161079406738; 0.41174007847533634
9.161998748779297; 0.42273447309417045
9.184947490692139; 0.38975128923766816
9.206417560577393; 0.4007456838565023
9.218925714492798; 0.42273447309417045
9.231502532958984; 0.44472326233183856
9.246293544769287; 0.41174007847533634
9.264660120010376; 0.4557176569506727
9.278586387634277; 0.42273447309417045
9.294973134994507; 0.42273447309417045
9.31051516532898; 0.44472326233183856
9.324454545974731; 0.46671205156950674
9.338817119598389; 0.44472326233183856
9.35279107093811; 0.4887008408071749
9.369122982025146; 0.510689630044843
9.38218879699707; 0.47770644618834085
9.40027379989624; 0.46671205156950674
9.414524793624878; 0.5326784192825113
9.429558038711548; 0.5216840246636771
9.45478105545044; 0.4557176569506727
9.47149658203125; 0.44472326233183856
9.488956689834595; 0.47770644618834085
9.505452156066895; 0.4557176569506727
9.519601106643677; 0.42273447309417045
9.534651756286621; 0.44472326233183856
9.548227787017822; 0.4337288677130045
9.562042713165283; 0.41174007847533634
9.579204559326172; 0.41174007847533634
9.5960373878479; 0.38975128923766816
9.618233680725098; 0.38975128923766816
9.633735418319702; 0.3787568946188341
9.647445917129517; 0.41174007847533634
9.666293382644653; 0.3787568946188341
9.679928064346313; 0.4007456838565023
9.69356107711792; 0.36776250000000005
9.711585283279419; 0.4007456838565023
9.730747938156128; 0.35676810538116593
9.746098041534424; 0.36776250000000005
9.763226985931396; 0.3457737107623319
9.775904893875122; 0.3787568946188341
9.789079189300537; 0.35676810538116593
9.80229139328003; 0.36776250000000005
9.815666198730469; 0.36776250000000005
9.831932783126831; 0.36776250000000005
9.846568584442139; 0.36776250000000005
9.859907865524292; 0.3457737107623319
9.880809307098389; 0.33477931614349776
9.898576021194458; 0.33477931614349776
9.913388729095459; 0.3237849215246637
9.92726755142212; 0.35676810538116593
9.943625211715698; 0.35676810538116593
9.957595109939575; 0.3237849215246637
9.975940465927124; 0.35676810538116593
9.993637084960938; 0.3457737107623319
10.010427713394165; 0.33477931614349776
10.025417566299438; 0.36776250000000005
10.040957689285278; 0.36776250000000005
10.058487176895142; 0.35676810538116593
10.076182842254639; 0.3457737107623319
10.08992886543274; 0.3787568946188341
10.103498220443726; 0.3457737107623319
10.117498874664307; 0.36776250000000005
10.135120153427124; 0.3457737107623319
10.151644945144653; 0.35676810538116593
10.172110557556152; 0.36776250000000005
10.19181227684021; 0.4007456838565023
10.207874774932861; 0.4007456838565023
10.226718187332153; 0.36776250000000005
10.24027943611145; 0.41174007847533634
10.258003234863281; 0.4007456838565023
10.274086475372314; 0.4007456838565023
10.291250944137573; 0.4007456838565023
10.30826735496521; 0.38975128923766816
10.324329614639282; 0.42273447309417045
10.344096899032593; 0.4337288677130045
10.366368770599365; 0.46671205156950674
10.37959623336792; 0.42273447309417045
10.392738342285156; 0.46671205156950674
10.405989408493042; 0.4337288677130045
10.419360876083374; 0.4887008408071749
10.438320636749268; 0.44472326233183856
10.45288634300232; 0.510689630044843
10.467807531356812; 0.49969523542600897
10.483827352523804; 0.49969523542600897
10.497470378875732; 0.5216840246636771
10.5115966796875; 0.49969523542600897
10.524783611297607; 0.510689630044843
10.542324304580688; 0.4557176569506727
10.555588722229004; 0.46671205156950674
10.57198190689087; 0.44472326233183856
10.588380813598633; 0.42273447309417045
10.601972341537476; 0.46671205156950674
10.614845991134644; 0.41174007847533634
10.62939715385437; 0.44472326233183856
10.647371530532837; 0.41174007847533634
10.663796663284302; 0.4007456838565023
10.678419828414917; 0.4337288677130045
10.693271398544312; 0.42273447309417045
10.708077669143677; 0.3787568946188341
10.722833633422852; 0.38975128923766816
10.739270448684692; 0.38975128923766816
10.754416465759277; 0.36776250000000005
10.767228841781616; 0.4007456838565023
10.781228303909302; 0.36776250000000005
10.796692371368408; 0.35676810538116593
10.812792778015137; 0.35676810538116593
10.833046913146973; 0.3787568946188341
10.856464385986328; 0.3457737107623319
10.870022535324097; 0.3787568946188341
10.88395094871521; 0.3457737107623319
10.897565841674805; 0.3787568946188341
10.926056623458862; 0.36776250000000005
10.942237138748169; 0.36776250000000005
10.958988666534424; 0.36776250000000005
10.98227310180664; 0.3237849215246637
10.99547553062439; 0.35676810538116593
11.008626461029053; 0.33477931614349776
11.021792650222778; 0.3457737107623319
11.0351083278656; 0.3457737107623319
11.052665948867798; 0.3237849215246637
11.067392349243164; 0.35676810538116593
11.081329345703125; 0.3457737107623319
11.102323770523071; 0.33477931614349776
11.116955995559692; 0.33477931614349776
11.132172346115112; 0.36776250000000005
11.14845871925354; 0.33477931614349776
11.166744470596313; 0.33477931614349776
11.184853792190552; 0.3787568946188341
11.199478149414062; 0.3457737107623319
11.21746039390564; 0.3787568946188341
11.238203048706055; 0.38975128923766816
11.252312660217285; 0.35676810538116593
11.26813793182373; 0.36776250000000005
11.28502631187439; 0.36776250000000005
11.30038332939148; 0.3787568946188341
11.314117193222046; 0.4007456838565023
11.327811241149902; 0.3787568946188341
11.344156503677368; 0.3787568946188341
11.362255334854126; 0.42273447309417045
11.38197660446167; 0.4007456838565023
11.399181365966797; 0.4007456838565023
11.418583869934082; 0.42273447309417045
11.436311960220337; 0.41174007847533634
11.449985265731812; 0.4557176569506727
11.463584661483765; 0.42273447309417045
11.477535009384155; 0.46671205156950674
11.492860555648804; 0.46671205156950674
11.511558771133423; 0.4337288677130045
11.527348041534424; 0.4557176569506727
11.543906211853027; 0.4557176569506727
11.565332412719727; 0.46671205156950674
11.57866096496582; 0.5216840246636771
11.591814994812012; 0.47770644618834085
11.604952573776245; 0.510689630044843
11.618334531784058; 0.46671205156950674
11.636064529418945; 0.44472326233183856
11.650274515151978; 0.4557176569506727
11.66594386100769; 0.46671205156950674
11.68654751777649; 0.46671205156950674
11.702727556228638; 0.46671205156950674
11.718933582305908; 0.44472326233183856
11.736775875091553; 0.4007456838565023
11.75277042388916; 0.4337288677130045
11.768673181533813; 0.42273447309417045
11.783494234085083; 0.4007456838565023
11.801882982254028; 0.41174007847533634
11.818191289901733; 0.4007456838565023
11.834121704101562; 0.4007456838565023
11.851927518844604; 0.36776250000000005
11.868603944778442; 0.35676810538116593
11.882327556610107; 0.38975128923766816
11.896353721618652; 0.36776250000000005
11.910754680633545; 0.35676810538116593
11.929175615310669; 0.3787568946188341
11.950945615768433; 0.36776250000000005
11.969179153442383; 0.36776250000000005
11.985289096832275; 0.36776250000000005
12.001761436462402; 0.35676810538116593
12.025211334228516; 0.33477931614349776
12.039092779159546; 0.35676810538116593
12.052778005599976; 0.3457737107623319
12.066396474838257; 0.3457737107623319
12.080992460250854; 0.35676810538116593
12.098433494567871; 0.3457737107623319
12.114204168319702; 0.35676810538116593
12.134587287902832; 0.35676810538116593
12.159436464309692; 0.3237849215246637
12.17273235321045; 0.35676810538116593
12.185965299606323; 0.33477931614349776
12.198557138442993; 0.35676810538116593
12.211703538894653; 0.35676810538116593
12.230307817459106; 0.35676810538116593
12.245497941970825; 0.3457737107623319
12.26293134689331; 0.33477931614349776
12.280494689941406; 0.3787568946188341
12.298262596130371; 0.3787568946188341
12.31281042098999; 0.3787568946188341
12.329854011535645; 0.4007456838565023
12.344965934753418; 0.38975128923766816
12.360547542572021; 0.36776250000000005
12.375663042068481; 0.36776250000000005
12.39267349243164; 0.36776250000000005
12.407901048660278; 0.3787568946188341
12.42383885383606; 0.3787568946188341
12.44032096862793; 0.3787568946188341
12.458478927612305; 0.42273447309417045
12.479050159454346; 0.4007456838565023
12.492980718612671; 0.42273447309417045
12.506731986999512; 0.44472326233183856
12.52467966079712; 0.4557176569506727
12.539967060089111; 0.46671205156950674
12.559566736221313; 0.42273447309417045
12.57863736152649; 0.4887008408071749
12.594929933547974; 0.4887008408071749
12.61089015007019; 0.49969523542600897
12.629996061325073; 0.4557176569506727
12.643672943115234; 0.5216840246636771
12.657741785049438; 0.49969523542600897
12.671313285827637; 0.510689630044843
12.687293291091919; 0.49969523542600897
12.704945087432861; 0.4557176569506727
12.720592498779297; 0.44472326233183856
12.736948490142822; 0.4337288677130045
12.758490562438965; 0.44472326233183856
12.771106958389282; 0.42273447309417045
12.784292697906494; 0.4557176569506727
12.7968270778656; 0.4007456838565023
12.810032367706299; 0.4337288677130045
12.828402042388916; 0.42273447309417045
12.844868659973145; 0.4007456838565023
12.860615015029907; 0.42273447309417045
12.88100266456604; 0.41174007847533634
12.898260831832886; 0.4007456838565023
12.913605213165283; 0.41174007847533634
12.927174091339111; 0.36776250000000005
12.943445920944214; 0.36776250000000005
12.95771598815918; 0.38975128923766816
12.972524404525757; 0.38975128923766816
12.989352464675903; 0.38975128923766816
13.004945516586304; 0.3787568946188341
13.024995803833008; 0.36776250000000005
13.040215969085693; 0.3457737107623319
13.056883573532104; 0.33477931614349776
13.075740337371826; 0.36776250000000005
13.089560747146606; 0.36776250000000005
13.104443550109863; 0.33477931614349776
13.124185800552368; 0.36776250000000005
13.143011569976807; 0.3237849215246637
13.16070294380188; 0.35676810538116593
13.176095485687256; 0.3457737107623319
13.19211721420288; 0.33477931614349776
13.207751274108887; 0.3237849215246637
13.226869344711304; 0.35676810538116593
13.24050521850586; 0.33477931614349776
13.255495548248291; 0.33477931614349776
13.272416353225708; 0.3237849215246637
13.287891387939453; 0.33477931614349776
13.304661989212036; 0.33477931614349776
13.320510387420654; 0.33477931614349776
13.337215662002563; 0.33477931614349776
13.361819744110107; 0.3787568946188341
13.375062942504883; 0.3457737107623319
13.388222932815552; 0.38975128923766816
13.40140700340271; 0.35676810538116593
13.414642572402954; 0.38975128923766816
13.432899236679077; 0.36776250000000005
13.449082612991333; 0.36776250000000005
13.464840173721313; 0.4007456838565023
13.482117652893066; 0.3787568946188341
13.49963641166687; 0.38975128923766816
13.513530254364014; 0.4007456838565023
13.529713153839111; 0.4007456838565023
13.54475212097168; 0.4337288677130045
13.562675952911377; 0.4007456838565023
13.576277494430542; 0.4337288677130045
13.593878746032715; 0.44472326233183856
13.610060453414917; 0.44472326233183856
13.625414609909058; 0.46671205156950674
13.64279580116272; 0.4337288677130045
13.659544944763184; 0.4337288677130045
13.67503833770752; 0.4557176569506727
13.688705921173096; 0.4887008408071749
13.706419706344604; 0.49969523542600897
13.72143840789795; 0.47770644618834085
13.735785007476807; 0.4887008408071749
13.748875617980957; 0.47770644618834085
13.766857624053955; 0.46671205156950674
13.78467321395874; 0.4887008408071749
13.801988124847412; 0.49969523542600897
13.824055194854736; 0.46671205156950674
13.842976331710815; 0.4337288677130045
13.858099937438965; 0.41174007847533634
13.875312328338623; 0.44472326233183856
13.89176630973816; 0.42273447309417045
13.907799482345581; 0.41174007847533634
13.924260377883911; 0.42273447309417045
13.940023183822632; 0.38975128923766816
13.95630407333374; 0.38975128923766816
13.97757863998413; 0.36776250000000005
13.990317583084106; 0.4007456838565023
14.00357460975647; 0.36776250000000005
14.016167402267456; 0.4007456838565023
14.029353618621826; 0.36776250000000005
14.047863483428955; 0.35676810538116593
14.070875406265259; 0.38975128923766816
14.084638833999634; 0.3457737107623319
14.103532791137695; 0.3787568946188341
14.120702266693115; 0.36776250000000005
14.134282350540161; 0.3457737107623319
14.151812314987183; 0.33477931614349776
14.165668725967407; 0.36776250000000005
14.183286428451538; 0.33477931614349776
14.197186946868896; 0.36776250000000005
14.214945316314697; 0.33477931614349776
14.230615615844727; 0.33477931614349776
14.248609781265259; 0.3237849215246637
14.267182350158691; 0.35676810538116593
14.281920194625854; 0.3237849215246637
14.297427892684937; 0.3237849215246637
14.311940908432007; 0.3457737107623319
14.331000089645386; 0.35676810538116593
14.345616102218628; 0.33477931614349776
14.363674879074097; 0.35676810538116593
14.383763074874878; 0.33477931614349776
14.40001916885376; 0.33477931614349776
14.416040182113647; 0.33477931614349776
14.438407182693481; 0.3457737107623319
14.451988697052002; 0.3787568946188341
14.46643590927124; 0.3787568946188341
14.480892181396484; 0.35676810538116593
14.498404026031494; 0.38975128923766816
14.517968654632568; 0.35676810538116593
14.53354549407959; 0.36776250000000005
14.558411121368408; 0.36776250000000005
14.574267864227295; 0.41174007847533634
14.586800813674927; 0.38975128923766816
14.600052118301392; 0.41174007847533634
14.613331317901611; 0.42273447309417045
14.631723165512085; 0.4337288677130045
14.658095359802246; 0.44472326233183856
14.673711776733398; 0.44472326233183856
14.688124418258667; 0.41174007847533634
14.70260214805603; 0.4557176569506727
14.716182708740234; 0.4337288677130045
14.73089075088501; 0.4337288677130045
14.749178886413574; 0.4557176569506727
14.765992641448975; 0.47770644618834085
14.783153533935547; 0.49969523542600897
14.797977924346924; 0.46671205156950674
14.81595778465271; 0.510689630044843
14.835505962371826; 0.47770644618834085
14.85283899307251; 0.49969523542600897
14.869719743728638; 0.49969523542600897
14.889224290847778; 0.44472326233183856
14.903579711914062; 0.47770644618834085
14.91806936264038; 0.44472326233183856
14.932885885238647; 0.42273447309417045
14.947394609451294; 0.44472326233183856
14.965010166168213; 0.4007456838565023
14.982892274856567; 0.4007456838565023
14.999072074890137; 0.4007456838565023
15.020031213760376; 0.38975128923766816
15.039740324020386; 0.42273447309417045
15.059937477111816; 0.4007456838565023
15.074779748916626; 0.3787568946188341
15.089309215545654; 0.4007456838565023
15.103578567504883; 0.38975128923766816
15.120563507080078; 0.38975128923766816
15.139217615127563; 0.35676810538116593
15.154746055603027; 0.36776250000000005
15.170521020889282; 0.3787568946188341
15.189104080200195; 0.3457737107623319
15.202207565307617; 0.3787568946188341
15.215351104736328; 0.3457737107623319
15.229102611541748; 0.33477931614349776
15.251253128051758; 0.3457737107623319
15.279677629470825; 0.33477931614349776
15.293227910995483; 0.36776250000000005
15.309005498886108; 0.35676810538116593
15.322847127914429; 0.33477931614349776
15.339251041412354; 0.33477931614349776
15.354357242584229; 0.33477931614349776
15.371385097503662; 0.3237849215246637
15.385966300964355; 0.35676810538116593
15.402780294418335; 0.33477931614349776
15.41699481010437; 0.35676810538116593
15.43564486503601; 0.33477931614349776
15.452255964279175; 0.33477931614349776
15.4688880443573; 0.33477931614349776
15.482201337814331; 0.36776250000000005
15.497268676757812; 0.35676810538116593
15.515000820159912; 0.3787568946188341
15.529550313949585; 0.36776250000000005
15.543549537658691; 0.3457737107623319
15.557573080062866; 0.38975128923766816
15.572702884674072; 0.36776250000000005
15.589637517929077; 0.38975128923766816
15.607926368713379; 0.36776250000000005
15.6242036819458; 0.4007456838565023
15.641066789627075; 0.38975128923766816
15.659704446792603; 0.3787568946188341
15.67943286895752; 0.38975128923766816
15.693382263183594; 0.42273447309417045
15.707204341888428; 0.38975128923766816
15.721389532089233; 0.4337288677130045
15.740934133529663; 0.42273447309417045
15.760515689849854; 0.44472326233183856
15.77684235572815; 0.4337288677130045
15.797025680541992; 0.4557176569506727
15.810231924057007; 0.42273447309417045
15.822779893875122; 0.46671205156950674
15.836007118225098; 0.4337288677130045
15.84934401512146; 0.4557176569506727
15.867751836776733; 0.4887008408071749
15.89396071434021; 0.49969523542600897
15.907564640045166; 0.4557176569506727
15.928519487380981; 0.4887008408071749
15.946346521377563; 0.4887008408071749
15.961228847503662; 0.4557176569506727
15.978392839431763; 0.44472326233183856
15.991906642913818; 0.47770644618834085
16.008918285369873; 0.4337288677130045
16.023720741271973; 0.46671205156950674
16.037393808364868; 0.4007456838565023
16.053393840789795; 0.41174007847533634
16.06855344772339; 0.4007456838565023
16.08571720123291; 0.4007456838565023
16.101024866104126; 0.3787568946188341
16.11835026741028; 0.3787568946188341
16.132124185562134; 0.41174007847533634
16.146899461746216; 0.38975128923766816
16.16074228286743; 0.36776250000000005
16.18121099472046; 0.36776250000000005
16.19976305961609; 0.3787568946188341
16.21746587753296; 0.38975128923766816
16.236491441726685; 0.35676810538116593
16.252963066101074; 0.30179613228699553
16.27234935760498; 0.36776250000000005
16.28774929046631; 0.3457737107623319
16.30171012878418; 0.3457737107623319
16.317479610443115; 0.35676810538116593
16.33411431312561; 0.3457737107623319
16.35430884361267; 0.36776250000000005
16.37119460105896; 0.36776250000000005
16.390212297439575; 0.33477931614349776
16.412549018859863; 0.33477931614349776
16.425772190093994; 0.3457737107623319
16.43841814994812; 0.3237849215246637
16.451912879943848; 0.35676810538116593
16.465335369110107; 0.3237849215246637
16.494130611419678; 0.3457737107623319
16.513817071914673; 0.33477931614349776
16.52834939956665; 0.36776250000000005
16.541449308395386; 0.33477931614349776
16.556533098220825; 0.33477931614349776
16.570967197418213; 0.36776250000000005
16.58812975883484; 0.36776250000000005
16.60259222984314; 0.3787568946188341
16.61954140663147; 0.3787568946188341
16.63348150253296; 0.3457737107623319
16.651556491851807; 0.38975128923766816
16.66847038269043; 0.3787568946188341
16.6856586933136; 0.35676810538116593
16.704642295837402; 0.4007456838565023
16.723774433135986; 0.36776250000000005
16.742759227752686; 0.4007456838565023
16.757312774658203; 0.3787568946188341
16.77125096321106; 0.41174007847533634
16.78782320022583; 0.42273447309417045
16.803956031799316; 0.42273447309417045
16.822261810302734; 0.4007456838565023
16.842555284500122; 0.4337288677130045
16.86988377571106; 0.44472326233183856
16.88566827774048; 0.46671205156950674
16.90302562713623; 0.42273447309417045
16.91674494743347; 0.47770644618834085
16.93100929260254; 0.4337288677130045
16.944117784500122; 0.47770644618834085
16.96079397201538; 0.4887008408071749
16.977494955062866; 0.510689630044843
16.993510484695435; 0.510689630044843
17.010243892669678; 0.5216840246636771
17.032269716262817; 0.5216840246636771
17.048235177993774; 0.5216840246636771
17.062293529510498; 0.5216840246636771
17.07479977607727; 0.5216840246636771
17.08798885345459; 0.5216840246636771
17.106327533721924; 0.5216840246636771
17.129388570785522; 0.5216840246636771
17.142593383789062; 0.510689630044843
17.15974259376526; 0.510689630044843
17.17571258544922; 0.510689630044843
17.195770025253296; 0.510689630044843
17.20939564704895; 0.510689630044843
17.225800037384033; 0.510689630044843
17.24401354789734; 0.510689630044843
17.259697675704956; 0.510689630044843
17.2734432220459; 0.510689630044843
17.289376735687256; 0.510689630044843
17.305431365966797; 0.510689630044843
17.320602893829346; 0.510689630044843
17.336158990859985; 0.510689630044843
17.35118579864502; 0.510689630044843
17.3685622215271; 0.510689630044843
17.382224082946777; 0.510689630044843
17.396419048309326; 0.510689630044843
17.41128158569336; 0.510689630044843
17.42944073677063; 0.510689630044843
17.44570016860962; 0.510689630044843
17.464915990829468; 0.510689630044843
17.48177409172058; 0.510689630044843
17.500378131866455; 0.510689630044843
17.519330501556396; 0.510689630044843
17.532567024230957; 0.510689630044843
17.54586625099182; 0.510689630044843
17.559458255767822; 0.510689630044843
17.57626438140869; 0.510689630044843
17.591944694519043; 0.510689630044843
17.609309673309326; 0.510689630044843
17.627699375152588; 0.510689630044843
17.64812397956848; 0.49969523542600897
17.66947650909424; 0.49969523542600897
17.682740449905396; 0.510689630044843
17.69594168663025; 0.510689630044843
17.709180116653442; 0.510689630044843
17.727378129959106; 0.510689630044843
17.749566555023193; 0.510689630044843
17.76368808746338; 0.510689630044843
17.7794930934906; 0.49969523542600897
17.797708749771118; 0.510689630044843
17.81250238418579; 0.510689630044843
17.831101417541504; 0.49969523542600897
17.84459137916565; 0.49969523542600897
17.863455772399902; 0.49969523542600897
17.880520582199097; 0.510689630044843
17.89840865135193; 0.49969523542600897
17.91757583618164; 0.510689630044843
17.937658309936523; 0.510689630044843
17.955177307128906; 0.510689630044843
17.97199535369873; 0.510689630044843
17.985955238342285; 0.510689630044843
17.999266862869263; 0.510689630044843
18.014427423477173; 0.510689630044843
18.028610229492188; 0.4887008408071749
18.047427892684937; 0.44472326233183856
18.065073013305664; 0.4337288677130045
18.08062243461609; 0.4337288677130045
18.096665382385254; 0.42273447309417045
18.12105631828308; 0.44472326233183856
18.140058517456055; 0.4007456838565023
18.15363335609436; 0.4337288677130045
18.1676983833313; 0.41174007847533634
18.185871362686157; 0.42273447309417045
18.20209789276123; 0.41174007847533634
18.221885919570923; 0.4007456838565023
18.234551191329956; 0.4007456838565023
18.247074365615845; 0.36776250000000005
18.26091432571411; 0.35676810538116593
18.28449535369873; 0.38975128923766816
18.29795002937317; 0.35676810538116593
18.31781578063965; 0.38975128923766816
18.340681552886963; 0.3787568946188341
18.35645842552185; 0.3787568946188341
18.3742573261261; 0.3457737107623319
18.393872022628784; 0.36776250000000005
18.407346487045288; 0.3457737107623319
18.427382230758667; 0.36776250000000005
18.440306425094604; 0.33477931614349776
18.45993709564209; 0.36776250000000005
18.47490620613098; 0.35676810538116593
18.49338459968567; 0.35676810538116593
18.510942220687866; 0.3237849215246637
18.53839898109436; 0.3237849215246637
18.555225133895874; 0.33477931614349776
18.577155590057373; 0.3237849215246637
18.593841791152954; 0.3237849215246637
18.607189416885376; 0.35676810538116593
18.62545871734619; 0.33477931614349776
18.64289093017578; 0.3237849215246637
18.66184163093567; 0.36776250000000005
18.677002906799316; 0.36776250000000005
18.69052290916443; 0.36776250000000005
18.710136651992798; 0.36776250000000005
18.725606679916382; 0.3457737107623319
18.742321014404297; 0.36776250000000005
18.760673761367798; 0.3457737107623319
18.780153274536133; 0.38975128923766816
18.797666311264038; 0.35676810538116593
18.8217351436615; 0.38975128923766816
18.834916830062866; 0.3787568946188341
18.848035097122192; 0.38975128923766816
18.861207246780396; 0.4007456838565023
18.874767541885376; 0.41174007847533634
18.892870903015137; 0.3787568946188341
18.916674852371216; 0.42273447309417045
18.93425440788269; 0.4337288677130045
18.950369834899902; 0.4337288677130045
18.964893579483032; 0.41174007847533634
18.97842264175415; 0.4557176569506727
18.993114948272705; 0.4557176569506727
19.011387825012207; 0.4557176569506727
19.02681589126587; 0.46671205156950674
19.043336868286133; 0.47770644618834085
19.057427883148193; 0.44472326233183856
19.075435161590576; 0.49969523542600897
19.09349489212036; 0.46671205156950674
19.112950086593628; 0.510689630044843
19.13227152824402; 0.46671205156950674
19.150492906570435; 0.47770644618834085
19.167600870132446; 0.4887008408071749
19.185153245925903; 0.4337288677130045
19.20343804359436; 0.42273447309417045
19.225258588790894; 0.41174007847533634
19.254667043685913; 0.41174007847533634
19.295804262161255; 0.42273447309417045
19.32144021987915; 0.41174007847533634
19.338099002838135; 0.41174007847533634
19.35258388519287; 0.36776250000000005
19.367582321166992; 0.3787568946188341
19.385618925094604; 0.35676810538116593
19.401817083358765; 0.35676810538116593
19.421635627746582; 0.3787568946188341
19.442975759506226; 0.38975128923766816
19.45544934272766; 0.3457737107623319
19.468639612197876; 0.3787568946188341
19.481870651245117; 0.3457737107623319
19.500382661819458; 0.3457737107623319
19.527272701263428; 0.33477931614349776
19.546661376953125; 0.3457737107623319
19.560797929763794; 0.35676810538116593
19.57513451576233; 0.33477931614349776
19.5888888835907; 0.36776250000000005
19.60394024848938; 0.3457737107623319
19.617557287216187; 0.3457737107623319
19.631947994232178; 0.35676810538116593
19.650486707687378; 0.3237849215246637
19.66368818283081; 0.33477931614349776
19.677350282669067; 0.3457737107623319
19.6945219039917; 0.3237849215246637
19.71878433227539; 0.35676810538116593
19.73454236984253; 0.35676810538116593
19.753045558929443; 0.3457737107623319
19.771548748016357; 0.3457737107623319
19.790059566497803; 0.36776250000000005
19.804543495178223; 0.35676810538116593
19.82274293899536; 0.3787568946188341
19.84208917617798; 0.3457737107623319
19.85850501060486; 0.38975128923766816
19.87668514251709; 0.38975128923766816
19.892972707748413; 0.38975128923766816
19.907522678375244; 0.36776250000000005
19.921839237213135; 0.3787568946188341
19.939435482025146; 0.36776250000000005
19.956042766571045; 0.3787568946188341
19.976924180984497; 0.38975128923766816
19.998538494110107; 0.38975128923766816
20.01175808906555; 0.42273447309417045
20.024885892868042; 0.4007456838565023
20.03808045387268; 0.42273447309417045
20.051113843917847; 0.44472326233183856
20.069169998168945; 0.42273447309417045
20.097038507461548; 0.42273447309417045
20.11132025718689; 0.46671205156950674
20.1290762424469; 0.4337288677130045
20.143455505371094; 0.47770644618834085
20.156627893447876; 0.44472326233183856
20.174487829208374; 0.47770644618834085
20.18984031677246; 0.4557176569506727
20.205663442611694; 0.46671205156950674
20.21989870071411; 0.510689630044843
20.236889600753784; 0.4557176569506727
20.250400066375732; 0.47770644618834085
20.268024444580078; 0.46671205156950674
20.282222032546997; 0.47770644618834085
20.30260443687439; 0.42273447309417045
20.319097995758057; 0.4337288677130045
20.332494974136353; 0.42273447309417045
20.346325874328613; 0.4337288677130045
20.36296319961548; 0.4337288677130045
20.379318952560425; 0.42273447309417045
20.395415782928467; 0.42273447309417045
20.41103768348694; 0.42273447309417045
20.42616319656372; 0.4007456838565023
20.444158792495728; 0.4007456838565023
20.46090602874756; 0.3787568946188341
20.478484869003296; 0.35676810538116593
20.49513602256775; 0.35676810538116593
20.5113422870636; 0.35676810538116593
20.53524613380432; 0.3787568946188341
20.54951310157776; 0.36776250000000005
20.562631368637085; 0.35676810538116593
20.57595133781433; 0.3787568946188341
20.59041476249695; 0.3457737107623319
20.608712911605835; 0.3457737107623319
20.633333206176758; 0.3457737107623319
20.647001028060913; 0.35676810538116593
20.664409399032593; 0.36776250000000005
20.68158984184265; 0.33477931614349776
20.69532585144043; 0.3457737107623319
20.712998390197754; 0.35676810538116593
20.729617595672607; 0.3457737107623319
20.744592666625977; 0.35676810538116593
20.75890803337097; 0.3237849215246637
20.7767117023468; 0.35676810538116593
20.792881727218628; 0.35676810538116593
20.81389594078064; 0.35676810538116593
20.833710432052612; 0.33477931614349776
20.85054659843445; 0.33477931614349776
20.86417317390442; 0.36776250000000005
20.877768516540527; 0.35676810538116593
20.892791271209717; 0.3457737107623319
20.909571647644043; 0.33477931614349776
20.927978038787842; 0.3787568946188341
20.943439483642578; 0.38975128923766816
20.961509704589844; 0.3787568946188341
20.978668212890625; 0.36776250000000005
20.99740433692932; 0.4007456838565023
21.0161452293396; 0.36776250000000005
21.029728651046753; 0.41174007847533634
21.0445818901062; 0.38975128923766816
21.061098098754883; 0.4007456838565023
21.07654857635498; 0.3787568946188341
21.094472408294678; 0.42273447309417045
21.112085342407227; 0.4337288677130045
21.134584188461304; 0.41174007847533634
21.147229194641113; 0.44472326233183856
21.15992760658264; 0.4557176569506727
21.17248558998108; 0.42273447309417045
21.185760974884033; 0.46671205156950674
21.203887939453125; 0.46671205156950674
21.230339288711548; 0.4887008408071749
21.243607759475708; 0.4557176569506727
21.258017778396606; 0.46671205156950674
21.27198600769043; 0.510689630044843
21.287601947784424; 0.5216840246636771
21.304199934005737; 0.49969523542600897
21.317627429962158; 0.4557176569506727
21.33366107940674; 0.44472326233183856
21.347394704818726; 0.47770644618834085
21.362446069717407; 0.4337288677130045
21.380253791809082; 0.46671205156950674
21.402164697647095; 0.4557176569506727
21.417215824127197; 0.4337288677130045
21.43836522102356; 0.4337288677130045
21.456721782684326; 0.41174007847533634
21.47611927986145; 0.41174007847533634
21.489607334136963; 0.38975128923766816
21.50332236289978; 0.41174007847533634
21.522756099700928; 0.36776250000000005
21.546671628952026; 0.38975128923766816
21.562368154525757; 0.38975128923766816
21.582003116607666; 0.35676810538116593
21.597958087921143; 0.3457737107623319
21.616587162017822; 0.3787568946188341
21.631067991256714; 0.3457737107623319
21.644333839416504; 0.36776250000000005
21.66033101081848; 0.3787568946188341
21.679527759552002; 0.33477931614349776
21.700150728225708; 0.3457737107623319
21.71682572364807; 0.33477931614349776
21.737818956375122; 0.3237849215246637
21.751957893371582; 0.35676810538116593
21.765392303466797; 0.3237849215246637
21.7786545753479; 0.35676810538116593
21.79191303253174; 0.3237849215246637
21.805193662643433; 0.3457737107623319
21.834008932113647; 0.35676810538116593
21.851438283920288; 0.3237849215246637
21.865822792053223; 0.35676810538116593
21.880237340927124; 0.3457737107623319
21.897363662719727; 0.35676810538116593
21.9125075340271; 0.3457737107623319
21.92938780784607; 0.36776250000000005
21.943211317062378; 0.33477931614349776
21.96052622795105; 0.33477931614349776
21.975116729736328; 0.3457737107623319
21.99398922920227; 0.3787568946188341
22.011810541152954; 0.3787568946188341
22.026339530944824; 0.3787568946188341
22.044194221496582; 0.3787568946188341
22.062866687774658; 0.36776250000000005
22.076756954193115; 0.38975128923766816
22.090402364730835; 0.4007456838565023
22.104005336761475; 0.3787568946188341
22.11804461479187; 0.41174007847533634
22.134786367416382; 0.42273447309417045
22.153257846832275; 0.38975128923766816
22.170260429382324; 0.38975128923766816
22.187305212020874; 0.42273447309417045
22.20969319343567; 0.44472326233183856
22.22862672805786; 0.41174007847533634
22.24229860305786; 0.4557176569506727
22.25691795349121; 0.4337288677130045
22.271536350250244; 0.4337288677130045
22.28487205505371; 0.47770644618834085
22.303078651428223; 0.4557176569506727
22.321131944656372; 0.4557176569506727
22.33790159225464; 0.4887008408071749
22.353262186050415; 0.46671205156950674
22.37270188331604; 0.510689630044843
22.385281562805176; 0.4557176569506727
22.39842391014099; 0.4887008408071749
22.41091752052307; 0.44472326233183856
22.424285888671875; 0.46671205156950674
22.442500114440918; 0.46671205156950674
22.466676235198975; 0.41174007847533634
22.483543395996094; 0.42273447309417045
22.502865076065063; 0.41174007847533634
22.51987624168396; 0.4007456838565023
22.534817934036255; 0.41174007847533634
22.55274796485901; 0.3787568946188341
22.56984806060791; 0.38975128923766816
22.587018489837646; 0.41174007847533634
22.60163402557373; 0.36776250000000005
22.61955213546753; 0.4007456838565023
22.63843059539795; 0.35676810538116593
22.65284037590027; 0.38975128923766816
22.670134782791138; 0.35676810538116593
22.688510417938232; 0.36776250000000005
22.702179670333862; 0.35676810538116593
22.716013193130493; 0.3787568946188341
22.72962260246277; 0.3457737107623319
22.7431161403656; 0.36776250000000005
22.761793613433838; 0.33477931614349776
22.78105664253235; 0.36776250000000005
22.804018020629883; 0.35676810538116593
22.8204402923584; 0.33477931614349776
22.844428539276123; 0.3457737107623319
22.858654260635376; 0.3237849215246637
22.878284215927124; 0.35676810538116593
22.894019603729248; 0.3457737107623319
22.910961866378784; 0.35676810538116593
22.927271842956543; 0.35676810538116593
22.944798231124878; 0.33477931614349776
22.968467235565186; 0.35676810538116593
22.9817898273468; 0.33477931614349776
22.995078325271606; 0.35676810538116593
23.007622241973877; 0.36776250000000005
23.020724773406982; 0.33477931614349776
23.039089679718018; 0.36776250000000005
23.066738843917847; 0.3787568946188341
23.08044409751892; 0.3457737107623319
23.101444244384766; 0.35676810538116593
23.119053602218628; 0.36776250000000005
23.13388752937317; 0.36776250000000005
23.14945387840271; 0.36776250000000005
23.163925170898438; 0.4007456838565023
23.182167530059814; 0.36776250000000005
23.195977210998535; 0.41174007847533634
23.213746547698975; 0.4007456838565023
23.231314420700073; 0.38975128923766816
23.249430656433105; 0.4337288677130045
23.268397092819214; 0.4007456838565023
23.288814067840576; 0.4337288677130045
23.30450701713562; 0.4557176569506727
23.32421064376831; 0.44472326233183856
23.337871551513672; 0.4337288677130045
23.35517692565918; 0.4337288677130045
23.37215805053711; 0.44472326233183856
23.389368295669556; 0.4887008408071749
23.40657353401184; 0.49969523542600897
23.42315912246704; 0.510689630044843
23.439064502716064; 0.5216840246636771
23.4558527469635; 0.510689630044843
23.473883390426636; 0.4557176569506727
23.488269329071045; 0.4887008408071749
23.50516939163208; 0.4557176569506727
23.52240514755249; 0.42273447309417045
23.53990936279297; 0.42273447309417045
23.556707859039307; 0.44472326233183856
23.581321716308594; 0.4007456838565023
23.593880653381348; 0.41174007847533634
23.60661268234253; 0.42273447309417045
23.619786262512207; 0.38975128923766816
23.633092641830444; 0.42273447309417045
23.65137815475464; 0.3787568946188341
23.682134866714478; 0.4007456838565023
23.6980459690094; 0.38975128923766816
23.71580481529236; 0.36776250000000005
23.733959913253784; 0.3457737107623319
23.747640132904053; 0.3787568946188341
23.766414165496826; 0.3457737107623319
23.784016609191895; 0.3787568946188341
23.799046993255615; 0.3457737107623319
23.812283277511597; 0.36776250000000005
23.829829454421997; 0.33477931614349776
23.847362279891968; 0.3457737107623319
23.86530065536499; 0.36776250000000005
23.883400440216064; 0.33477931614349776
23.89758825302124; 0.35676810538116593
23.913819551467896; 0.35676810538116593
23.9283185005188; 0.33477931614349776
23.945162296295166; 0.3457737107623319
23.96520709991455; 0.3237849215246637
23.98173236846924; 0.3237849215246637
24.00076127052307; 0.35676810538116593
24.01513957977295; 0.35676810538116593
24.035048961639404; 0.3237849215246637
24.048686981201172; 0.35676810538116593
24.063618659973145; 0.35676810538116593
24.078523874282837; 0.3237849215246637
24.096323251724243; 0.36776250000000005
24.1156063079834; 0.3457737107623319
24.13055992126465; 0.3457737107623319
24.15082311630249; 0.3787568946188341
24.164040327072144; 0.3457737107623319
24.1772620677948; 0.38975128923766816
24.18982744216919; 0.35676810538116593
24.203041315078735; 0.36776250000000005
