0.005712747573852539; -0.7232102739726025
0.02513408660888672; -0.7232102739726025
0.04168248176574707; -0.7008198630136985
0.057913780212402344; -0.6896246575342464
0.07248044013977051; -0.7120150684931504
0.09539151191711426; -0.6784294520547943
0.11291337013244629; -0.7120150684931504
0.1310586929321289; -0.7120150684931504
0.14638614654541016; -0.7120150684931504
0.16283464431762695; -0.7008198630136985
0.18092632293701172; -0.6896246575342464
0.19934606552124023; -0.7120150684931504
0.22275996208190918; -0.6896246575342464
0.24459624290466309; -0.6784294520547943
0.26223134994506836; -0.6896246575342464
0.2853505611419678; -0.6896246575342464
0.3083465099334717; -0.6896246575342464
0.32112932205200195; -0.7008198630136985
0.3365485668182373; -0.6896246575342464
0.3521740436553955; -0.6896246575342464
0.37122011184692383; -0.6896246575342464
0.3861520290374756; -0.7232102739726025
0.4024348258972168; -0.7120150684931504
0.4156947135925293; -0.6896246575342464
0.42969512939453125; -0.7120150684931504
0.44319939613342285; -0.6896246575342464
0.4567220211029053; -0.7120150684931504
0.471160888671875; -0.7008198630136985
0.4837803840637207; -0.7120150684931504
0.4969053268432617; -0.7008198630136985
0.5129122734069824; -0.7120150684931504
0.5284645557403564; -0.7232102739726025
0.5433981418609619; -0.6896246575342464
0.5630133152008057; -0.7008198630136985
0.5764527320861816; -0.6784294520547943
0.5948243141174316; -0.6896246575342464
0.6094202995300293; -0.7120150684931504
0.627206563949585; -0.7008198630136985
0.6431100368499756; -0.7120150684931504
0.6600310802459717; -0.7232102739726025
0.6817495822906494; -0.7232102739726025
0.7000133991241455; -0.6896246575342464
0.7186734676361084; -0.6896246575342464
0.7351422309875488; -0.6784294520547943
0.7538232803344727; -0.7120150684931504
0.774066686630249; -0.7008198630136985
0.7921161651611328; -0.7120150684931504
0.8148765563964844; -0.7120150684931504
0.8346385955810547; -0.6896246575342464
0.8502340316772461; -0.7232102739726025
0.8695905208587646; -0.7008198630136985
0.89312744140625; -0.7232102739726025
0.9197924137115479; -0.7120150684931504
0.9437720775604248; -0.7120150684931504
0.9585926532745361; -0.6896246575342464
0.9786396026611328; -0.7120150684931504
0.9956536293029785; -0.6896246575342464
1.0155689716339111; -0.7232102739726025
1.0368428230285645; -0.7120150684931504
1.0595991611480713; -0.7232102739726025
1.0751242637634277; -0.7232102739726025
1.088390827178955; -0.6896246575342464
1.1019179821014404; -0.7232102739726025
1.1153099536895752; -0.6896246575342464
1.130495309829712; -0.7120150684931504
1.1451618671417236; -0.7120150684931504
1.1603889465332031; -0.6896246575342464
1.1808617115020752; -0.7120150684931504
1.20070481300354; -0.6896246575342464
1.218437910079956; -0.6896246575342464
1.2339866161346436; -0.6896246575342464
1.2585399150848389; -0.7008198630136985
1.2785959243774414; -0.6896246575342464
1.292992353439331; -0.6896246575342464
1.309861183166504; -0.7120150684931504
1.3266661167144775; -0.7120150684931504
1.3535819053649902; -0.7232102739726025
1.3808038234710693; -0.7232102739726025
1.402331829071045; -0.7120150684931504
1.417585849761963; -0.7120150684931504
1.4474081993103027; -0.7120150684931504
1.4721300601959229; -0.6896246575342464
1.4980764389038086; -0.6896246575342464
1.5208454132080078; -0.6896246575342464
1.538346767425537; -0.6896246575342464
1.554595708847046; -0.7008198630136985
1.5765244960784912; -0.7120150684931504
1.600379228591919; -0.7120150684931504
1.6299891471862793; -0.6896246575342464
1.6428108215332031; -0.7120150684931504
1.655817985534668; -0.6896246575342464
1.669283390045166; -0.7120150684931504
1.6857666969299316; -0.7120150684931504
1.7039668560028076; -0.7008198630136985
1.7188599109649658; -0.7232102739726025
1.7373535633087158; -0.6784294520547943
1.7530508041381836; -0.6896246575342464
1.7737350463867188; -0.6896246575342464
1.7934472560882568; -0.7120150684931504
1.8128340244293213; -0.7120150684931504
1.83115816116333; -0.7232102739726025
1.8524870872497559; -0.7232102739726025
1.8769373893737793; -0.6896246575342464
1.9041011333465576; -0.7232102739726025
1.919464349746704; -0.7008198630136985
1.933659315109253; -0.7008198630136985
1.9514808654785156; -0.6896246575342464
1.9703919887542725; -0.7232102739726025
1.9935431480407715; -0.7232102739726025
2.011718511581421; -0.7232102739726025
2.0319972038269043; -0.6896246575342464
2.0589118003845215; -0.6896246575342464
2.0880002975463867; -0.6896246575342464
2.115961790084839; -0.7008198630136985
2.134854555130005; -0.6896246575342464
2.1520133018493652; -0.7008198630136985
2.1672637462615967; -0.6896246575342464
2.1862382888793945; -0.7232102739726025
2.208287239074707; -0.7120150684931504
2.2350986003875732; -0.7008198630136985
2.2534730434417725; -0.6896246575342464
2.2671544551849365; -0.7232102739726025
2.2806122303009033; -0.6896246575342464
2.2966411113739014; -0.6896246575342464
2.311298370361328; -0.7232102739726025
2.334073781967163; -0.7120150684931504
2.3514857292175293; -0.7232102739726025
2.3676259517669678; -0.6896246575342464
2.3872039318084717; -0.7232102739726025
2.402980089187622; -0.7120150684931504
2.430729866027832; -0.6896246575342464
2.4533941745758057; -0.6896246575342464
2.467494010925293; -0.7120150684931504
2.4851691722869873; -0.7008198630136985
2.502448320388794; -0.7008198630136985
2.528428554534912; -0.6896246575342464
2.5470354557037354; -0.7120150684931504
2.5657026767730713; -0.6896246575342464
2.586836576461792; -0.7232102739726025
2.608506202697754; -0.7008198630136985
2.629521131515503; -0.7232102739726025
2.653078556060791; -0.6896246575342464
2.6722843647003174; -0.7008198630136985
2.69785213470459; -0.7120150684931504
2.7222466468811035; -0.6784294520547943
2.7389140129089355; -0.7008198630136985
2.7610607147216797; -0.6896246575342464
2.7965710163116455; -0.7008198630136985
2.814805030822754; -0.7008198630136985
2.82786226272583; -0.7120150684931504
2.8407037258148193; -0.6896246575342464
2.8541250228881836; -0.6784294520547943
2.86877703666687; -0.6896246575342464
2.88864803314209; -0.7120150684931504
2.906381368637085; -0.7120150684931504
2.9214260578155518; -0.7008198630136985
2.941582441329956; -0.7120150684931504
2.9590702056884766; -0.6784294520547943
2.9809744358062744; -0.6896246575342464
2.9961042404174805; -0.7008198630136985
3.014152765274048; -0.7008198630136985
3.0427825450897217; -0.6672342465753422
3.0576658248901367; -0.6672342465753422
3.072270631790161; -0.6896246575342464
3.094317674636841; -0.7008198630136985
3.110447645187378; -0.7120150684931504
3.1343510150909424; -0.6784294520547943
3.1532399654388428; -0.6896246575342464
3.1710383892059326; -0.6672342465753422
3.192714214324951; -0.6672342465753422
3.2133424282073975; -0.7008198630136985
3.2406225204467773; -0.6896246575342464
3.2587058544158936; -0.6672342465753422
3.273881196975708; -0.6784294520547943
3.2936508655548096; -0.6560390410958902
3.313037872314453; -0.6896246575342464
3.33738112449646; -0.6560390410958902
3.3555963039398193; -0.6784294520547943
3.4140477180480957; -0.6672342465753422
3.4267330169677734; -0.6448438356164382
3.439988613128662; -0.6784294520547943
3.4533956050872803; -0.6336486301369861
3.4752495288848877; -0.6672342465753422
3.4948782920837402; -0.6336486301369861
3.511079788208008; -0.6336486301369861
3.5256216526031494; -0.6560390410958902
3.5459089279174805; -0.6336486301369861
3.564495086669922; -0.6448438356164382
3.5851283073425293; -0.6336486301369861
3.6011147499084473; -0.6224534246575341
3.6263840198516846; -0.6224534246575341
3.646148443222046; -0.588867808219178
3.6658823490142822; -0.6336486301369861
3.685920238494873; -0.5776726027397259
3.7069668769836426; -0.5776726027397259
3.7241082191467285; -0.5664773972602738
3.742896795272827; -0.5664773972602738
3.7656023502349854; -0.5552821917808217
3.7819743156433105; -0.5440869863013696
3.7998037338256836; -0.5664773972602738
3.8159000873565674; -0.5552821917808217
3.838972568511963; -0.5664773972602738
3.8624911308288574; -0.5105013698630135
3.879227638244629; -0.5216965753424656
3.9041082859039307; -0.48811095890410944
3.924452781677246; -0.5216965753424656
3.9436278343200684; -0.47691575342465736
3.9600846767425537; -0.47691575342465736
3.979729175567627; -0.48811095890410944
4.0014331340789795; -0.46572054794520534
4.040470361709595; -0.47691575342465736
4.054516553878784; -0.4209397260273971
4.067117929458618; -0.47691575342465736
4.08265233039856; -0.46572054794520534
4.100407361984253; -0.46572054794520534
4.118005275726318; -0.4321349315068492
4.135362863540649; -0.38735410958904093
4.1511406898498535; -0.398549315068493
4.170661687850952; -0.4321349315068492
4.188905477523804; -0.3761589041095889
4.207195997238159; -0.4209397260273971
4.223434925079346; -0.4097445205479451
4.239139080047607; -0.38735410958904093
4.2578651905059814; -0.38735410958904093
4.273188352584839; -0.38735410958904093
4.298306465148926; -0.30898767123287657
4.318202018737793; -0.34257328767123274
4.336624383926392; -0.33137808219178067
4.350268125534058; -0.2865972602739725
4.370716571807861; -0.2754020547945204
4.395658254623413; -0.34257328767123274
4.4148032665252686; -0.33137808219178067
4.429012060165405; -0.24181643835616426
4.453537225723267; -0.29779246575342455
4.48099422454834; -0.2865972602739725
4.50376033782959; -0.2754020547945204
4.520417213439941; -0.2642068493150684
4.551697492599487; -0.24181643835616426
4.570609092712402; -0.2306212328767122
4.585849285125732; -0.2530116438356163
4.608679533004761; -0.20823082191780812
4.627151250839233; -0.15225479452054785
4.650784015655518; -0.1410595890410958
4.6804282665252686; -0.12986438356164373
4.701160669326782; -0.1186691780821917
4.713977575302124; -0.185840410958904
4.727440595626831; -0.15225479452054785
4.74071478843689; -0.10747397260273964
4.7554240226745605; -0.09627876712328759
4.776410341262817; -0.08508356164383553
4.795176029205322; -0.15225479452054785
4.815515041351318; -0.07388835616438348
4.833690643310547; -0.12986438356164373
4.855831861495972; -0.12986438356164373
4.869603395462036; -0.06269315068493143
4.886101245880127; -0.05149794520547938
4.899706602096558; -0.15225479452054785
4.91634464263916; -0.10747397260273964
4.930954456329346; -0.040302739726027326
4.945295810699463; -0.01791232876712322
4.9598071575164795; -0.09627876712328759
4.974219560623169; -0.0067171232876711675
4.992335081100464; -0.08508356164383553
5.005714416503906; 0.004478082191780885
5.021150588989258; -0.0067171232876711675
5.0371081829071045; -0.0067171232876711675
5.054438829421997; 0.004478082191780885
5.068814992904663; -0.05149794520547938
5.082707405090332; 0.01567328767123294
5.101187229156494; 0.02686849315068499
5.120291709899902; 0.02686849315068499
5.136280298233032; 0.03806369863013704
5.152089357376099; -0.0067171232876711675
5.175074577331543; 0.049258904109589094
5.194117307662964; 0.03806369863013704
5.213238716125488; 0.06045410958904115
5.2271342277526855; -0.01791232876712322
5.243942499160767; -0.0067171232876711675
5.261661767959595; 0.004478082191780885
5.284421443939209; 0.004478082191780885
5.304576873779297; 0.06045410958904115
5.324918746948242; 0.09403972602739731
5.345107316970825; 0.10523493150684936
5.3579936027526855; 0.049258904109589094
5.37104606628418; 0.049258904109589094
5.384700775146484; 0.09403972602739731
5.399211168289185; 0.0716493150684932
5.416930913925171; 0.049258904109589094
5.43237042427063; 0.1388205479452055
5.451175928115845; 0.12762534246575347
5.476075649261475; 0.1388205479452055
5.492846488952637; 0.1388205479452055
5.514135122299194; 0.15001575342465756
5.527924299240112; 0.1164301369863014
5.551341533660889; 0.10523493150684936
5.569581985473633; 0.08284452054794525
5.59070086479187; 0.1388205479452055
5.611485242843628; 0.09403972602739731
5.632774353027344; 0.17240616438356168
5.6524388790130615; 0.10523493150684936
5.67928409576416; 0.19479657534246578
5.699169874191284; 0.19479657534246578
5.716932058334351; 0.12762534246575347
5.743006467819214; 0.12762534246575347
5.760227680206299; 0.1388205479452055
5.7793848514556885; 0.20599178082191782
5.804007291793823; 0.17240616438356168
5.822638273239136; 0.15001575342465756
5.839226722717285; 0.15001575342465756
5.863088846206665; 0.15001575342465756
5.882801294326782; 0.18360136986301373
5.898604154586792; 0.18360136986301373
5.911827325820923; 0.2619678082191781
5.925123453140259; 0.19479657534246578
5.938856363296509; 0.20599178082191782
5.956758499145508; 0.250772602739726
5.975857257843018; 0.250772602739726
5.990552663803101; 0.27316301369863016
6.008912086486816; 0.2619678082191781
6.025187730789185; 0.27316301369863016
6.041111946105957; 0.239577397260274
6.057410478591919; 0.19479657534246578
6.078601121902466; 0.22838219178082195
6.092236518859863; 0.29555342465753426
6.110275506973267; 0.2843582191780822
6.1236536502838135; 0.21718698630136987
6.139690637588501; 0.22838219178082195
6.1529717445373535; 0.3067486301369863
6.17348313331604; 0.22838219178082195
6.190924882888794; 0.3067486301369863
6.205740690231323; 0.31794383561643835
6.227520227432251; 0.31794383561643835
6.2482383251190186; 0.250772602739726
6.267322301864624; 0.32913904109589043
6.291827201843262; 0.250772602739726
6.308894395828247; 0.34033424657534245
6.328516244888306; 0.27316301369863016
6.3614537715911865; 0.2843582191780822
6.386818885803223; 0.2843582191780822
6.407512903213501; 0.29555342465753426
6.431510925292969; 0.29555342465753426
6.449231386184692; 0.34033424657534245
6.49148964881897; 0.3067486301369863
6.52829647064209; 0.36272465753424654
6.544239282608032; 0.31794383561643835
6.559296131134033; 0.3851150684931507
6.572096586227417; 0.3067486301369863
6.5887415409088135; 0.3851150684931507
6.60311484336853; 0.3515294520547945
6.625980615615845; 0.34033424657534245
6.644361734390259; 0.32913904109589043
6.66281533241272; 0.3739198630136986
6.676830530166626; 0.34033424657534245
6.695506572723389; 0.4187006849315068
6.718671083450317; 0.4187006849315068
6.739192247390747; 0.4298958904109589
6.752610683441162; 0.3515294520547945
6.770945310592651; 0.3739198630136986
6.796955585479736; 0.3851150684931507
6.825924396514893; 0.4075054794520548
6.849792242050171; 0.3851150684931507
6.874547004699707; 0.452286301369863
6.894731521606445; 0.3851150684931507
6.920534133911133; 0.47467671232876707
6.94918417930603; 0.47467671232876707
6.967396259307861; 0.4075054794520548
6.995954275131226; 0.46348150684931505
7.015056371688843; 0.4187006849315068
7.035027980804443; 0.4970671232876712
7.056214332580566; 0.4970671232876712
7.075138330459595; 0.5082623287671233
7.098411321640015; 0.4970671232876712
7.122455835342407; 0.452286301369863
7.13923454284668; 0.5082623287671233
7.152745485305786; 0.5194575342465753
7.169357538223267; 0.5306527397260273
7.184636116027832; 0.5194575342465753
7.205257177352905; 0.5306527397260273
7.2204461097717285; 0.4970671232876712
7.24254298210144; 0.4970671232876712
7.264804840087891; 0.5418479452054794
7.285292148590088; 0.5082623287671233
7.303821325302124; 0.4970671232876712
7.325514554977417; 0.47467671232876707
7.341904401779175; 0.5530431506849315
7.362158536911011; 0.48587191780821914
7.376042366027832; 0.48587191780821914
7.395491600036621; 0.4970671232876712
7.412143707275391; 0.5754335616438355
7.431869983673096; 0.5082623287671233
7.452407598495483; 0.5194575342465753
7.469545125961304; 0.5978239726027397
7.489220857620239; 0.5866287671232876
7.523518800735474; 0.5642383561643836
7.542829513549805; 0.46348150684931505
7.5684428215026855; 0.4970671232876712
7.596446752548218; 0.4075054794520548
7.61501407623291; 0.4298958904109589
7.6335132122039795; 0.46348150684931505
7.651803493499756; 0.452286301369863
7.669405937194824; 0.36272465753424654
7.69657301902771; 0.3963102739726027
7.717522144317627; 0.3067486301369863
7.736647844314575; 0.3067486301369863
7.751737117767334; 0.2843582191780822
7.767493963241577; 0.36272465753424654
7.781315088272095; 0.27316301369863016
7.795211553573608; 0.31794383561643835
7.818509817123413; 0.31794383561643835
7.83648943901062; 0.239577397260274
7.8519299030303955; 0.22838219178082195
7.8743815422058105; 0.20599178082191782
7.88986873626709; 0.27316301369863016
7.91198468208313; 0.239577397260274
7.927136659622192; 0.19479657534246578
7.945255517959595; 0.15001575342465756
7.9690611362457275; 0.1388205479452055
7.988413572311401; 0.1612109589041096
8.0070321559906; 0.18360136986301373
8.024661302566528; 0.10523493150684936
8.040494441986084; 0.1164301369863014
8.057822227478027; 0.09403972602739731
8.081547975540161; 0.09403972602739731
8.09625506401062; 0.08284452054794525
8.115692853927612; 0.17240616438356168
8.132938385009766; 0.18360136986301373
8.14867877960205; 0.21718698630136987
8.170529127120972; 0.239577397260274
8.190026998519897; 0.17240616438356168
8.226561784744263; 0.27316301369863016
8.246932029724121; 0.29555342465753426
8.264389514923096; 0.29555342465753426
8.283184289932251; 0.239577397260274
8.302662134170532; 0.32913904109589043
8.325531482696533; 0.32913904109589043
8.351405620574951; 0.3739198630136986
8.372024536132812; 0.3739198630136986
8.384782075881958; 0.3851150684931507
8.397700071334839; 0.31794383561643835
8.411198139190674; 0.3963102739726027
8.431299448013306; 0.34033424657534245
8.450317859649658; 0.4187006849315068
8.46413516998291; 0.36272465753424654
8.483681678771973; 0.44109109589041096
8.508673667907715; 0.44109109589041096
8.52683162689209; 0.46348150684931505
8.547154188156128; 0.48587191780821914
8.561899423599243; 0.4187006849315068
8.583812236785889; 0.4298958904109589
8.601141691207886; 0.46348150684931505
8.619248867034912; 0.5194575342465753
8.645543813705444; 0.5082623287671233
8.658936500549316; 0.4187006849315068
8.677321910858154; 0.4298958904109589
8.6961510181427; 0.452286301369863
8.716461181640625; 0.4298958904109589
8.735533237457275; 0.3515294520547945
8.754600524902344; 0.3851150684931507
8.773707389831543; 0.29555342465753426
8.79302167892456; 0.29555342465753426
8.815943241119385; 0.2843582191780822
8.838997602462769; 0.32913904109589043
8.859370231628418; 0.2619678082191781
8.879859924316406; 0.22838219178082195
8.89841628074646; 0.27316301369863016
8.92756986618042; 0.22838219178082195
8.949457168579102; 0.21718698630136987
8.962848663330078; 0.20599178082191782
8.978027105331421; 0.1612109589041096
8.99133849143982; 0.20599178082191782
9.007384061813354; 0.19479657534246578
9.026094198226929; 0.17240616438356168
9.043650150299072; 0.09403972602739731
9.057615041732788; 0.17240616438356168
9.077179431915283; 0.08284452054794525
9.091127395629883; 0.1388205479452055
9.106844425201416; 0.15001575342465756
9.125458240509033; 0.06045410958904115
9.14155101776123; 0.03806369863013704
9.157551288604736; 0.10523493150684936
9.172336339950562; 0.06045410958904115
9.19369387626648; 0.01567328767123294
9.210487604141235; 0.049258904109589094
9.228859186172485; 0.12762534246575347
9.252714157104492; 0.09403972602739731
9.274268865585327; 0.17240616438356168
9.288988590240479; 0.18360136986301373
9.306418657302856; 0.1388205479452055
9.324380159378052; 0.21718698630136987
9.34778380393982; 0.21718698630136987
9.379880666732788; 0.250772602739726
9.399006366729736; 0.2619678082191781
9.414210557937622; 0.29555342465753426
9.443561315536499; 0.31794383561643835
9.470035076141357; 0.250772602739726
9.48665475845337; 0.2843582191780822
9.511221408843994; 0.3515294520547945
9.525295495986938; 0.3067486301369863
9.539347410202026; 0.3739198630136986
9.552967548370361; 0.3067486301369863
9.571430206298828; 0.3963102739726027
9.594091415405273; 0.4187006849315068
9.6101713180542; 0.4187006849315068
9.627263307571411; 0.36272465753424654
9.652409315109253; 0.3851150684931507
9.66781735420227; 0.3739198630136986
9.687602043151855; 0.47467671232876707
9.70381474494934; 0.47467671232876707
9.721775531768799; 0.4298958904109589
9.736063003540039; 0.4187006849315068
9.754931926727295; 0.47467671232876707
9.770605564117432; 0.46348150684931505
9.793720006942749; 0.3851150684931507
9.809027910232544; 0.4187006849315068
9.828250885009766; 0.32913904109589043
9.847580909729004; 0.3851150684931507
9.871949195861816; 0.2843582191780822
9.887256860733032; 0.2619678082191781
9.909634351730347; 0.2619678082191781
9.932433366775513; 0.27316301369863016
9.957646131515503; 0.20599178082191782
9.976395606994629; 0.27316301369863016
9.996938467025757; 0.18360136986301373
10.012900829315186; 0.18360136986301373
10.04359245300293; 0.21718698630136987
10.06138014793396; 0.1388205479452055
10.08588719367981; 0.18360136986301373
10.098640203475952; 0.17240616438356168
10.111916542053223; 0.10523493150684936
10.12537670135498; 0.1612109589041096
10.139569997787476; 0.1164301369863014
10.15995717048645; 0.0716493150684932
10.176081657409668; 0.06045410958904115
10.192572593688965; 0.06045410958904115
10.21387529373169; 0.06045410958904115
10.234655380249023; 0.09403972602739731
10.254645347595215; 0.004478082191780885
10.271978855133057; 0.0716493150684932
10.289128065109253; 0.06045410958904115
10.306758165359497; 0.08284452054794525
10.32480239868164; 0.08284452054794525
10.345255136489868; 0.049258904109589094
10.36458945274353; 0.049258904109589094
10.380661249160767; 0.15001575342465756
10.400129318237305; 0.10523493150684936
10.423508405685425; 0.18360136986301373
10.441401720046997; 0.19479657534246578
10.463445901870728; 0.21718698630136987
10.48397445678711; 0.17240616438356168
10.503064632415771; 0.250772602739726
10.527649641036987; 0.20599178082191782
10.542779445648193; 0.2843582191780822
10.56788420677185; 0.2843582191780822
10.582426309585571; 0.250772602739726
10.605324506759644; 0.2619678082191781
10.628186702728271; 0.3515294520547945
10.649677753448486; 0.36272465753424654
10.667975425720215; 0.3739198630136986
10.680625915527344; 0.3067486301369863
10.693254470825195; 0.3851150684931507
10.706594228744507; 0.3851150684931507
10.726037740707397; 0.3515294520547945
10.748579978942871; 0.3515294520547945
10.767266988754272; 0.4075054794520548
10.788729906082153; 0.44109109589041096
10.808919906616211; 0.46348150684931505
10.823694705963135; 0.3851150684931507
10.846544027328491; 0.47467671232876707
10.863229513168335; 0.452286301369863
10.881149053573608; 0.4298958904109589
10.898932456970215; 0.34033424657534245
10.916836738586426; 0.34033424657534245
10.941704511642456; 0.31794383561643835
10.957728862762451; 0.3515294520547945
10.975749254226685; 0.27316301369863016
11.003509283065796; 0.3067486301369863
11.021795272827148; 0.2843582191780822
11.036332368850708; 0.29555342465753426
11.061259746551514; 0.27316301369863016
11.0851411819458; 0.250772602739726
11.106606721878052; 0.239577397260274
11.122095823287964; 0.1612109589041096
11.138559103012085; 0.18360136986301373
11.154332160949707; 0.19479657534246578
11.177745580673218; 0.1612109589041096
11.19748306274414; 0.18360136986301373
11.218125343322754; 0.1164301369863014
11.239149570465088; 0.09403972602739731
11.25173044204712; 0.1388205479452055
11.26590085029602; 0.0716493150684932
11.279748916625977; 0.1164301369863014
11.298698425292969; 0.1164301369863014
11.31420350074768; 0.10523493150684936
11.330729484558105; 0.10523493150684936
11.348180055618286; 0.01567328767123294
11.3695228099823; 0.004478082191780885
11.386135339736938; 0.03806369863013704
11.406752824783325; 0.03806369863013704
11.425814867019653; -0.02910753424657527
11.443794012069702; 0.0716493150684932
11.458633422851562; 0.004478082191780885
11.483852624893188; 0.09403972602739731
11.506267786026001; 0.049258904109589094
11.521706581115723; 0.12762534246575347
11.546775579452515; 0.1612109589041096
11.565362453460693; 0.17240616438356168
11.585453271865845; 0.19479657534246578
11.609644174575806; 0.15001575342465756
11.626189708709717; 0.17240616438356168
11.647254705429077; 0.19479657534246578
11.671126365661621; 0.20599178082191782
11.690819501876831; 0.2619678082191781
11.712017059326172; 0.2619678082191781
11.730977058410645; 0.239577397260274
11.749785661697388; 0.32913904109589043
11.766007423400879; 0.34033424657534245
11.799461603164673; 0.34033424657534245
11.812326908111572; 0.2843582191780822
11.825563430786133; 0.3739198630136986
11.83849287033081; 0.3851150684931507
11.852368593215942; 0.32913904109589043
11.870843410491943; 0.31794383561643835
11.887771129608154; 0.32913904109589043
11.905585289001465; 0.3515294520547945
11.925483226776123; 0.44109109589041096
11.946041345596313; 0.3739198630136986
11.961687326431274; 0.452286301369863
11.983333587646484; 0.47467671232876707
12.004802465438843; 0.3739198630136986
12.019190311431885; 0.4075054794520548
12.036333560943604; 0.4075054794520548
12.054543733596802; 0.3963102739726027
12.069228410720825; 0.31794383561643835
12.089709043502808; 0.36272465753424654
12.105371952056885; 0.34033424657534245
12.130715608596802; 0.3067486301369863
12.158785581588745; 0.29555342465753426
12.17803168296814; 0.29555342465753426
12.19713830947876; 0.18360136986301373
12.225667476654053; 0.17240616438356168
12.255563735961914; 0.15001575342465756
12.280837297439575; 0.20599178082191782
12.29916763305664; 0.17240616438356168
12.316399812698364; 0.18360136986301373
12.344818592071533; 0.1612109589041096
12.370805978775024; 0.1164301369863014
12.401374578475952; 0.049258904109589094
12.41437840461731; 0.1164301369863014
12.429753065109253; 0.01567328767123294
12.44627594947815; 0.09403972602739731
12.468181848526001; 0.0716493150684932
12.497912883758545; -0.0067171232876711675
12.519956827163696; 0.049258904109589094
12.537514448165894; 0.02686849315068499
12.554898977279663; 0.01567328767123294
12.571011543273926; 0.03806369863013704
12.590225458145142; 0.02686849315068499
12.604004859924316; 0.004478082191780885
12.617849111557007; 0.08284452054794525
12.635865211486816; 0.09403972602739731
12.651672124862671; 0.09403972602739731
12.669455528259277; 0.06045410958904115
12.684986352920532; 0.12762534246575347
12.71332049369812; 0.10523493150684936
12.737201929092407; 0.18360136986301373
12.75945782661438; 0.20599178082191782
12.774415493011475; 0.15001575342465756
12.799288988113403; 0.22838219178082195
12.818359136581421; 0.17240616438356168
12.838551998138428; 0.2619678082191781
12.860193014144897; 0.2843582191780822
12.879742622375488; 0.21718698630136987
12.89649248123169; 0.239577397260274
12.912549495697021; 0.239577397260274
12.931280612945557; 0.32913904109589043
12.953085899353027; 0.34033424657534245
12.970700979232788; 0.3515294520547945
12.99383544921875; 0.3851150684931507
13.021661758422852; 0.3851150684931507
13.034231662750244; 0.31794383561643835
13.04753851890564; 0.4075054794520548
13.061123371124268; 0.3851150684931507
13.07540488243103; 0.4075054794520548
13.097552061080933; 0.44109109589041096
13.115546226501465; 0.3739198630136986
13.1359384059906; 0.4298958904109589
13.158074617385864; 0.4187006849315068
13.172776699066162; 0.3963102739726027
13.189021110534668; 0.34033424657534245
13.207872152328491; 0.3851150684931507
13.226121425628662; 0.32913904109589043
13.243881464004517; 0.2843582191780822
13.261907577514648; 0.29555342465753426
13.280035972595215; 0.239577397260274
13.294517755508423; 0.2843582191780822
13.314600467681885; 0.239577397260274
13.333022356033325; 0.2619678082191781
13.351048946380615; 0.18360136986301373
13.372962236404419; 0.1612109589041096
13.404842376708984; 0.19479657534246578
13.428083896636963; 0.12762534246575347
13.450488567352295; 0.17240616438356168
13.479301929473877; 0.15001575342465756
13.494179964065552; 0.0716493150684932
13.512970685958862; 0.12762534246575347
13.53430962562561; 0.1164301369863014
13.557488918304443; 0.0716493150684932
13.585899114608765; 0.08284452054794525
13.604456901550293; -0.0067171232876711675
13.617812156677246; 0.004478082191780885
13.631126642227173; 0.049258904109589094
13.644790172576904; -0.040302739726027326
13.663769245147705; -0.05149794520547938
13.6865975856781; 0.004478082191780885
13.710664510726929; 0.004478082191780885
13.725932836532593; 0.03806369863013704
13.747430562973022; 0.0716493150684932
13.767255067825317; 0.08284452054794525
13.786164045333862; 0.02686849315068499
13.801538944244385; 0.0716493150684932
13.819946050643921; 0.06045410958904115
13.838210582733154; 0.15001575342465756
13.856170892715454; 0.09403972602739731
13.87798023223877; 0.17240616438356168
13.89241623878479; 0.19479657534246578
13.909477233886719; 0.20599178082191782
13.933754444122314; 0.15001575342465756
13.95059871673584; 0.15001575342465756
13.969444274902344; 0.250772602739726
13.991304397583008; 0.2619678082191781
14.0124990940094; 0.20599178082191782
14.029914140701294; 0.20599178082191782
14.045698881149292; 0.21718698630136987
14.065011262893677; 0.3067486301369863
14.089590787887573; 0.250772602739726
14.117600202560425; 0.27316301369863016
14.13653826713562; 0.3515294520547945
14.1571683883667; 0.32913904109589043
14.189151763916016; 0.3067486301369863
14.207168817520142; 0.32913904109589043
14.220580101013184; 0.32913904109589043
14.233956336975098; 0.4187006849315068
14.252243280410767; 0.4298958904109589
14.274486064910889; 0.4187006849315068
14.287895917892456; 0.3739198630136986
14.304831504821777; 0.36272465753424654
14.31843614578247; 0.4187006849315068
14.335795879364014; 0.3739198630136986
14.350324392318726; 0.3515294520547945
14.363865852355957; 0.36272465753424654
14.381978750228882; 0.2843582191780822
14.395245790481567; 0.34033424657534245
14.412274837493896; 0.31794383561643835
14.425091028213501; 0.3067486301369863
14.438678503036499; 0.22838219178082195
14.45237421989441; 0.29555342465753426
14.467228651046753; 0.22838219178082195
14.481690645217896; 0.19479657534246578
14.497919797897339; 0.22838219178082195
14.51360821723938; 0.239577397260274
14.528562545776367; 0.22838219178082195
14.545487403869629; 0.22838219178082195
14.562227725982666; 0.20599178082191782
14.578295946121216; 0.19479657534246578
14.593604564666748; 0.19479657534246578
14.611072063446045; 0.1612109589041096
14.640993118286133; 0.0716493150684932
14.663847208023071; 0.0716493150684932
14.683387041091919; 0.08284452054794525
14.698605060577393; 0.10523493150684936
14.717582702636719; 0.02686849315068499
14.735587120056152; 0.0716493150684932
14.755652666091919; -0.0067171232876711675
14.775311708450317; 0.06045410958904115
14.793068885803223; -0.01791232876712322
14.81733250617981; -0.0067171232876711675
14.848634243011475; -0.06269315068493143
14.861432313919067; 0.004478082191780885
14.875967264175415; -0.05149794520547938
14.89075517654419; 0.02686849315068499
14.910735130310059; 0.03806369863013704
14.941861152648926; 0.09403972602739731
14.959083795547485; 0.10523493150684936
14.974282503128052; 0.09403972602739731
14.996144533157349; 0.06045410958904115
15.020182609558105; 0.1164301369863014
15.034248352050781; 0.1612109589041096
15.053361415863037; 0.18360136986301373
15.06952977180481; 0.19479657534246578
15.091395854949951; 0.17240616438356168
15.111803770065308; 0.22838219178082195
15.138633012771606; 0.22838219178082195
15.157512426376343; 0.250772602739726
15.183748483657837; 0.21718698630136987
15.199447631835938; 0.2619678082191781
15.216747283935547; 0.22838219178082195
15.24539065361023; 0.239577397260274
15.262186050415039; 0.32913904109589043
15.285499811172485; 0.2843582191780822
15.311616659164429; 0.3739198630136986
15.332855463027954; 0.3067486301369863
15.353899955749512; 0.4075054794520548
15.37071967124939; 0.4075054794520548
15.389203310012817; 0.4187006849315068
15.421141386032104; 0.452286301369863
15.439942836761475; 0.44109109589041096
15.455359697341919; 0.3739198630136986
15.47087049484253; 0.3963102739726027
15.486031770706177; 0.3851150684931507
15.50684404373169; 0.2843582191780822
15.522754907608032; 0.27316301369863016
15.53716492652893; 0.27316301369863016
15.558489322662354; 0.239577397260274
15.584931373596191; 0.3067486301369863
15.60287094116211; 0.27316301369863016
15.620499610900879; 0.2619678082191781
15.643028259277344; 0.250772602739726
15.658307552337646; 0.1612109589041096
15.675231456756592; 0.15001575342465756
15.696755170822144; 0.20599178082191782
15.714905977249146; 0.19479657534246578
15.740042448043823; 0.15001575342465756
15.763263463973999; 0.08284452054794525
15.782522201538086; 0.15001575342465756
15.799272060394287; 0.12762534246575347
15.820567607879639; 0.049258904109589094
15.843495845794678; 0.09403972602739731
15.861450433731079; 0.01567328767123294
15.885211944580078; 0.004478082191780885
15.900005578994751; 0.06045410958904115
15.920829772949219; 0.03806369863013704
15.94109296798706; 0.02686849315068499
15.964086294174194; 0.01567328767123294
15.984111309051514; 0.004478082191780885
16.0132474899292; -0.07388835616438348
16.03512454032898; -0.06269315068493143
16.049757480621338; 0.02686849315068499
16.065298318862915; -0.02910753424657527
16.086514949798584; 0.049258904109589094
16.108989238739014; 0.09403972602739731
16.13334631919861; 0.0716493150684932
16.147738695144653; 0.02686849315068499
16.16737675666809; 0.12762534246575347
16.18645167350769; 0.15001575342465756
16.20799946784973; 0.1164301369863014
16.224928617477417; 0.17240616438356168
16.24689292907715; 0.10523493150684936
16.271853923797607; 0.17240616438356168
16.288411855697632; 0.22838219178082195
16.3188157081604; 0.250772602739726
16.346959590911865; 0.27316301369863016
16.376019954681396; 0.29555342465753426
16.394196033477783; 0.2619678082191781
16.409322261810303; 0.239577397260274
16.437984943389893; 0.2619678082191781
16.45521116256714; 0.34033424657534245
16.480476140975952; 0.29555342465753426
16.503981590270996; 0.34033424657534245
16.524911165237427; 0.3963102739726027
16.54257583618164; 0.4075054794520548
16.564677715301514; 0.4187006849315068
16.591217041015625; 0.36272465753424654
16.60868525505066; 0.36272465753424654
16.629944562911987; 0.3963102739726027
16.652565717697144; 0.3739198630136986
16.666110277175903; 0.32913904109589043
16.6806001663208; 0.3515294520547945
16.695024490356445; 0.3515294520547945
16.71611261367798; 0.29555342465753426
16.741394519805908; 0.27316301369863016
16.75811791419983; 0.2843582191780822
16.77658724784851; 0.19479657534246578
16.799400329589844; 0.22838219178082195
16.819231748580933; 0.15001575342465756
16.838505506515503; 0.21718698630136987
16.85430121421814; 0.12762534246575347
16.872029781341553; 0.18360136986301373
16.89553928375244; 0.12762534246575347
16.90884780883789; 0.17240616438356168
16.929989099502563; 0.1388205479452055
16.944150686264038; 0.15001575342465756
16.961883068084717; 0.1164301369863014
16.985087633132935; 0.10523493150684936
17.008808851242065; 0.09403972602739731
17.02665114402771; 0.02686849315068499
17.053687810897827; 0.06045410958904115
17.07965397834778; -0.02910753424657527
17.09949493408203; 0.01567328767123294
17.11842679977417; -0.01791232876712322
17.142773151397705; -0.05149794520547938
17.161262035369873; -0.08508356164383553
17.195094108581543; -0.05149794520547938
17.23212742805481; 0.03806369863013704
17.250927925109863; 0.049258904109589094
17.264134883880615; 0.049258904109589094
17.276991605758667; 0.049258904109589094
17.2922203540802; 0.08284452054794525
17.312255859375; 0.03806369863013704
17.333486080169678; 0.1164301369863014
17.356456518173218; 0.15001575342465756
17.371757745742798; 0.09403972602739731
17.390533208847046; 0.17240616438356168
17.40563702583313; 0.10523493150684936
17.42130398750305; 0.12762534246575347
17.447211980819702; 0.21718698630136987
17.465519666671753; 0.22838219178082195
17.480611562728882; 0.1612109589041096
17.504865646362305; 0.20599178082191782
17.523036241531372; 0.250772602739726
17.542189598083496; 0.29555342465753426
17.56443977355957; 0.29555342465753426
17.58548927307129; 0.239577397260274
17.607367038726807; 0.27316301369863016
17.624469757080078; 0.3515294520547945
17.652222394943237; 0.36272465753424654
17.672294855117798; 0.3515294520547945
17.69438076019287; 0.36272465753424654
17.71433115005493; 0.32913904109589043
17.72952914237976; 0.36272465753424654
17.750627756118774; 0.4075054794520548
17.769985675811768; 0.4187006849315068
17.789392709732056; 0.32913904109589043
17.816569089889526; 0.31794383561643835
17.835251808166504; 0.32913904109589043
17.84849524497986; 0.31794383561643835
17.861144065856934; 0.32913904109589043
17.874642848968506; 0.29555342465753426
17.89315128326416; 0.3067486301369863
17.917473077774048; 0.27316301369863016
17.93400263786316; 0.250772602739726
17.960007429122925; 0.20599178082191782
17.978894233703613; 0.239577397260274
17.9964759349823; 0.22838219178082195
18.01468300819397; 0.20599178082191782
18.03186345100403; 0.17240616438356168
18.04963731765747; 0.15001575342465756
18.064261436462402; 0.17240616438356168
18.089599609375; 0.09403972602739731
18.10737943649292; 0.1388205479452055
18.125399351119995; 0.049258904109589094
18.138850688934326; 0.03806369863013704
18.158379316329956; 0.08284452054794525
18.17529845237732; 0.08284452054794525
18.19076418876648; -0.0067171232876711675
18.2093346118927; -0.01791232876712322
18.23361349105835; 0.049258904109589094
18.26143479347229; 0.01567328767123294
18.289337396621704; -0.07388835616438348
18.304405689239502; -0.07388835616438348
18.322882652282715; -0.08508356164383553
18.340133905410767; -0.09627876712328759
18.359999656677246; -0.01791232876712322
18.37799334526062; 0.01567328767123294
18.400439262390137; 0.02686849315068499
18.433987140655518; 0.0716493150684932
18.447311401367188; 0.08284452054794525
18.460628509521484; 0.02686849315068499
18.474337339401245; 0.10523493150684936
18.493241786956787; 0.12762534246575347
18.51794958114624; 0.08284452054794525
18.535826444625854; 0.10523493150684936
18.55475687980652; 0.15001575342465756
18.57901096343994; 0.19479657534246578
18.593591690063477; 0.12762534246575347
18.614426612854004; 0.1612109589041096
18.62911367416382; 0.19479657534246578
18.650092363357544; 0.19479657534246578
18.665266752243042; 0.250772602739726
18.68677043914795; 0.18360136986301373
18.70249104499817; 0.21718698630136987
18.722925424575806; 0.29555342465753426
18.74058198928833; 0.250772602739726
18.76889944076538; 0.2619678082191781
18.78426170349121; 0.29555342465753426
18.801315546035767; 0.2843582191780822
18.823598623275757; 0.3067486301369863
18.84036612510681; 0.31794383561643835
18.859681606292725; 0.3851150684931507
18.890133142471313; 0.4298958904109589
18.908177614212036; 0.36272465753424654
18.92751693725586; 0.3515294520547945
18.955938816070557; 0.3515294520547945
18.97724962234497; 0.3515294520547945
19.010505199432373; 0.34033424657534245
19.023852109909058; 0.34033424657534245
19.037147521972656; 0.34033424657534245
19.050880193710327; 0.34033424657534245
19.065256118774414; 0.34033424657534245
19.084158897399902; 0.32913904109589043
19.102412462234497; 0.31794383561643835
19.11893630027771; 0.31794383561643835
19.13638424873352; 0.32913904109589043
19.157290935516357; 0.31794383561643835
19.18022346496582; 0.31794383561643835
19.19934868812561; 0.32913904109589043
19.22032856941223; 0.31794383561643835
19.234435558319092; 0.31794383561643835
19.250645875930786; 0.3067486301369863
19.268252849578857; 0.31794383561643835
19.28458261489868; 0.31794383561643835
19.303740978240967; 0.31794383561643835
19.32983708381653; 0.31794383561643835
19.349300146102905; 0.31794383561643835
19.366478443145752; 0.31794383561643835
19.38263487815857; 0.3067486301369863
19.408019304275513; 0.3067486301369863
19.4330632686615; 0.3067486301369863
19.455718755722046; 0.3067486301369863
19.472127676010132; 0.31794383561643835
19.497479915618896; 0.3067486301369863
19.519835710525513; 0.29555342465753426
19.54528260231018; 0.3067486301369863
19.5670485496521; 0.29555342465753426
19.59867572784424; 0.3067486301369863
19.6134934425354; 0.3067486301369863
19.6268093585968; 0.3067486301369863
19.64078426361084; 0.3067486301369863
19.659340381622314; 0.3067486301369863
19.685105323791504; 0.29555342465753426
19.6990008354187; 0.3067486301369863
19.71937131881714; 0.29555342465753426
19.742806911468506; 0.29555342465753426
19.75759720802307; 0.29555342465753426
19.780060052871704; 0.29555342465753426
19.803865909576416; 0.29555342465753426
19.81767749786377; 0.29555342465753426
19.83410620689392; 0.3067486301369863
19.852173805236816; 0.29555342465753426
19.867351531982422; 0.2843582191780822
19.892412424087524; 0.2843582191780822
19.90970778465271; 0.3739198630136986
19.93376135826111; 0.34033424657534245
19.9585063457489; 0.31794383561643835
19.973372220993042; 0.22838219178082195
19.99432873725891; 0.22838219178082195
20.01750898361206; 0.22838219178082195
20.040241479873657; 0.250772602739726
20.06230139732361; 0.239577397260274
20.079184532165527; 0.21718698630136987
20.098830699920654; 0.15001575342465756
20.11754608154297; 0.19479657534246578
20.140090465545654; 0.1612109589041096
20.160213708877563; 0.1388205479452055
20.183680295944214; 0.1388205479452055
20.20323634147644; 0.09403972602739731
20.216518878936768; 0.10523493150684936
20.229811906814575; 0.02686849315068499
20.243112802505493; 0.01567328767123294
20.263922452926636; 0.004478082191780885
20.290401458740234; 0.02686849315068499
20.308308124542236; -0.01791232876712322
20.328839778900146; -0.0067171232876711675
20.35050392150879; -0.0067171232876711675
20.36955976486206; -0.05149794520547938
20.386971712112427; -0.0067171232876711675
20.4048273563385; -0.0067171232876711675
20.422389030456543; -0.09627876712328759
20.441067695617676; -0.09627876712328759
20.46002745628357; -0.040302739726027326
20.475120782852173; -0.06269315068493143
20.49633240699768; -0.08508356164383553
20.51936936378479; -0.0067171232876711675
20.542571783065796; 0.01567328767123294
20.56874990463257; -0.02910753424657527
20.583951950073242; 0.02686849315068499
20.604729890823364; 0.004478082191780885
20.627549409866333; 0.01567328767123294
20.658792734146118; 0.06045410958904115
20.67769503593445; 0.1164301369863014
20.693438053131104; 0.08284452054794525
20.714864015579224; 0.08284452054794525
20.73733615875244; 0.1612109589041096
20.768720149993896; 0.1164301369863014
20.800392866134644; 0.1612109589041096
20.81873893737793; 0.18360136986301373
20.832658290863037; 0.22838219178082195
20.845329761505127; 0.22838219178082195
20.859694719314575; 0.19479657534246578
20.879729986190796; 0.27316301369863016
20.90534019470215; 0.21718698630136987
20.923294067382812; 0.29555342465753426
20.940677881240845; 0.250772602739726
20.96602773666382; 0.31794383561643835
20.982183694839478; 0.2843582191780822
21.004812955856323; 0.29555342465753426
21.033750534057617; 0.36272465753424654
21.051289558410645; 0.3851150684931507
21.067018032073975; 0.4075054794520548
21.089053630828857; 0.32913904109589043
21.1200270652771; 0.3515294520547945
21.139779567718506; 0.34033424657534245
21.160977125167847; 0.3067486301369863
21.185382843017578; 0.29555342465753426
21.200052976608276; 0.22838219178082195
21.222660303115845; 0.19479657534246578
21.2491717338562; 0.239577397260274
21.27783727645874; 0.15001575342465756
21.298693418502808; 0.19479657534246578
21.314433097839355; 0.12762534246575347
21.338221311569214; 0.1388205479452055
21.35723042488098; 0.08284452054794525
21.39295768737793; 0.06045410958904115
21.411457061767578; 0.06045410958904115
21.426753282546997; 0.03806369863013704
21.442946195602417; 0.09403972602739731
21.458077430725098; -0.0067171232876711675
21.47867250442505; -0.0067171232876711675
21.49742317199707; -0.0067171232876711675
21.51435089111328; 0.03806369863013704
21.536547660827637; 0.02686849315068499
21.557398080825806; -0.040302739726027326
21.57644009590149; 0.004478082191780885
21.59529185295105; -0.0067171232876711675
21.618123769760132; -0.09627876712328759
21.63241744041443; -0.09627876712328759
21.64966344833374; -0.09627876712328759
21.669490337371826; -0.040302739726027326
21.693697452545166; -0.02910753424657527
21.708956718444824; -0.01791232876712322
21.733543634414673; 0.01567328767123294
21.753782749176025; 0.02686849315068499
21.773122310638428; -0.02910753424657527
21.79984188079834; 0.06045410958904115
21.816494703292847; 0.02686849315068499
21.83928680419922; 0.02686849315068499
21.861499786376953; 0.06045410958904115
21.87992286682129; 0.049258904109589094
21.896936416625977; 0.15001575342465756
21.921875715255737; 0.08284452054794525
21.94847273826599; 0.17240616438356168
21.972839832305908; 0.21718698630136987
22.00454044342041; 0.1612109589041096
22.01746106147766; 0.239577397260274
22.035183906555176; 0.20599178082191782
22.04862689971924; 0.27316301369863016
22.080408811569214; 0.20599178082191782
22.103408098220825; 0.250772602739726
22.121927976608276; 0.250772602739726
22.13679814338684; 0.31794383561643835
22.1513409614563; 0.2843582191780822
22.166841983795166; 0.3515294520547945
22.18695640563965; 0.29555342465753426
22.20223093032837; 0.3515294520547945
22.22407627105713; 0.3739198630136986
22.23829412460327; 0.3851150684931507
22.261040687561035; 0.4075054794520548
22.289767026901245; 0.34033424657534245
22.307373523712158; 0.29555342465753426
22.325074672698975; 0.27316301369863016
22.35233497619629; 0.32913904109589043
22.3783962726593; 0.239577397260274
22.394569396972656; 0.29555342465753426
22.414536952972412; 0.20599178082191782
22.437384366989136; 0.18360136986301373
22.4544517993927; 0.239577397260274
22.47415590286255; 0.21718698630136987
22.49945855140686; 0.20599178082191782
22.52058506011963; 0.10523493150684936
22.545761585235596; 0.17240616438356168
22.579420566558838; 0.049258904109589094
22.59830403327942; 0.12762534246575347
22.61109447479248; 0.12762534246575347
22.623958349227905; 0.03806369863013704
22.638225078582764; 0.049258904109589094
22.65850257873535; 0.08284452054794525
22.685826063156128; 0.06045410958904115
22.701600313186646; -0.01791232876712322
22.723320484161377; 0.004478082191780885
22.745864152908325; 0.02686849315068499
22.761289358139038; -0.05149794520547938
22.78370952606201; -0.040302739726027326
22.80623960494995; -0.07388835616438348
22.820568799972534; -0.02910753424657527
22.84425163269043; -0.09627876712328759
22.86524796485901; -0.05149794520547938
22.89945125579834; -0.09627876712328759
22.9176824092865; -0.06269315068493143
22.93587064743042; 0.004478082191780885
22.960781574249268; 0.02686849315068499
22.983025789260864; -0.02910753424657527
23.002113103866577; 0.049258904109589094
23.023674488067627; 0.01567328767123294
23.052924871444702; 0.03806369863013704
23.068206310272217; 0.09403972602739731
23.088573694229126; 0.12762534246575347
23.11770749092102; 0.09403972602739731
23.16142177581787; 0.12762534246575347
23.180272102355957; 0.19479657534246578
23.195647954940796; 0.15001575342465756
23.208864212036133; 0.18360136986301373
23.222274780273438; 0.20599178082191782
23.241023302078247; 0.2619678082191781
23.267672538757324; 0.19479657534246578
23.28648591041565; 0.22838219178082195
23.30453872680664; 0.29555342465753426
23.326029062271118; 0.239577397260274
23.34106993675232; 0.32913904109589043
23.363126039505005; 0.34033424657534245
23.385101795196533; 0.2843582191780822
23.403321981430054; 0.29555342465753426
23.420239210128784; 0.3067486301369863
23.44968581199646; 0.31794383561643835
23.467841863632202; 0.3963102739726027
23.482739448547363; 0.32913904109589043
23.50412631034851; 0.3963102739726027
23.525078535079956; 0.2843582191780822
23.54096508026123; 0.2619678082191781
23.559054136276245; 0.31794383561643835
23.577444791793823; 0.3067486301369863
23.603277921676636; 0.29555342465753426
23.633229732513428; 0.18360136986301373
23.651691913604736; 0.18360136986301373
23.667752742767334; 0.17240616438356168
23.693336248397827; 0.22838219178082195
23.717689037322998; 0.12762534246575347
23.741920232772827; 0.1164301369863014
23.761613607406616; 0.15001575342465756
23.77432370185852; 0.09403972602739731
23.78766417503357; 0.15001575342465756
23.800997495651245; 0.0716493150684932
23.82121229171753; 0.1164301369863014
23.851291179656982; 0.02686849315068499
23.868422269821167; 0.004478082191780885
23.88284659385681; 0.03806369863013704
23.90005898475647; -0.0067171232876711675
23.9181649684906; -0.02910753424657527
23.937621355056763; 0.02686849315068499
23.954682111740112; 0.01567328767123294
23.97156858444214; -0.0067171232876711675
23.98974323272705; -0.07388835616438348
24.004472732543945; -0.040302739726027326
24.029915809631348; -0.040302739726027326
24.048063278198242; -0.040302739726027326
24.06781816482544; -0.06269315068493143
24.08408236503601; -0.05149794520547938
24.108437299728394; -0.0067171232876711675
24.13445734977722; 0.004478082191780885
24.15540361404419; 0.02686849315068499
24.18258309364319; 0.049258904109589094
24.202258110046387; 0.01567328767123294
24.219738006591797; 0.01567328767123294
24.243928909301758; 0.1164301369863014
24.26015067100525; 0.1388205479452055
24.282454252243042; 0.1388205479452055
24.307587146759033; 0.09403972602739731
24.34173274040222; 0.12762534246575347
24.364766120910645; 0.21718698630136987
24.378204822540283; 0.15001575342465756
24.392510890960693; 0.239577397260274
24.405997037887573; 0.17240616438356168
24.426230430603027; 0.2619678082191781
24.44789409637451; 0.2843582191780822
24.466325283050537; 0.21718698630136987
24.490885257720947; 0.31794383561643835
24.51071047782898; 0.2619678082191781
24.528789520263672; 0.34033424657534245
24.54986023902893; 0.3515294520547945
24.56705617904663; 0.3851150684931507
24.586148262023926; 0.32913904109589043
24.605690479278564; 0.4075054794520548
24.622792720794678; 0.4075054794520548
24.638466596603394; 0.3963102739726027
24.658952951431274; 0.3067486301369863
24.67605423927307; 0.32913904109589043
24.696102619171143; 0.250772602739726
24.71731448173523; 0.239577397260274
24.738533973693848; 0.22838219178082195
24.754348754882812; 0.2619678082191781
24.77933430671692; 0.18360136986301373
24.796412467956543; 0.21718698630136987
24.812103748321533; 0.12762534246575347
24.83149003982544; 0.15001575342465756
24.85202717781067; 0.17240616438356168
24.872379541397095; 0.10523493150684936
24.901922702789307; 0.12762534246575347
24.923386096954346; 0.1164301369863014
24.95511770248413; 0.08284452054794525
24.97034502029419; 0.004478082191780885
24.983643531799316; 0.06045410958904115
24.99776577949524; -0.01791232876712322
25.016453742980957; 0.049258904109589094
25.045799016952515; -0.06269315068493143
25.062888860702515; -0.06269315068493143
25.08085870742798; -0.0067171232876711675
25.105595588684082; -0.09627876712328759
25.121477842330933; -0.06269315068493143
25.141287803649902; -0.040302739726027326
25.15883231163025; -0.06269315068493143
25.177433967590332; -0.1186691780821917
25.19201970100403; -0.02910753424657527
25.217339277267456; -0.01791232876712322
25.23618173599243; -0.01791232876712322
25.255162715911865; 0.01567328767123294
25.272480487823486; 0.049258904109589094
25.287683725357056; -0.0067171232876711675
25.31057834625244; 0.08284452054794525
25.328121423721313; 0.09403972602739731
25.34774088859558; 0.049258904109589094
25.366722345352173; 0.1388205479452055
25.389024257659912; 0.1612109589041096
25.408047437667847; 0.10523493150684936
25.427523851394653; 0.19479657534246578
25.442522525787354; 0.20599178082191782
25.46395778656006; 0.21718698630136987
25.483155012130737; 0.17240616438356168
25.515232801437378; 0.18360136986301373
25.535466194152832; 0.2843582191780822
25.55001449584961; 0.21718698630136987
25.56270670890808; 0.3067486301369863
25.576552152633667; 0.239577397260274
25.595552682876587; 0.32913904109589043
25.626149892807007; 0.27316301369863016
25.642337560653687; 0.2843582191780822
25.66167116165161; 0.3851150684931507
25.682593822479248; 0.3963102739726027
25.69610095024109; 0.3851150684931507
25.71152639389038; 0.4075054794520548
25.725669860839844; 0.31794383561643835
25.743131637573242; 0.36272465753424654
25.761012315750122; 0.3067486301369863
25.778087854385376; 0.3067486301369863
25.800191164016724; 0.2619678082191781
25.81830930709839; 0.20599178082191782
25.840211391448975; 0.19479657534246578
25.856942176818848; 0.18360136986301373
25.874477863311768; 0.22838219178082195
25.898505687713623; 0.18360136986301373
25.91663670539856; 0.12762534246575347
25.931496620178223; 0.12762534246575347
25.9499728679657; 0.08284452054794525
25.96812343597412; 0.1612109589041096
25.989130973815918; 0.12762534246575347
26.0133273601532; 0.10523493150684936
26.030768156051636; 0.02686849315068499
26.046465396881104; 0.049258904109589094
26.065830945968628; 0.06045410958904115
26.084307193756104; 0.049258904109589094
26.119083404541016; -0.040302739726027326
26.13927984237671; -0.040302739726027326
26.152015686035156; -0.07388835616438348
26.165315628051758; 0.004478082191780885
26.17877745628357; -0.07388835616438348
26.198014736175537; -0.02910753424657527
26.22777271270752; -0.10747397260273964
26.24183750152588; -0.05149794520547938
26.262994527816772; -0.06269315068493143
26.287864208221436; -0.09627876712328759
26.302528858184814; -0.02910753424657527
26.32208514213562; -0.07388835616438348
26.336345672607422; 0.02686849315068499
26.356873273849487; 0.03806369863013704
26.37240719795227; 0.03806369863013704
26.38853144645691; 0.049258904109589094
26.413682460784912; 0.02686849315068499
26.44565987586975; 0.1164301369863014
26.459460735321045; 0.0716493150684932
26.47879385948181; 0.12762534246575347
26.500189065933228; 0.1612109589041096
26.51980757713318; 0.17240616438356168
26.536583423614502; 0.18360136986301373
26.562729120254517; 0.15001575342465756
26.58042049407959; 0.239577397260274
26.596487045288086; 0.21718698630136987
26.617188692092896; 0.19479657534246578
26.636879682540894; 0.2843582191780822
26.662949800491333; 0.3067486301369863
26.68194031715393; 0.239577397260274
26.706756830215454; 0.34033424657534245
26.736995697021484; 0.2843582191780822
26.749987602233887; 0.3739198630136986
26.762916564941406; 0.32913904109589043
26.777509927749634; 0.3963102739726027
26.79669690132141; 0.34033424657534245
26.826886892318726; 0.3851150684931507
26.847163200378418; 0.29555342465753426
26.865898847579956; 0.3515294520547945
26.890393257141113; 0.2619678082191781
26.907672882080078; 0.22838219178082195
26.927788496017456; 0.239577397260274
26.943737745285034; 0.250772602739726
26.965502977371216; 0.239577397260274
26.984663248062134; 0.15001575342465756
27.003872394561768; 0.20599178082191782
27.03576683998108; 0.17240616438356168
27.055471181869507; 0.08284452054794525
27.077306985855103; 0.0716493150684932
27.095972537994385; 0.12762534246575347
27.117647886276245; 0.10523493150684936
27.135653257369995; 0.08284452054794525
27.15597367286682; 0.0716493150684932
27.174865245819092; -0.0067171232876711675
27.194692373275757; 0.049258904109589094
27.212857723236084; -0.02910753424657527
27.231242179870605; -0.06269315068493143
27.25011110305786; 0.004478082191780885
27.276862382888794; -0.0067171232876711675
27.302917957305908; -0.040302739726027326
27.32137894630432; -0.05149794520547938
27.334734678268433; -0.12986438356164373
27.347440004348755; -0.06269315068493143
27.36215043067932; -0.12986438356164373
27.380862712860107; -0.02910753424657527
27.410613298416138; -0.08508356164383553
27.430981397628784; 0.01567328767123294
27.455763578414917; 0.004478082191780885
27.474302053451538; 0.06045410958904115
27.4922993183136; 0.01567328767123294
27.513656854629517; 0.049258904109589094
27.529699087142944; 0.03806369863013704
27.55068325996399; 0.1164301369863014
27.567404747009277; 0.1388205479452055
27.58564066886902; 0.09403972602739731
27.607913494110107; 0.10523493150684936
27.62301802635193; 0.1388205479452055
27.64336133003235; 0.20599178082191782
27.668250799179077; 0.15001575342465756
27.684201955795288; 0.17240616438356168
27.70179772377014; 0.20599178082191782
27.718640327453613; 0.2619678082191781
27.737735509872437; 0.250772602739726
27.76381516456604; 0.3067486301369863
27.78348708152771; 0.250772602739726
27.808147192001343; 0.3515294520547945
27.823858737945557; 0.3515294520547945
27.843122720718384; 0.2843582191780822
27.859304189682007; 0.31794383561643835
27.88872981071472; 0.4075054794520548
27.909116983413696; 0.31794383561643835
27.921782970428467; 0.3851150684931507
27.93516969680786; 0.29555342465753426
27.948477745056152; 0.34033424657534245
27.967228651046753; 0.31794383561643835
27.995664596557617; 0.22838219178082195
28.016071796417236; 0.27316301369863016
28.039893865585327; 0.18360136986301373
28.058307647705078; 0.239577397260274
28.073845148086548; 0.18360136986301373
28.096511840820312; 0.20599178082191782
28.115371227264404; 0.1612109589041096
28.133866548538208; 0.10523493150684936
28.148805856704712; 0.09403972602739731
28.169567823410034; 0.12762534246575347
28.187169313430786; 0.06045410958904115
28.206414222717285; 0.1164301369863014
28.2238347530365; 0.09403972602739731
28.241716623306274; 0.02686849315068499
28.26171064376831; 0.0716493150684932
28.286572456359863; -0.01791232876712322
28.302841424942017; -0.01791232876712322
28.31696629524231; 0.02686849315068499
28.338838577270508; 0.01567328767123294
28.36140513420105; -0.01791232876712322
28.380771160125732; -0.040302739726027326
28.405993461608887; -0.10747397260273964
28.42353630065918; -0.1410595890410958
28.439606428146362; -0.12986438356164373
28.462519645690918; -0.1186691780821917
28.487847089767456; -0.08508356164383553
28.506019353866577; -0.05149794520547938
28.51950430870056; 0.01567328767123294
28.532239198684692; -0.05149794520547938
28.54941415786743; 0.02686849315068499
28.568042755126953; -0.02910753424657527
28.597381114959717; 0.004478082191780885
28.61179208755493; 0.0716493150684932
28.6256582736969; 0.09403972602739731
28.64665675163269; 0.03806369863013704
28.6716468334198; 0.1388205479452055
28.685789346694946; 0.0716493150684932
28.70250678062439; 0.08284452054794525
28.716931104660034; 0.18360136986301373
28.730019330978394; 0.12762534246575347
28.745704412460327; 0.20599178082191782
28.759117126464844; 0.1388205479452055
28.772279262542725; 0.22838219178082195
28.801471948623657; 0.250772602739726
28.8208429813385; 0.20599178082191782
28.83851432800293; 0.27316301369863016
28.872722625732422; 0.29555342465753426
28.898192167282104; 0.239577397260274
28.911808967590332; 0.32913904109589043
28.931625366210938; 0.27316301369863016
28.95503067970276; 0.31794383561643835
28.976421117782593; 0.31794383561643835
28.993831396102905; 0.3515294520547945
29.018218278884888; 0.3963102739726027
29.03373670578003; 0.3851150684931507
29.048797845840454; 0.2843582191780822
29.065877199172974; 0.29555342465753426
29.0860755443573; 0.2619678082191781
29.11001753807068; 0.239577397260274
29.14675211906433; 0.19479657534246578
29.160225868225098; 0.20599178082191782
29.172834873199463; 0.22838219178082195
29.1863751411438; 0.15001575342465756
29.200111627578735; 0.21718698630136987
29.231167554855347; 0.1164301369863014
29.24769926071167; 0.09403972602739731
29.267048597335815; 0.15001575342465756
29.290383338928223; 0.1164301369863014
29.317211389541626; 0.10523493150684936
29.33679175376892; 0.049258904109589094
29.35538959503174; 0.08284452054794525
29.373646020889282; -0.0067171232876711675
29.39289689064026; 0.06045410958904115
29.410403728485107; 0.03806369863013704
29.427385330200195; -0.02910753424657527
29.443864107131958; -0.040302739726027326
29.47190570831299; -0.08508356164383553
29.49119997024536; -0.08508356164383553
29.509793281555176; -0.02910753424657527
29.535598278045654; -0.1186691780821917
29.552283763885498; -0.12986438356164373
29.57599687576294; -0.05149794520547938
29.599337339401245; -0.040302739726027326
29.62260866165161; -0.07388835616438348
29.641652822494507; -0.08508356164383553
29.659509420394897; 0.02686849315068499
29.68642520904541; 0.06045410958904115
29.706711292266846; 0.004478082191780885
29.732544898986816; 0.0716493150684932
29.751996755599976; 0.02686849315068499
29.765478372573853; 0.1164301369863014
29.778929710388184; 0.03806369863013704
29.79256582260132; 0.0716493150684932
29.81260395050049; 0.1612109589041096
29.846487045288086; 0.1164301369863014
29.869839906692505; 0.19479657534246578
29.88937497138977; 0.1612109589041096
29.90744400024414; 0.19479657534246578
29.926477909088135; 0.250772602739726
29.94401502609253; 0.19479657534246578
29.962066888809204; 0.20599178082191782
29.980348825454712; 0.29555342465753426
29.994450569152832; 0.22838219178082195
30.016602516174316; 0.250772602739726
30.03332805633545; 0.34033424657534245
30.056150913238525; 0.27316301369863016
30.083720207214355; 0.29555342465753426
30.10158109664917; 0.3067486301369863
30.12483239173889; 0.4075054794520548
30.154048681259155; 0.36272465753424654
30.1829514503479; 0.27316301369863016
30.218896865844727; 0.3067486301369863
30.240875959396362; 0.27316301369863016
30.265700817108154; 0.20599178082191782
30.281188011169434; 0.239577397260274
30.302931308746338; 0.1612109589041096
30.32871675491333; 0.1388205479452055
30.369128465652466; 0.10523493150684936
30.382595777511597; 0.17240616438356168
30.395329236984253; 0.08284452054794525
30.40896248817444; 0.08284452054794525
30.427974462509155; 0.12762534246575347
30.462690591812134; 0.02686849315068499
30.483555793762207; 0.08284452054794525
30.502379655838013; -0.0067171232876711675
30.5249502658844; 0.03806369863013704
30.542548894882202; 0.03806369863013704
30.564841508865356; 0.02686849315068499
30.57853674888611; -0.06269315068493143
30.600342750549316; -0.07388835616438348
30.61593770980835; -0.05149794520547938
30.640833377838135; -0.06269315068493143
30.664976119995117; -0.05149794520547938
30.682374715805054; -0.12986438356164373
30.700500965118408; -0.1410595890410958
30.725523948669434; -0.02910753424657527
30.74099636077881; -0.040302739726027326
30.76481795310974; -0.07388835616438348
30.78719997406006; -0.05149794520547938
30.80444312095642; -0.040302739726027326
30.829813718795776; 0.06045410958904115
30.853399753570557; 0.004478082191780885
30.871602773666382; 0.03806369863013704
30.887553691864014; 0.03806369863013704
30.906513452529907; 0.12762534246575347
30.925912618637085; 0.08284452054794525
30.96414279937744; 0.17240616438356168
30.9828782081604; 0.1164301369863014
30.995912075042725; 0.20599178082191782
31.00862193107605; 0.15001575342465756
31.023937702178955; 0.21718698630136987
31.044156789779663; 0.239577397260274
31.07707929611206; 0.2619678082191781
31.09623694419861; 0.21718698630136987
31.114803791046143; 0.22838219178082195
31.13025975227356; 0.239577397260274
31.14784336090088; 0.239577397260274
31.166176795959473; 0.34033424657534245
31.1804780960083; 0.27316301369863016
31.196245431900024; 0.2843582191780822
31.218177795410156; 0.3739198630136986
31.237337350845337; 0.31794383561643835
31.25314736366272; 0.32913904109589043
31.267818450927734; 0.32913904109589043
31.291963577270508; 0.32913904109589043
31.31075668334961; 0.32913904109589043
31.329333782196045; 0.31794383561643835
31.348380088806152; 0.31794383561643835
31.36472988128662; 0.3067486301369863
31.390809297561646; 0.31794383561643835
31.407700300216675; 0.3067486301369863
31.440150260925293; 0.3067486301369863
31.457982778549194; 0.3067486301369863
31.4735267162323; 0.29555342465753426
31.495761156082153; 0.3067486301369863
31.51463770866394; 0.3067486301369863
31.54332685470581; 0.29555342465753426
31.57507824897766; 0.29555342465753426
31.58848810195923; 0.2843582191780822
31.601966381072998; 0.2843582191780822
31.61628293991089; 0.29555342465753426
31.63493275642395; 0.29555342465753426
31.672845125198364; 0.2843582191780822
31.687859296798706; 0.3067486301369863
31.710039615631104; 0.2843582191780822
31.728630542755127; 0.27316301369863016
31.74480700492859; 0.2843582191780822
31.767948150634766; 0.2843582191780822
31.784958362579346; 0.29555342465753426
31.80520749092102; 0.29555342465753426
31.822139739990234; 0.27316301369863016
31.839301109313965; 0.2843582191780822
31.862513065338135; 0.27316301369863016
31.877012014389038; 0.29555342465753426
31.89129638671875; 0.2843582191780822
31.913137912750244; 0.2843582191780822
31.92978000640869; 0.27316301369863016
31.954861402511597; 0.27316301369863016
31.97013235092163; 0.2843582191780822
31.990654468536377; 0.2843582191780822
32.01348423957825; 0.27316301369863016
32.04385042190552; 0.2843582191780822
32.0631217956543; 0.2843582191780822
32.080376863479614; 0.27316301369863016
32.10288858413696; 0.27316301369863016
32.121450901031494; 0.2619678082191781
32.15596890449524; 0.27316301369863016
32.17411470413208; 0.2619678082191781
32.18698215484619; 0.2843582191780822
32.20032739639282; 0.27316301369863016
32.21407961845398; 0.2619678082191781
