0.00093841552734375; 0.296653024911032
0.016895294189453125; 0.296653024911032
0.03118753433227539; 0.296653024911032
0.04665780067443848; 0.296653024911032
0.06946754455566406; 0.296653024911032
0.09278130531311035; 0.296653024911032
0.11429858207702637; 0.296653024911032
0.12976455688476562; 0.296653024911032
0.15141987800598145; 0.296653024911032
0.17222833633422852; 0.296653024911032
0.18994641304016113; 0.296653024911032
0.21297049522399902; 0.296653024911032
0.23169994354248047; 0.296653024911032
0.24506115913391113; 0.296653024911032
0.2606925964355469; 0.296653024911032
0.2796823978424072; 0.296653024911032
0.2952756881713867; 0.296653024911032
0.3123593330383301; 0.296653024911032
0.3259148597717285; 0.296653024911032
0.33904433250427246; 0.296653024911032
0.35253143310546875; 0.296653024911032
0.36559343338012695; 0.296653024911032
0.3795335292816162; 0.296653024911032
0.3925786018371582; 0.296653024911032
0.405303955078125; 0.296653024911032
0.4179823398590088; 0.296653024911032
0.4314141273498535; 0.296653024911032
0.44431138038635254; 0.296653024911032
0.4570045471191406; 0.296653024911032
0.47012877464294434; 0.296653024911032
0.4831547737121582; 0.296653024911032
0.49597883224487305; 0.296653024911032
0.5089282989501953; 0.296653024911032
0.5263965129852295; 0.296653024911032
0.540947437286377; 0.296653024911032
0.5552561283111572; 0.296653024911032
0.5715131759643555; 0.296653024911032
0.5880792140960693; 0.296653024911032
0.6052100658416748; 0.296653024911032
0.6206333637237549; 0.296653024911032
0.6352274417877197; 0.296653024911032
0.6502640247344971; 0.296653024911032
0.6651854515075684; 0.296653024911032
0.6817660331726074; 0.296653024911032
0.6965193748474121; 0.296653024911032
0.7156276702880859; 0.296653024911032
0.7344393730163574; 0.296653024911032
0.7476551532745361; 0.296653024911032
0.760779619216919; 0.296653024911032
0.7769887447357178; 0.296653024911032
0.7942624092102051; 0.296653024911032
0.8129587173461914; 0.296653024911032
0.8289687633514404; 0.296653024911032
0.843585729598999; 0.296653024911032
0.8567988872528076; 0.296653024911032
0.8745059967041016; 0.296653024911032
0.8907971382141113; 0.296653024911032
0.906430721282959; 0.296653024911032
0.9223442077636719; 0.296653024911032
0.9425132274627686; 0.296653024911032
0.9557292461395264; 0.296653024911032
0.9689140319824219; 0.296653024911032
0.9821116924285889; 0.296653024911032
0.9953975677490234; 0.296653024911032
1.009521722793579; 0.296653024911032
1.0268752574920654; 0.2866814946619217
1.0441725254058838; 0.296653024911032
1.058690071105957; 0.296653024911032
1.0727145671844482; 0.296653024911032
1.0899832248687744; 0.296653024911032
1.103116512298584; 0.296653024911032
1.1186144351959229; 0.296653024911032
1.131913185119629; 0.296653024911032
1.1467163562774658; 0.296653024911032
1.1630585193634033; 0.296653024911032
1.178814172744751; 0.296653024911032
1.1934337615966797; 0.296653024911032
1.2103009223937988; 0.296653024911032
1.2265260219573975; 0.296653024911032
1.2407565116882324; 0.296653024911032
1.254011869430542; 0.296653024911032
1.2681288719177246; 0.296653024911032
1.2839336395263672; 0.296653024911032
1.299534797668457; 0.296653024911032
1.324932336807251; 0.296653024911032
1.344269037246704; 0.296653024911032
1.357595682144165; 0.296653024911032
1.370910882949829; 0.296653024911032
1.3899717330932617; 0.296653024911032
1.4064676761627197; 0.296653024911032
1.4290430545806885; 0.296653024911032
1.4422492980957031; 0.296653024911032
1.454831838607788; 0.296653024911032
1.4673717021942139; 0.296653024911032
1.4805645942687988; 0.296653024911032
1.4963042736053467; 0.296653024911032
1.5103182792663574; 0.296653024911032
1.5280826091766357; 0.296653024911032
1.5450682640075684; 0.296653024911032
1.559593677520752; 0.296653024911032
1.573136329650879; 0.296653024911032
1.5874857902526855; 0.296653024911032
1.6040773391723633; 0.296653024911032
1.6197288036346436; 0.296653024911032
1.633692741394043; 0.296653024911032
1.6492252349853516; 0.296653024911032
1.6639697551727295; 0.296653024911032
1.6925725936889648; 0.296653024911032
1.7096166610717773; 0.296653024911032
1.7256956100463867; 0.296653024911032
1.7392022609710693; 0.296653024911032
1.7525215148925781; 0.296653024911032
1.765686273574829; 0.296653024911032
1.7821781635284424; 0.296653024911032
1.7993659973144531; 0.296653024911032
1.8147192001342773; 0.296653024911032
1.8309235572814941; 0.296653024911032
1.85550856590271; 0.296653024911032
1.8687825202941895; 0.296653024911032
1.8821382522583008; 0.296653024911032
1.898730754852295; 0.296653024911032
1.915405035018921; 0.296653024911032
1.930628776550293; 0.296653024911032
1.9473087787628174; 0.296653024911032
1.9598650932312012; 0.296653024911032
1.9723715782165527; 0.296653024911032
1.9856235980987549; 0.296653024911032
1.998641014099121; 0.296653024911032
2.012910842895508; 0.296653024911032
2.029890298843384; 0.296653024911032
2.0478243827819824; 0.296653024911032
2.0619447231292725; 0.296653024911032
2.0763728618621826; 0.296653024911032
2.0950121879577637; 0.2866814946619217
2.1090855598449707; 0.296653024911032
2.1236703395843506; 0.296653024911032
2.13653302192688; 0.296653024911032
2.151585340499878; 0.296653024911032
2.1679840087890625; 0.296653024911032
2.185080051422119; 0.296653024911032
2.198674440383911; 0.296653024911032
2.219435214996338; 0.296653024911032
2.2380194664001465; 0.296653024911032
2.2515363693237305; 0.2866814946619217
2.2647955417633057; 0.296653024911032
2.277958393096924; 0.296653024911032
2.2914535999298096; 0.2866814946619217
2.3083748817443848; 0.296653024911032
2.3255727291107178; 0.296653024911032
2.3442981243133545; 0.296653024911032
2.363703727722168; 0.296653024911032
2.3876607418060303; 0.296653024911032
2.401639699935913; 0.2866814946619217
2.4150173664093018; 0.296653024911032
2.43202543258667; 0.296653024911032
2.4502508640289307; 0.296653024911032
2.469520092010498; 0.296653024911032
2.482065439224243; 0.296653024911032
2.4945874214172363; 0.296653024911032
2.508917808532715; 0.296653024911032
2.5220353603363037; 0.296653024911032
2.537829637527466; 0.296653024911032
2.556349515914917; 0.296653024911032
2.5747547149658203; 0.2866814946619217
2.589905261993408; 0.296653024911032
2.6044321060180664; 0.296653024911032
2.621277093887329; 0.296653024911032
2.6367862224578857; 0.296653024911032
2.6539313793182373; 0.296653024911032
2.6680986881256104; 0.296653024911032
2.689923048019409; 0.296653024911032
2.7163021564483643; 0.296653024911032
2.7316508293151855; 0.296653024911032
2.7493555545806885; 0.296653024911032
2.7636938095092773; 0.296653024911032
2.7768678665161133; 0.296653024911032
2.7909493446350098; 0.296653024911032
2.807040214538574; 0.296653024911032
2.8242411613464355; 0.296653024911032
2.8455774784088135; 0.296653024911032
2.8612661361694336; 0.296653024911032
2.8779852390289307; 0.296653024911032
2.894979953765869; 0.296653024911032
2.910557746887207; 0.296653024911032
2.930272102355957; 0.296653024911032
2.9527721405029297; 0.296653024911032
2.9659183025360107; 0.296653024911032
2.9791183471679688; 0.296653024911032
2.992459774017334; 0.296653024911032
3.0071396827697754; 0.2866814946619217
3.0201544761657715; 0.2866814946619217
3.0328996181488037; 0.296653024911032
3.047654867172241; 0.296653024911032
3.063577175140381; 0.296653024911032
3.078256368637085; 0.296653024911032
3.095895290374756; 0.296653024911032
3.110776901245117; 0.296653024911032
3.1286356449127197; 0.296653024911032
3.1442625522613525; 0.296653024911032
3.1590118408203125; 0.296653024911032
3.1742355823516846; 0.296653024911032
3.1889076232910156; 0.296653024911032
3.205674171447754; 0.296653024911032
3.2196309566497803; 0.296653024911032
3.2351839542388916; 0.296653024911032
3.2528738975524902; 0.296653024911032
3.267242670059204; 0.296653024911032
3.2805116176605225; 0.296653024911032
3.298676013946533; 0.296653024911032
3.3162269592285156; 0.296653024911032
3.3349876403808594; 0.296653024911032
3.3572065830230713; 0.296653024911032
3.375378131866455; 0.296653024911032
3.388622522354126; 0.296653024911032
3.402376413345337; 0.296653024911032
3.4202558994293213; 0.296653024911032
3.4408442974090576; 0.296653024911032
3.463937282562256; 0.296653024911032
3.4764723777770996; 0.296653024911032
3.4896368980407715; 0.296653024911032
3.502779245376587; 0.296653024911032
3.515805721282959; 0.296653024911032
3.532675266265869; 0.296653024911032
3.5470988750457764; 0.296653024911032
3.5607070922851562; 0.296653024911032
3.579878091812134; 0.296653024911032
3.5991528034210205; 0.296653024911032
3.6137309074401855; 0.296653024911032
3.6312367916107178; 0.296653024911032
3.6480350494384766; 0.296653024911032
3.6611478328704834; 0.296653024911032
3.6759562492370605; 0.296653024911032
3.6959943771362305; 0.296653024911032
3.7122321128845215; 0.296653024911032
3.7285690307617188; 0.296653024911032
3.7458410263061523; 0.296653024911032
3.762805461883545; 0.296653024911032
3.7761173248291016; 0.296653024911032
3.7892839908599854; 0.296653024911032
3.8023762702941895; 0.296653024911032
3.8211498260498047; 0.296653024911032
3.8396873474121094; 0.296653024911032
3.8584556579589844; 0.296653024911032
3.8714425563812256; 0.296653024911032
3.8899900913238525; 0.296653024911032
3.9047398567199707; 0.296653024911032
3.921976089477539; 0.296653024911032
3.9404118061065674; 0.296653024911032
3.964305877685547; 0.296653024911032
3.9826877117156982; 0.296653024911032
3.9951932430267334; 0.296653024911032
4.007704734802246; 0.296653024911032
4.020895719528198; 0.296653024911032
4.034341096878052; 0.296653024911032
4.0487380027771; 0.2866814946619217
4.063175439834595; 0.296653024911032
4.079767942428589; 0.296653024911032
4.095108509063721; 0.296653024911032
4.112312316894531; 0.296653024911032
4.130265474319458; 0.296653024911032
4.147085428237915; 0.296653024911032
4.161073207855225; 0.296653024911032
4.17505955696106; 0.296653024911032
4.191413164138794; 0.296653024911032
4.217259407043457; 0.296653024911032
4.232593774795532; 0.296653024911032
4.249861717224121; 0.296653024911032
4.2683000564575195; 0.296653024911032
4.286504507064819; 0.296653024911032
4.301132678985596; 0.296653024911032
4.319186687469482; 0.296653024911032
4.341547012329102; 0.296653024911032
4.363061189651489; 0.296653024911032
4.386561632156372; 0.296653024911032
4.40502405166626; 0.296653024911032
4.419905424118042; 0.296653024911032
4.439219236373901; 0.296653024911032
4.4557905197143555; 0.296653024911032
4.479631662368774; 0.296653024911032
4.495014905929565; 0.296653024911032
4.508188962936401; 0.296653024911032
4.521391868591309; 0.296653024911032
4.534684419631958; 0.296653024911032
4.54784083366394; 0.296653024911032
4.560976266860962; 0.296653024911032
4.575525283813477; 0.296653024911032
4.59350061416626; 0.296653024911032
4.610180854797363; 0.296653024911032
4.625446796417236; 0.296653024911032
4.6429970264434814; 0.296653024911032
4.6580893993377686; 0.296653024911032
4.672952651977539; 0.296653024911032
4.687618970870972; 0.296653024911032
4.703972339630127; 0.296653024911032
4.7230236530303955; 0.296653024911032
4.7407495975494385; 0.296653024911032
4.758086442947388; 0.296653024911032
4.775202035903931; 0.296653024911032
4.7884275913238525; 0.296653024911032
4.803217172622681; 0.2866814946619217
4.826602458953857; 0.296653024911032
4.842262506484985; 0.2866814946619217
4.863995552062988; 0.296653024911032
4.8790810108184814; 0.296653024911032
4.893064260482788; 0.296653024911032
4.909345388412476; 0.296653024911032
4.926592111587524; 0.296653024911032
4.949402332305908; 0.296653024911032
4.96196174621582; 0.296653024911032
4.974486827850342; 0.296653024911032
4.988041877746582; 0.296653024911032
5.001080274581909; 0.296653024911032
5.014213562011719; 0.296653024911032
5.02728009223938; 0.296653024911032
5.040198802947998; 0.296653024911032
5.060067415237427; 0.296653024911032
5.07414984703064; 0.296653024911032
5.094037294387817; 0.296653024911032
5.111009120941162; 0.296653024911032
5.127242803573608; 0.296653024911032
5.144824504852295; 0.296653024911032
5.160041332244873; 0.296653024911032
5.174576759338379; 0.296653024911032
5.189487457275391; 0.296653024911032
5.207850456237793; 0.296653024911032
5.233873605728149; 0.296653024911032
5.251655340194702; 0.296653024911032
5.269449949264526; 0.296653024911032
5.283218145370483; 0.296653024911032
5.296506404876709; 0.296653024911032
5.309609413146973; 0.296653024911032
5.326765537261963; 0.296653024911032
5.34494161605835; 0.296653024911032
5.368667840957642; 0.296653024911032
5.38374924659729; 0.296653024911032
5.397092342376709; 0.296653024911032
5.415983438491821; 0.296653024911032
5.43256139755249; 0.296653024911032
5.455897331237793; 0.2866814946619217
5.468452215194702; 0.296653024911032
5.480932712554932; 0.296653024911032
5.493460178375244; 0.296653024911032
5.506598949432373; 0.296653024911032
5.5200536251068115; 0.2866814946619217
5.5331878662109375; 0.296653024911032
5.547120571136475; 0.296653024911032
5.561924934387207; 0.296653024911032
5.57589316368103; 0.296653024911032
5.594908714294434; 0.296653024911032
5.6124656200408936; 0.2866814946619217
5.62788200378418; 0.296653024911032
5.6457250118255615; 0.296653024911032
5.6602818965911865; 0.296653024911032
5.674394845962524; 0.296653024911032
5.68843674659729; 0.296653024911032
5.7047834396362305; 0.296653024911032
5.735393285751343; 0.296653024911032
5.750965118408203; 0.296653024911032
5.7687087059021; 0.296653024911032
5.781942129135132; 0.296653024911032
5.796332359313965; 0.296653024911032
5.809443712234497; 0.296653024911032
5.827923774719238; 0.296653024911032
5.843933582305908; 0.296653024911032
5.862471580505371; 0.296653024911032
5.877063035964966; 0.296653024911032
5.890775918960571; 0.296653024911032
5.907862663269043; 0.296653024911032
5.926161766052246; 0.296653024911032
5.942987442016602; 0.296653024911032
5.9666595458984375; 0.296653024911032
5.979172706604004; 0.296653024911032
5.992356300354004; 0.296653024911032
6.005499362945557; 0.296653024911032
6.0189902782440186; 0.296653024911032
6.032412767410278; 0.296653024911032
6.048553466796875; 0.296653024911032
6.062830686569214; 0.296653024911032
6.076204776763916; 0.296653024911032
6.09406852722168; 0.296653024911032
6.109361410140991; 0.2866814946619217
6.126548767089844; 0.296653024911032
6.143594026565552; 0.296653024911032
6.157955169677734; 0.296653024911032
6.174260139465332; 0.296653024911032
6.189121961593628; 0.296653024911032
6.205678701400757; 0.296653024911032
6.233491659164429; 0.296653024911032
6.253064155578613; 0.296653024911032
6.269325256347656; 0.296653024911032
6.282577276229858; 0.296653024911032
6.296250820159912; 0.296653024911032
6.309503793716431; 0.296653024911032
6.327315330505371; 0.296653024911032
6.344630479812622; 0.296653024911032
6.369837522506714; 0.296653024911032
6.38645076751709; 0.296653024911032
6.403428792953491; 0.296653024911032
6.417257785797119; 0.296653024911032
6.435744285583496; 0.296653024911032
6.455776214599609; 0.296653024911032
6.4799933433532715; 0.296653024911032
6.4925312995910645; 0.296653024911032
6.5056397914886475; 0.296653024911032
6.518731594085693; 0.296653024911032
6.531769514083862; 0.296653024911032
6.549201488494873; 0.296653024911032
6.563751697540283; 0.296653024911032
6.578113317489624; 0.2866814946619217
6.597253084182739; 0.296653024911032
6.61269998550415; 0.296653024911032
6.626504421234131; 0.296653024911032
6.643554925918579; 0.296653024911032
6.659752607345581; 0.296653024911032
6.677334785461426; 0.296653024911032
6.6917219161987305; 0.296653024911032
6.709811449050903; 0.296653024911032
6.730927467346191; 0.296653024911032
6.749782562255859; 0.296653024911032
6.767665863037109; 0.296653024911032
6.782708406448364; 0.296653024911032
6.801452159881592; 0.296653024911032
6.814794540405273; 0.2866814946619217
6.83097505569458; 0.2866814946619217
6.848341703414917; 0.2866814946619217
6.873697519302368; 0.296653024911032
6.88897705078125; 0.296653024911032
6.906101942062378; 0.296653024911032
6.923170328140259; 0.296653024911032
6.947719097137451; 0.296653024911032
6.970313310623169; 0.296653024911032
6.984787225723267; 0.296653024911032
6.9979541301727295; 0.296653024911032
7.011455535888672; 0.296653024911032
7.024569749832153; 0.296653024911032
7.037670612335205; 0.296653024911032
7.051824331283569; 0.296653024911032
7.0650482177734375; 0.296653024911032
7.079006195068359; 0.296653024911032
7.097037315368652; 0.296653024911032
7.111581563949585; 0.296653024911032
7.1289589405059814; 0.296653024911032
7.146489143371582; 0.296653024911032
7.163777828216553; 0.296653024911032
7.177840709686279; 0.296653024911032
7.1945881843566895; 0.296653024911032
7.2081310749053955; 0.2866814946619217
7.243227958679199; 0.296653024911032
7.258819580078125; 0.296653024911032
7.276832580566406; 0.296653024911032
7.293546915054321; 0.296653024911032
7.307401180267334; 0.296653024911032
7.320688962936401; 0.296653024911032
7.333865642547607; 0.296653024911032
7.353886842727661; 0.296653024911032
7.373136043548584; 0.296653024911032
7.39343786239624; 0.2866814946619217
7.412354946136475; 0.296653024911032
7.427195072174072; 0.296653024911032
7.446484804153442; 0.296653024911032
7.461547136306763; 0.296653024911032
7.486589670181274; 0.296653024911032
7.50528883934021; 0.296653024911032
7.518442153930664; 0.296653024911032
7.531738758087158; 0.2866814946619217
7.545174837112427; 0.296653024911032
7.558890104293823; 0.296653024911032
7.573707580566406; 0.296653024911032
7.586775064468384; 0.296653024911032
7.600783109664917; 0.296653024911032
7.614189624786377; 0.296653024911032
7.627218723297119; 0.296653024911032
7.641001224517822; 0.296653024911032
7.657183408737183; 0.296653024911032
7.670003890991211; 0.296653024911032
7.6837451457977295; 0.30662455516014236
7.696871995925903; 0.296653024911032
7.712970495223999; 0.296653024911032
7.728678464889526; 0.296653024911032
7.7439820766448975; 0.296653024911032
7.759164571762085; 0.296653024911032
7.7751734256744385; 0.296653024911032
7.790647745132446; 0.296653024911032
7.806155443191528; 0.296653024911032
7.821477651596069; 0.296653024911032
7.835679531097412; 0.296653024911032
7.84939980506897; 0.296653024911032
7.865358591079712; 0.296653024911032
7.881057500839233; 0.296653024911032
7.896800518035889; 0.296653024911032
7.909683465957642; 0.296653024911032
7.926372766494751; 0.296653024911032
7.941488027572632; 0.296653024911032
7.955035209655762; 0.296653024911032
7.97113299369812; 0.296653024911032
7.9861531257629395; 0.296653024911032
8.00361180305481; 0.296653024911032
8.018115520477295; 0.2866814946619217
8.031296014785767; 0.296653024911032
8.044502019882202; 0.296653024911032
8.057749271392822; 0.296653024911032
8.076531887054443; 0.296653024911032
8.090985774993896; 0.296653024911032
8.105327367782593; 0.296653024911032
8.122128963470459; 0.296653024911032
8.14205813407898; 0.296653024911032
8.16004204750061; 0.296653024911032
8.178508043289185; 0.296653024911032
8.194211483001709; 0.2866814946619217
8.20977520942688; 0.296653024911032
8.224726676940918; 0.296653024911032
8.241632461547852; 0.296653024911032
8.271357774734497; 0.2866814946619217
8.286357164382935; 0.296653024911032
8.303153038024902; 0.296653024911032
8.320950508117676; 0.296653024911032
8.336301326751709; 0.296653024911032
8.349929571151733; 0.296653024911032
8.364867448806763; 0.296653024911032
8.384130477905273; 0.296653024911032
8.399851560592651; 0.296653024911032
8.419085264205933; 0.296653024911032
8.435325860977173; 0.296653024911032
8.451751470565796; 0.296653024911032
8.465824127197266; 0.296653024911032
8.479600429534912; 0.296653024911032
8.493342161178589; 0.296653024911032
8.507107496261597; 0.296653024911032
8.524664163589478; 0.296653024911032
8.540857076644897; 0.296653024911032
8.557663917541504; 0.296653024911032
8.574090480804443; 0.296653024911032
8.591480255126953; 0.296653024911032
8.616617679595947; 0.296653024911032
8.629751443862915; 0.30662455516014236
8.642256259918213; 0.296653024911032
8.65598201751709; 0.296653024911032
8.682573556900024; 0.296653024911032
8.69699239730835; 0.296653024911032
8.710334300994873; 0.296653024911032
8.72397255897522; 0.296653024911032
8.737656831741333; 0.296653024911032
8.750680923461914; 0.296653024911032
8.764877796173096; 0.296653024911032
8.778512954711914; 0.296653024911032
8.791460752487183; 0.296653024911032
8.808644771575928; 0.296653024911032
8.821805715560913; 0.296653024911032
8.838113069534302; 0.296653024911032
8.854286670684814; 0.296653024911032
8.870205640792847; 0.296653024911032
8.885512351989746; 0.296653024911032
8.901423454284668; 0.296653024911032
8.917088985443115; 0.296653024911032
8.932740211486816; 0.2866814946619217
8.94776439666748; 0.296653024911032
8.961318731307983; 0.296653024911032
8.97679591178894; 0.296653024911032
8.99839735031128; 0.2866814946619217
9.014934062957764; 0.296653024911032
9.038309812545776; 0.296653024911032
9.058097839355469; 0.296653024911032
9.071449995040894; 0.296653024911032
9.084823369979858; 0.296653024911032
9.098099708557129; 0.296653024911032
9.113635540008545; 0.296653024911032
9.130852699279785; 0.296653024911032
9.146491050720215; 0.296653024911032
9.162407636642456; 0.296653024911032
9.182897567749023; 0.296653024911032
9.19963812828064; 0.296653024911032
9.212822437286377; 0.296653024911032
9.225337028503418; 0.296653024911032
9.238445281982422; 0.296653024911032
9.254319906234741; 0.296653024911032
9.268778562545776; 0.296653024911032
9.282037019729614; 0.296653024911032
9.301822662353516; 0.296653024911032
9.319368124008179; 0.296653024911032
9.340186357498169; 0.296653024911032
9.357190608978271; 0.296653024911032
9.379908323287964; 0.296653024911032
9.39752459526062; 0.296653024911032
9.41514778137207; 0.296653024911032
9.432840585708618; 0.296653024911032
9.44699740409851; 0.296653024911032
9.463282823562622; 0.296653024911032
9.483896255493164; 0.296653024911032
9.503677129745483; 0.296653024911032
9.52306604385376; 0.296653024911032
9.54163670539856; 0.296653024911032
9.554818868637085; 0.296653024911032
9.568021059036255; 0.296653024911032
9.581602811813354; 0.296653024911032
9.600555181503296; 0.296653024911032
9.6175217628479; 0.296653024911032
9.632750511169434; 0.296653024911032
9.651528596878052; 0.296653024911032
9.670547485351562; 0.2866814946619217
9.684171915054321; 0.296653024911032
9.697351217269897; 0.296653024911032
9.71693205833435; 0.296653024911032
9.731608629226685; 0.296653024911032
9.752552509307861; 0.296653024911032
9.768311023712158; 0.296653024911032
9.78463888168335; 0.296653024911032
9.810025930404663; 0.296653024911032
9.823249816894531; 0.296653024911032
9.836407661437988; 0.296653024911032
9.849560737609863; 0.296653024911032
9.862651109695435; 0.296653024911032
9.884936332702637; 0.296653024911032
9.901348114013672; 0.296653024911032
9.919677972793579; 0.296653024911032
9.93533968925476; 0.296653024911032
9.952677726745605; 0.296653024911032
9.971128225326538; 0.296653024911032
9.98672342300415; 0.296653024911032
10.00235915184021; 0.296653024911032
10.019122838973999; 0.296653024911032
10.032333135604858; 0.296653024911032
10.062876462936401; 0.296653024911032
10.078216314315796; 0.296653024911032
10.096044778823853; 0.2866814946619217
10.109282493591309; 0.296653024911032
10.122517108917236; 0.296653024911032
10.136208295822144; 0.296653024911032
10.149637699127197; 0.296653024911032
10.166555881500244; 0.2866814946619217
10.183977127075195; 0.296653024911032
10.202209949493408; 0.2866814946619217
10.220316410064697; 0.296653024911032
10.237624883651733; 0.296653024911032
10.252445459365845; 0.296653024911032
10.26698899269104; 0.296653024911032
10.280210018157959; 0.296653024911032
10.293423414230347; 0.296653024911032
10.313417196273804; 0.296653024911032
10.329031705856323; 0.296653024911032
10.345183372497559; 0.296653024911032
10.365933418273926; 0.296653024911032
10.38284707069397; 0.296653024911032
10.396151542663574; 0.2866814946619217
10.409335136413574; 0.296653024911032
10.422441482543945; 0.296653024911032
10.438930988311768; 0.296653024911032
10.453394651412964; 0.296653024911032
10.467031002044678; 0.296653024911032
10.486210346221924; 0.30662455516014236
10.499871015548706; 0.296653024911032
10.514094591140747; 0.296653024911032
10.533284187316895; 0.2866814946619217
10.547482967376709; 0.2866814946619217
10.564580202102661; 0.296653024911032
10.581250190734863; 0.296653024911032
10.595666885375977; 0.296653024911032
10.61054539680481; 0.296653024911032
10.631676435470581; 0.296653024911032
10.649423837661743; 0.296653024911032
10.667222499847412; 0.296653024911032
10.682249546051025; 0.296653024911032
10.70164942741394; 0.296653024911032
10.715195894241333; 0.296653024911032
10.728533029556274; 0.296653024911032
10.747169733047485; 0.296653024911032
10.765515089035034; 0.296653024911032
10.783953428268433; 0.296653024911032
10.800745487213135; 0.296653024911032
10.818868160247803; 0.296653024911032
10.832221984863281; 0.296653024911032
10.846984386444092; 0.296653024911032
10.866512537002563; 0.296653024911032
10.888813734054565; 0.296653024911032
10.905880689620972; 0.296653024911032
10.921623945236206; 0.296653024911032
10.941450119018555; 0.296653024911032
10.966695785522461; 0.296653024911032
10.979273080825806; 0.296653024911032
10.991817712783813; 0.296653024911032
11.020942687988281; 0.296653024911032
11.039283275604248; 0.296653024911032
11.052870035171509; 0.296653024911032
11.071297883987427; 0.296653024911032
11.086680889129639; 0.296653024911032
11.100299596786499; 0.296653024911032
11.119665384292603; 0.296653024911032
11.13527512550354; 0.296653024911032
11.151369094848633; 0.296653024911032
11.168196439743042; 0.296653024911032
11.185274362564087; 0.296653024911032
11.202586889266968; 0.296653024911032
11.217303037643433; 0.296653024911032
11.234865188598633; 0.296653024911032
11.252970218658447; 0.296653024911032
11.269503116607666; 0.296653024911032
11.282796621322632; 0.296653024911032
11.296354293823242; 0.296653024911032
11.31380319595337; 0.296653024911032
11.331803560256958; 0.296653024911032
11.350549697875977; 0.296653024911032
11.36669135093689; 0.296653024911032
11.382339715957642; 0.296653024911032
11.40074110031128; 0.296653024911032
11.414098501205444; 0.296653024911032
11.427461385726929; 0.296653024911032
11.440726280212402; 0.296653024911032
11.4566810131073; 0.296653024911032
11.478626728057861; 0.296653024911032
11.494349956512451; 0.296653024911032
11.510415077209473; 0.296653024911032
11.536640882492065; 0.296653024911032
11.549218893051147; 0.296653024911032
11.562345743179321; 0.296653024911032
11.575618743896484; 0.296653024911032
11.600489854812622; 0.296653024911032
11.618776082992554; 0.296653024911032
11.631896734237671; 0.296653024911032
11.649332523345947; 0.296653024911032
11.666517496109009; 0.296653024911032
11.68221926689148; 0.296653024911032
11.697850704193115; 0.296653024911032
11.713634729385376; 0.296653024911032
11.731201648712158; 0.296653024911032
11.746777772903442; 0.296653024911032
11.763441562652588; 0.296653024911032
11.784862756729126; 0.296653024911032
11.798409938812256; 0.296653024911032
11.820163011550903; 0.296653024911032
11.838736534118652; 0.296653024911032
11.85226058959961; 0.296653024911032
11.86695647239685; 0.296653024911032
11.880153179168701; 0.296653024911032
11.8939950466156; 0.2866814946619217
11.915980577468872; 0.2866814946619217
11.932623624801636; 0.296653024911032
11.948951482772827; 0.296653024911032
11.969741106033325; 0.296653024911032
11.987947463989258; 0.2866814946619217
12.001112222671509; 0.296653024911032
12.019763708114624; 0.296653024911032
12.035764932632446; 0.296653024911032
12.05711817741394; 0.296653024911032
12.073076009750366; 0.296653024911032
12.09095048904419; 0.296653024911032
12.117620468139648; 0.296653024911032
12.130838394165039; 0.296653024911032
12.144108772277832; 0.296653024911032
12.156689643859863; 0.296653024911032
12.170138120651245; 0.296653024911032
12.187216997146606; 0.296653024911032
12.201188802719116; 0.296653024911032
12.215664386749268; 0.296653024911032
12.231040000915527; 0.296653024911032
12.245219945907593; 0.296653024911032
12.25817060470581; 0.296653024911032
12.270891666412354; 0.296653024911032
12.28646445274353; 0.30662455516014236
12.299792766571045; 0.296653024911032
12.316377401351929; 0.296653024911032
12.330554485321045; 0.296653024911032
12.344485521316528; 0.296653024911032
12.360498905181885; 0.296653024911032
12.374657154083252; 0.296653024911032
12.387955904006958; 0.296653024911032
12.40632438659668; 0.296653024911032
12.421926259994507; 0.296653024911032
12.436119318008423; 0.296653024911032
12.450085401535034; 0.296653024911032
12.464787006378174; 0.34651067615658365
12.483078718185425; 0.45619750889679717
12.505466938018799; 0.36645373665480424
12.524282217025757; 0.30662455516014236
12.53899335861206; 0.326567615658363
12.552309513092041; 0.39636832740213523
12.572315692901611; 0.5559128113879004
12.589283466339111; 0.5658843416370106
12.6053626537323; 0.5957989323843417
12.621609687805176; 0.5858274021352313
12.641944646835327; 0.6655996441281139
12.66730260848999; 1.1143185053380782
12.680462121963501; 1.2040622775800711
12.693354606628418; 1.134261565836299
12.706556797027588; 1.0046316725978648
12.724835395812988; 1.0046316725978648
12.74120807647705; 0.9846886120996441
12.754550457000732; 0.9148879003558719
12.772785902023315; 0.8351156583629893
12.790065288543701; 0.7254288256227758
12.804580926895142; 0.6855427046263345
12.82144832611084; 0.8750017793594306
12.834685802459717; 0.6057704626334519
12.851800203323364; 0.5359697508896797
12.872586727142334; 0.49608362989323845
12.886121273040771; 0.5559128113879004
12.902023315429688; 0.4861120996441281
12.91760778427124; 0.5658843416370106
12.931204080581665; 0.5259982206405693
12.946589708328247; 0.575855871886121
12.960930824279785; 0.5259982206405693
12.980178833007812; 0.5658843416370106
12.9967942237854; 0.54594128113879
13.01183271408081; 0.5359697508896797
13.0291907787323; 0.5359697508896797
13.052101135253906; 0.5359697508896797
13.06636643409729; 0.5559128113879004
13.079815864562988; 0.54594128113879
13.092497110366821; 0.54594128113879
13.109307050704956; 0.54594128113879
13.12470293045044; 0.5359697508896797
13.141426801681519; 0.5359697508896797
13.154543161392212; 0.5359697508896797
13.169118642807007; 0.54594128113879
13.183160305023193; 0.5359697508896797
13.19663691520691; 0.5359697508896797
13.210936546325684; 0.54594128113879
13.226795434951782; 0.5359697508896797
13.242230653762817; 0.5359697508896797
13.267635107040405; 0.54594128113879
13.28079891204834; 0.5359697508896797
13.293382406234741; 0.54594128113879
13.306862831115723; 0.54594128113879
13.319960832595825; 0.5359697508896797
13.343823909759521; 0.54594128113879
13.363852262496948; 0.54594128113879
13.377769947052002; 0.54594128113879
13.392180681228638; 0.5359697508896797
13.406712770462036; 0.54594128113879
13.421760559082031; 0.54594128113879
13.438443899154663; 0.5359697508896797
13.454209804534912; 0.54594128113879
13.467243194580078; 0.54594128113879
13.481055974960327; 0.54594128113879
13.494643926620483; 0.5359697508896797
13.510418176651001; 0.54594128113879
13.525980710983276; 0.5359697508896797
13.539566278457642; 0.54594128113879
13.554986238479614; 0.5359697508896797
13.568536520004272; 0.54594128113879
13.584773540496826; 0.5359697508896797
13.600282430648804; 0.5359697508896797
13.615979433059692; 0.54594128113879
13.630346059799194; 0.54594128113879
13.64457392692566; 0.5359697508896797
13.660529136657715; 0.5359697508896797
13.675848245620728; 0.54594128113879
13.690943956375122; 0.5359697508896797
13.704077005386353; 0.5359697508896797
13.720155000686646; 0.54594128113879
13.736394882202148; 0.5359697508896797
13.751076221466064; 0.5359697508896797
13.764176845550537; 0.5359697508896797
13.780659198760986; 0.5359697508896797
13.799142599105835; 0.5359697508896797
13.81386399269104; 0.5359697508896797
13.82703161239624; 0.54594128113879
13.84020209312439; 0.54594128113879
13.85312819480896; 0.54594128113879
13.866405963897705; 0.5359697508896797
13.892451763153076; 0.54594128113879
13.910450220108032; 0.54594128113879
13.924412965774536; 0.54594128113879
13.93854808807373; 0.54594128113879
13.951616048812866; 0.54594128113879
13.96608853340149; 0.5359697508896797
13.979921340942383; 0.5359697508896797
13.993597507476807; 0.54594128113879
14.00980281829834; 0.54594128113879
14.023965120315552; 0.5359697508896797
14.03700876235962; 0.54594128113879
14.050337791442871; 0.5359697508896797
14.067318677902222; 0.5359697508896797
14.0828857421875; 0.54594128113879
14.09856367111206; 0.5359697508896797
14.114511251449585; 0.5359697508896797
14.129090070724487; 0.54594128113879
14.143139123916626; 0.54594128113879
14.157186508178711; 0.54594128113879
14.171186447143555; 0.5359697508896797
14.184595108032227; 0.5359697508896797
14.198718070983887; 0.54594128113879
14.214848279953003; 0.54594128113879
14.230577230453491; 0.54594128113879
14.245766878128052; 0.5359697508896797
14.259571552276611; 0.54594128113879
14.275450468063354; 0.54594128113879
14.289768934249878; 0.54594128113879
14.303210020065308; 0.54594128113879
14.316530704498291; 0.5359697508896797
14.33262324333191; 0.54594128113879
14.35123062133789; 0.5359697508896797
14.365853071212769; 0.5359697508896797
14.378978729248047; 0.5359697508896797
14.392099142074585; 0.54594128113879
14.405455350875854; 0.5359697508896797
14.423705577850342; 0.54594128113879
14.442612409591675; 0.5359697508896797
14.45814847946167; 0.54594128113879
14.473735809326172; 0.5359697508896797
14.48818588256836; 0.54594128113879
14.50153636932373; 0.54594128113879
14.515753746032715; 0.54594128113879
14.53131103515625; 0.5359697508896797
14.544738531112671; 0.54594128113879
14.560891151428223; 0.5359697508896797
14.57545781135559; 0.54594128113879
14.589021444320679; 0.54594128113879
14.601994276046753; 0.54594128113879
14.618610858917236; 0.54594128113879
14.633958578109741; 0.5359697508896797
14.650001525878906; 0.5359697508896797
14.665855884552002; 0.54594128113879
14.679956674575806; 0.54594128113879
14.694289684295654; 0.54594128113879
14.708251476287842; 0.5359697508896797
14.72222352027893; 0.54594128113879
14.737812042236328; 0.54594128113879
14.761908292770386; 0.54594128113879
14.777557849884033; 0.54594128113879
14.799774885177612; 0.54594128113879
14.820257902145386; 0.54594128113879
14.833889484405518; 0.5359697508896797
14.847950220108032; 0.54594128113879
14.866285562515259; 0.5359697508896797
14.882117509841919; 0.5359697508896797
14.898872375488281; 0.5359697508896797
14.911506652832031; 0.5359697508896797
14.924082517623901; 0.5359697508896797
14.937303304672241; 0.54594128113879
14.950491428375244; 0.5359697508896797
14.968780279159546; 0.5359697508896797
14.98684811592102; 0.5359697508896797
14.999660968780518; 0.54594128113879
15.01997685432434; 0.5359697508896797
15.036919355392456; 0.5359697508896797
15.052744626998901; 0.54594128113879
15.070276260375977; 0.54594128113879
15.088253259658813; 0.5359697508896797
15.105754137039185; 0.5359697508896797
15.122175931930542; 0.5359697508896797
15.139063119888306; 0.54594128113879
15.1525559425354; 0.54594128113879
15.170334577560425; 0.54594128113879
15.186486005783081; 0.54594128113879
15.205137729644775; 0.54594128113879
15.2187659740448; 0.54594128113879
15.232633352279663; 0.54594128113879
15.24675440788269; 0.54594128113879
15.260388135910034; 0.54594128113879
15.283164501190186; 0.54594128113879
15.301362037658691; 0.54594128113879
15.317485570907593; 0.54594128113879
15.339980363845825; 0.5359697508896797
15.357731103897095; 0.54594128113879
15.374293565750122; 0.5359697508896797
15.388307571411133; 0.54594128113879
15.40415334701538; 0.54594128113879
15.420811891555786; 0.54594128113879
15.438955068588257; 0.5359697508896797
15.451632976531982; 0.5359697508896797
15.464168787002563; 0.5359697508896797
15.478084802627563; 0.54594128113879
15.499885320663452; 0.54594128113879
15.517644166946411; 0.54594128113879
15.53552794456482; 0.5359697508896797
15.54919958114624; 0.5359697508896797
15.5703284740448; 0.54594128113879
15.58445143699646; 0.54594128113879
15.600703954696655; 0.54594128113879
15.617554426193237; 0.5359697508896797
15.630919218063354; 0.54594128113879
15.64885139465332; 0.5359697508896797
15.663440465927124; 0.54594128113879
15.680847406387329; 0.54594128113879
15.69657015800476; 0.54594128113879
15.716832160949707; 0.54594128113879
15.732866525650024; 0.54594128113879
15.751216411590576; 0.54594128113879
15.765908479690552; 0.5359697508896797
15.780541181564331; 0.54594128113879
15.798030376434326; 0.54594128113879
15.812463283538818; 0.54594128113879
15.833210706710815; 0.54594128113879
15.849208116531372; 0.54594128113879
15.870955467224121; 0.54594128113879
15.887468576431274; 0.54594128113879
15.90173888206482; 0.5359697508896797
15.915729522705078; 0.54594128113879
15.933194637298584; 0.54594128113879
15.949543476104736; 0.5359697508896797
15.97073745727539; 0.5359697508896797
15.98335862159729; 0.5359697508896797
15.995847463607788; 0.54594128113879
16.008930921554565; 0.54594128113879
16.022186040878296; 0.5359697508896797
16.0405056476593; 0.54594128113879
16.059218883514404; 0.54594128113879
16.07414221763611; 0.5359697508896797
16.0876202583313; 0.54594128113879
16.10161519050598; 0.54594128113879
16.114636421203613; 0.54594128113879
16.12820553779602; 0.5359697508896797
16.14181089401245; 0.54594128113879
16.155165195465088; 0.54594128113879
16.17117404937744; 0.54594128113879
16.18578004837036; 0.54594128113879
16.20069408416748; 0.54594128113879
16.216256618499756; 0.54594128113879
16.234389781951904; 0.5359697508896797
16.24860906600952; 0.5359697508896797
16.267131805419922; 0.54594128113879
16.282970905303955; 0.54594128113879
16.298784494400024; 0.5359697508896797
16.314550399780273; 0.54594128113879
16.330267190933228; 0.54594128113879
16.344048500061035; 0.5359697508896797
16.360419750213623; 0.5359697508896797
16.375930070877075; 0.54594128113879
16.393059015274048; 0.54594128113879
16.41198492050171; 0.54594128113879
16.43108296394348; 0.54594128113879
16.44495129585266; 0.54594128113879
16.459266901016235; 0.54594128113879
16.477006435394287; 0.54594128113879
16.49219846725464; 0.54594128113879
16.509418487548828; 0.54594128113879
16.521962642669678; 0.54594128113879
16.534459114074707; 0.54594128113879
16.547794103622437; 0.54594128113879
16.563712120056152; 0.54594128113879
16.58206582069397; 0.54594128113879
16.599307775497437; 0.5359697508896797
16.614400148391724; 0.5359697508896797
16.63223171234131; 0.54594128113879
16.650065660476685; 0.5359697508896797
16.665659427642822; 0.54594128113879
16.683075189590454; 0.54594128113879
16.699354887008667; 0.54594128113879
16.71718668937683; 0.54594128113879
16.73200750350952; 0.5359697508896797
16.750039100646973; 0.54594128113879
16.76853346824646; 0.54594128113879
16.784037113189697; 0.54594128113879
16.802780628204346; 0.5359697508896797
16.818049907684326; 0.5359697508896797
16.8353910446167; 0.54594128113879
16.849040985107422; 0.54594128113879
16.863107442855835; 0.54594128113879
16.879630088806152; 0.54594128113879
16.90144681930542; 0.54594128113879
16.924458026885986; 0.5359697508896797
16.93876338005066; 0.54594128113879
16.95852828025818; 0.54594128113879
16.97260618209839; 0.5359697508896797
16.986412048339844; 0.54594128113879
17.00527000427246; 0.54594128113879
17.025671243667603; 0.54594128113879
17.046968698501587; 0.54594128113879
17.059462070465088; 0.5359697508896797
17.072661638259888; 0.5359697508896797
17.085777044296265; 0.5359697508896797
17.103952407836914; 0.5359697508896797
17.126198768615723; 0.54594128113879
17.13944673538208; 0.54594128113879
17.157151222229004; 0.54594128113879
17.175946474075317; 0.54594128113879
17.19054412841797; 0.54594128113879
17.208915948867798; 0.54594128113879
17.225778579711914; 0.54594128113879
17.239834547042847; 0.54594128113879
17.25337243080139; 0.5359697508896797
17.271702766418457; 0.5359697508896797
17.287818670272827; 0.5359697508896797
17.310052633285522; 0.54594128113879
17.327404022216797; 0.54594128113879
17.346524953842163; 0.54594128113879
17.360451221466064; 0.54594128113879
17.37525177001953; 0.54594128113879
17.38898229598999; 0.54594128113879
17.40269947052002; 0.54594128113879
17.421162605285645; 0.54594128113879
17.44013547897339; 0.54594128113879
17.457221746444702; 0.54594128113879
17.476135730743408; 0.54594128113879
17.495256423950195; 0.54594128113879
17.508970737457275; 0.54594128113879
17.52831721305847; 0.54594128113879
17.54509425163269; 0.5359697508896797
17.56055235862732; 0.54594128113879
17.577717304229736; 0.5359697508896797
17.590912580490112; 0.54594128113879
17.603427171707153; 0.5359697508896797
17.61595582962036; 0.54594128113879
17.629159212112427; 0.54594128113879
17.64739680290222; 0.54594128113879
17.668546438217163; 0.5359697508896797
17.68170428276062; 0.54594128113879
17.695343255996704; 0.54594128113879
17.70946216583252; 0.54594128113879
17.72407054901123; 0.54594128113879
17.738532304763794; 0.54594128113879
17.754929780960083; 0.54594128113879
17.768802165985107; 0.54594128113879
17.785305738449097; 0.5359697508896797
17.800847053527832; 0.5359697508896797
17.818346977233887; 0.5359697508896797
17.841712474822998; 0.54594128113879
17.859626293182373; 0.54594128113879
17.87714457511902; 0.54594128113879
17.895711183547974; 0.54594128113879
17.909441471099854; 0.54594128113879
17.923545598983765; 0.54594128113879
17.937335968017578; 0.54594128113879
17.952835083007812; 0.54594128113879
17.97302746772766; 0.54594128113879
17.99107837677002; 0.54594128113879
18.00592041015625; 0.54594128113879
18.019793272018433; 0.54594128113879
18.036762952804565; 0.54594128113879
18.05198574066162; 0.54594128113879
18.065680027008057; 0.5359697508896797
18.08132576942444; 0.54594128113879
18.097280740737915; 0.54594128113879
18.115684270858765; 0.5359697508896797
18.132129669189453; 0.54594128113879
18.145699977874756; 0.54594128113879
18.158215761184692; 0.5359697508896797
18.171306610107422; 0.54594128113879
18.189759254455566; 0.54594128113879
18.20795202255249; 0.54594128113879
18.221495866775513; 0.54594128113879
18.235177993774414; 0.5359697508896797
18.249341011047363; 0.54594128113879
18.263578414916992; 0.54594128113879
18.2783625125885; 0.54594128113879
18.295509815216064; 0.54594128113879
18.309974193572998; 0.54594128113879
18.32464361190796; 0.5359697508896797
18.33946657180786; 0.54594128113879
18.357595205307007; 0.54594128113879
18.383662939071655; 0.54594128113879
18.398820638656616; 0.5359697508896797
18.417030334472656; 0.5359697508896797
18.43674111366272; 0.54594128113879
18.450397729873657; 0.54594128113879
18.464099884033203; 0.54594128113879
18.47875690460205; 0.54594128113879
18.494489669799805; 0.54594128113879
18.520824193954468; 0.5359697508896797
18.5366952419281; 0.54594128113879
18.551457405090332; 0.5359697508896797
18.577195167541504; 0.54594128113879
18.591063261032104; 0.54594128113879
18.605902433395386; 0.54594128113879
18.624261379241943; 0.5359697508896797
18.640540599822998; 0.5359697508896797
18.66231656074524; 0.54594128113879
18.675575733184814; 0.54594128113879
18.688706159591675; 0.54594128113879
18.701849699020386; 0.54594128113879
18.71497416496277; 0.54594128113879
18.733164072036743; 0.5359697508896797
18.754406929016113; 0.54594128113879
18.76769733428955; 0.5359697508896797
18.786418914794922; 0.54594128113879
18.80405044555664; 0.54594128113879
18.81950855255127; 0.5359697508896797
18.837024688720703; 0.5359697508896797
18.85411787033081; 0.54594128113879
18.871215105056763; 0.54594128113879
18.88586139678955; 0.5359697508896797
18.901557445526123; 0.54594128113879
18.917516708374023; 0.54594128113879
18.94024658203125; 0.54594128113879
18.959874391555786; 0.54594128113879
18.975444316864014; 0.5359697508896797
18.997774600982666; 0.54594128113879
19.01154112815857; 0.54594128113879
19.02536368370056; 0.54594128113879
19.041754961013794; 0.54594128113879
19.067769289016724; 0.54594128113879
19.08663058280945; 0.5359697508896797
19.101856470108032; 0.54594128113879
19.119115114212036; 0.54594128113879
19.13515329360962; 0.54594128113879
19.148972988128662; 0.5359697508896797
19.162821531295776; 0.54594128113879
19.181849479675293; 0.5359697508896797
19.201955556869507; 0.54594128113879
19.22366452217102; 0.5359697508896797
19.23618197441101; 0.54594128113879
19.248761415481567; 0.54594128113879
19.262065410614014; 0.54594128113879
19.280841827392578; 0.54594128113879
19.305180072784424; 0.54594128113879
19.318383932113647; 0.54594128113879
19.33225393295288; 0.5359697508896797
19.347445011138916; 0.5359697508896797
19.360961437225342; 0.5359697508896797
19.375419855117798; 0.54594128113879
19.39110231399536; 0.54594128113879
19.4060218334198; 0.54594128113879
19.423409700393677; 0.54594128113879
19.438570261001587; 0.54594128113879
19.456709146499634; 0.54594128113879
19.4794282913208; 0.54594128113879
19.49659037590027; 0.54594128113879
19.515207052230835; 0.54594128113879
19.534525632858276; 0.54594128113879
19.54830574989319; 0.54594128113879
19.562057495117188; 0.54594128113879
19.57578206062317; 0.54594128113879
19.591624975204468; 0.54594128113879
19.61361074447632; 0.54594128113879
19.629886865615845; 0.54594128113879
19.646835803985596; 0.5359697508896797
19.66869068145752; 0.5359697508896797
19.682342767715454; 0.54594128113879
19.701021194458008; 0.5359697508896797
19.721874713897705; 0.54594128113879
19.737112522125244; 0.54594128113879
19.75959587097168; 0.5359697508896797
19.772096872329712; 0.54594128113879
19.784562587738037; 0.54594128113879
19.798089504241943; 0.54594128113879
19.81134057044983; 0.54594128113879
19.834911108016968; 0.54594128113879
19.854118824005127; 0.54594128113879
19.86868929862976; 0.54594128113879
19.883365392684937; 0.54594128113879
19.898974180221558; 0.54594128113879
19.916500329971313; 0.54594128113879
19.93445372581482; 0.54594128113879
19.950436115264893; 0.5359697508896797
19.967114210128784; 0.54594128113879
19.981467485427856; 0.54594128113879
20.000059127807617; 0.5359697508896797
20.021580457687378; 0.54594128113879
20.04420304298401; 0.54594128113879
20.06235909461975; 0.54594128113879
20.07705044746399; 0.54594128113879
20.091264009475708; 0.54594128113879
20.105703830718994; 0.54594128113879
20.11944341659546; 0.54594128113879
20.132642030715942; 0.54594128113879
20.15358328819275; 0.54594128113879
20.169562101364136; 0.54594128113879
20.201053380966187; 0.54594128113879
20.22016429901123; 0.54594128113879
20.23402428627014; 0.54594128113879
20.253127336502075; 0.54594128113879
20.27100896835327; 0.54594128113879
20.288529872894287; 0.54594128113879
20.310657262802124; 0.54594128113879
20.323157787322998; 0.54594128113879
20.3363516330719; 0.54594128113879
20.349435567855835; 0.54594128113879
20.36770248413086; 0.54594128113879
20.39353322982788; 0.54594128113879
20.406848669052124; 0.54594128113879
20.42455554008484; 0.54594128113879
20.443513870239258; 0.54594128113879
20.45820665359497; 0.54594128113879
20.47521996498108; 0.5359697508896797
20.491546630859375; 0.54594128113879
20.509334802627563; 0.5359697508896797
20.524497032165527; 0.5359697508896797
20.53937578201294; 0.54594128113879
20.55755090713501; 0.54594128113879
20.579343557357788; 0.54594128113879
20.595465898513794; 0.5359697508896797
20.616268157958984; 0.54594128113879
20.629997491836548; 0.54594128113879
20.643715620040894; 0.54594128113879
20.65855646133423; 0.54594128113879
20.67225742340088; 0.54594128113879
20.689714431762695; 0.54594128113879
20.70465660095215; 0.54594128113879
20.72016215324402; 0.5359697508896797
20.744253396987915; 0.5359697508896797
20.762091159820557; 0.54594128113879
20.777533292770386; 0.5359697508896797
20.790679693222046; 0.54594128113879
20.810235261917114; 0.54594128113879
20.83021354675293; 0.54594128113879
20.852030515670776; 0.54594128113879
20.86866521835327; 0.54594128113879
20.881160497665405; 0.54594128113879
20.89697504043579; 0.5359697508896797
20.91536784172058; 0.54594128113879
20.936091899871826; 0.54594128113879
20.95150065422058; 0.5359697508896797
20.966903686523438; 0.54594128113879
20.98064136505127; 0.54594128113879
20.993627071380615; 0.54594128113879
21.007774591445923; 0.54594128113879
21.021525621414185; 0.54594128113879
21.034594535827637; 0.54594128113879
21.050594568252563; 0.54594128113879
21.064891815185547; 0.54594128113879
21.078479766845703; 0.54594128113879
21.09380292892456; 0.5359697508896797
21.107908964157104; 0.54594128113879
21.125202178955078; 0.54594128113879
21.139106273651123; 0.5359697508896797
21.155015468597412; 0.54594128113879
21.169760704040527; 0.54594128113879
21.182934284210205; 0.5359697508896797
21.196664571762085; 0.54594128113879
21.21076989173889; 0.54594128113879
21.224156618118286; 0.54594128113879
21.23731017112732; 0.54594128113879
21.252495765686035; 0.54594128113879
21.26755166053772; 0.54594128113879
21.29135823249817; 0.54594128113879
21.308796167373657; 0.54594128113879
21.323709964752197; 0.5359697508896797
21.337114334106445; 0.5359697508896797
21.350451231002808; 0.54594128113879
21.36778211593628; 0.54594128113879
21.384341716766357; 0.54594128113879
21.399398803710938; 0.5359697508896797
21.415887117385864; 0.54594128113879
21.439552545547485; 0.54594128113879
21.456225156784058; 0.54594128113879
21.4694344997406; 0.5359697508896797
21.4819278717041; 0.54594128113879
21.494967699050903; 0.5359697508896797
21.513094186782837; 0.5359697508896797
21.53767704963684; 0.54594128113879
21.552093029022217; 0.5359697508896797
21.570172548294067; 0.54594128113879
21.585970163345337; 0.5359697508896797
21.599097967147827; 0.54594128113879
21.619515657424927; 0.5359697508896797
21.63268804550171; 0.54594128113879
21.64976716041565; 0.54594128113879
21.663278102874756; 0.54594128113879
21.68032670021057; 0.5359697508896797
21.697153568267822; 0.54594128113879
21.722935438156128; 0.5359697508896797
21.740966081619263; 0.5359697508896797
21.755728721618652; 0.5359697508896797
21.774343967437744; 0.54594128113879
21.788241863250732; 0.54594128113879
21.8016254901886; 0.54594128113879
21.81706428527832; 0.54594128113879
21.837918043136597; 0.54594128113879
21.853672981262207; 0.54594128113879
21.876802921295166; 0.54594128113879
21.895355939865112; 0.5359697508896797
21.916147470474243; 0.5359697508896797
21.93123435974121; 0.54594128113879
21.94727849960327; 0.54594128113879
21.963070154190063; 0.54594128113879
21.979878187179565; 0.54594128113879
22.04393434524536; 0.54594128113879
22.06196165084839; 0.54594128113879
22.075254440307617; 0.54594128113879
22.08843445777893; 0.54594128113879
22.10154938697815; 0.54594128113879
22.119728326797485; 0.54594128113879
22.14328098297119; 0.54594128113879
22.156221389770508; 0.5359697508896797
22.173529148101807; 0.54594128113879
22.190568447113037; 0.54594128113879
22.208152055740356; 0.5359697508896797
22.2244610786438; 0.54594128113879
22.238574981689453; 0.5359697508896797
22.255361795425415; 0.54594128113879
22.279356718063354; 0.54594128113879
22.29706048965454; 0.5359697508896797
22.324694871902466; 0.54594128113879
22.360806941986084; 0.54594128113879
22.379864931106567; 0.54594128113879
22.395044326782227; 0.54594128113879
22.41198182106018; 0.5359697508896797
22.427223682403564; 0.54594128113879
22.440509557724; 0.5359697508896797
22.453852891921997; 0.5359697508896797
22.469117879867554; 0.54594128113879
22.490052223205566; 0.54594128113879
22.504685878753662; 0.54594128113879
22.52144765853882; 0.54594128113879
22.54433035850525; 0.54594128113879
22.557719230651855; 0.54594128113879
22.571357488632202; 0.54594128113879
22.585148811340332; 0.54594128113879
22.604423761367798; 0.54594128113879
22.62137484550476; 0.54594128113879
22.682871103286743; 0.54594128113879
22.70115900039673; 0.54594128113879
22.71434736251831; 0.54594128113879
22.726909637451172; 0.54594128113879
22.74010729789734; 0.54594128113879
22.758246660232544; 0.5359697508896797
22.782854080200195; 0.5359697508896797
22.795732259750366; 0.54594128113879
22.812578439712524; 0.5359697508896797
22.829874753952026; 0.54594128113879
22.844075202941895; 0.54594128113879
22.861095666885376; 0.54594128113879
22.878376245498657; 0.54594128113879
22.895192861557007; 0.54594128113879
22.90867018699646; 0.54594128113879
22.92628812789917; 0.54594128113879
22.94490361213684; 0.54594128113879
22.959518432617188; 0.54594128113879
22.975518703460693; 0.54594128113879
22.995516777038574; 0.54594128113879
23.00876545906067; 0.54594128113879
23.022754907608032; 0.54594128113879
23.043421030044556; 0.5359697508896797
23.061636686325073; 0.5359697508896797
23.078988552093506; 0.54594128113879
23.09388828277588; 0.54594128113879
23.109248638153076; 0.54594128113879
23.127291679382324; 0.54594128113879
23.143579483032227; 0.54594128113879
23.211272716522217; 0.54594128113879
23.229340314865112; 0.54594128113879
23.24185800552368; 0.54594128113879
23.254369020462036; 0.5359697508896797
23.267401456832886; 0.5359697508896797
23.280431985855103; 0.54594128113879
23.298167943954468; 0.54594128113879
23.319405555725098; 0.54594128113879
23.33287000656128; 0.54594128113879
23.35003685951233; 0.5359697508896797
23.367332458496094; 0.54594128113879
23.380828380584717; 0.54594128113879
23.39936065673828; 0.54594128113879
23.41392993927002; 0.5359697508896797
23.42958354949951; 0.54594128113879
23.44260549545288; 0.54594128113879
23.45963978767395; 0.54594128113879
23.47663426399231; 0.54594128113879
23.497604370117188; 0.5359697508896797
23.511197566986084; 0.54594128113879
23.52741765975952; 0.54594128113879
23.544203519821167; 0.54594128113879
23.55747389793396; 0.54594128113879
23.57454824447632; 0.54594128113879
23.59071683883667; 0.54594128113879
23.605013608932495; 0.54594128113879
23.61953616142273; 0.54594128113879
23.633251190185547; 0.54594128113879
23.647382974624634; 0.54594128113879
23.66516089439392; 0.54594128113879
23.68103861808777; 0.54594128113879
23.699007034301758; 0.54594128113879
23.764702081680298; 0.5359697508896797
23.777841091156006; 0.5359697508896797
23.79114866256714; 0.5359697508896797
23.804304361343384; 0.54594128113879
23.81740641593933; 0.5359697508896797
23.835201263427734; 0.54594128113879
23.856749773025513; 0.54594128113879
23.87002944946289; 0.54594128113879
23.88707709312439; 0.54594128113879
23.90175724029541; 0.5359697508896797
23.918671131134033; 0.54594128113879
23.93342089653015; 0.54594128113879
23.951539278030396; 0.54594128113879
23.974823236465454; 0.54594128113879
23.990721225738525; 0.54594128113879
24.00793981552124; 0.5359697508896797
24.023276567459106; 0.54594128113879
24.04629683494568; 0.54594128113879
24.0625958442688; 0.5359697508896797
24.08271884918213; 0.54594128113879
24.101632356643677; 0.54594128113879
24.12073040008545; 0.54594128113879
24.140485286712646; 0.54594128113879
24.155604124069214; 0.54594128113879
24.171228170394897; 0.54594128113879
24.188406705856323; 0.54594128113879
24.205681085586548; 0.54594128113879
24.22287678718567; 0.54594128113879
24.241758346557617; 0.54594128113879
24.258601665496826; 0.54594128113879
24.31687331199646; 0.54594128113879
24.334949731826782; 0.54594128113879
24.34829592704773; 0.54594128113879
24.361494302749634; 0.54594128113879
24.387980699539185; 0.54594128113879
24.416651010513306; 0.54594128113879
24.43318819999695; 0.54594128113879
24.448028326034546; 0.54594128113879
24.461730003356934; 0.54594128113879
24.474878311157227; 0.54594128113879
24.492725610733032; 0.54594128113879
24.514710426330566; 0.54594128113879
24.529777765274048; 0.54594128113879
24.545156478881836; 0.54594128113879
24.559699773788452; 0.54594128113879
24.578834295272827; 0.5359697508896797
24.59260368347168; 0.54594128113879
24.607269287109375; 0.54594128113879
24.62260365486145; 0.54594128113879
24.635701179504395; 0.5359697508896797
24.65380620956421; 0.54594128113879
24.666767835617065; 0.54594128113879
24.68238377571106; 0.54594128113879
24.69740653038025; 0.54594128113879
24.712737798690796; 0.54594128113879
24.728337287902832; 0.5359697508896797
24.74114990234375; 0.54594128113879
24.757367372512817; 0.54594128113879
24.776461124420166; 0.54594128113879
24.791261434555054; 0.54594128113879
24.80743384361267; 0.54594128113879
24.82114863395691; 0.54594128113879
24.839359998703003; 0.54594128113879
24.85572910308838; 0.5359697508896797
24.874048471450806; 0.54594128113879
24.94016456604004; 0.5359697508896797
24.953352689743042; 0.54594128113879
24.966490030288696; 0.54594128113879
24.97956609725952; 0.54594128113879
24.99782967567444; 0.5359697508896797
25.026082277297974; 0.54594128113879
25.039432287216187; 0.54594128113879
25.05722999572754; 0.54594128113879
25.07494068145752; 0.54594128113879
25.088685989379883; 0.54594128113879
25.109102487564087; 0.54594128113879
25.12255883216858; 0.54594128113879
25.141419887542725; 0.54594128113879
25.155683994293213; 0.54594128113879
25.17413306236267; 0.54594128113879
25.18751287460327; 0.54594128113879
25.213022708892822; 0.54594128113879
25.22969388961792; 0.54594128113879
25.24643898010254; 0.54594128113879
25.266721487045288; 0.54594128113879
25.281436443328857; 0.54594128113879
25.30063557624817; 0.54594128113879
25.316642999649048; 0.54594128113879
25.33558750152588; 0.5359697508896797
25.35033893585205; 0.54594128113879
25.365310192108154; 0.5359697508896797
25.379130840301514; 0.54594128113879
25.400081396102905; 0.54594128113879
25.415573596954346; 0.54594128113879
25.433724641799927; 0.54594128113879
25.497909784317017; 0.54594128113879
25.510413646697998; 0.54594128113879
25.522904634475708; 0.54594128113879
25.536147832870483; 0.54594128113879
25.549855709075928; 0.54594128113879
25.568690061569214; 0.5359697508896797
25.596739530563354; 0.54594128113879
25.612229824066162; 0.54594128113879
25.629879236221313; 0.54594128113879
25.64752721786499; 0.5359697508896797
25.66300940513611; 0.54594128113879
25.68042826652527; 0.54594128113879
25.695204257965088; 0.54594128113879
25.715823888778687; 0.5359697508896797
25.730517387390137; 0.54594128113879
25.744500160217285; 0.54594128113879
25.768569469451904; 0.54594128113879
25.783721923828125; 0.54594128113879
25.796989917755127; 0.54594128113879
25.815162181854248; 0.54594128113879
25.82970142364502; 0.54594128113879
25.843552827835083; 0.54594128113879
25.860937356948853; 0.54594128113879
25.877543449401855; 0.54594128113879
25.892353534698486; 0.54594128113879
25.907456636428833; 0.5359697508896797
25.921331882476807; 0.5359697508896797
25.936150312423706; 0.54594128113879
25.954427003860474; 0.54594128113879
25.97078847885132; 0.54594128113879
25.989054918289185; 0.54594128113879
26.05325698852539; 0.54594128113879
26.065738439559937; 0.54594128113879
26.078777074813843; 0.54594128113879
26.092628479003906; 0.5359697508896797
26.111762762069702; 0.54594128113879
26.13995099067688; 0.54594128113879
26.154797792434692; 0.5359697508896797
26.175358057022095; 0.54594128113879
26.192617177963257; 0.54594128113879
26.206743955612183; 0.54594128113879
26.22449278831482; 0.54594128113879
26.239729642868042; 0.5359697508896797
26.254443168640137; 0.54594128113879
26.269553422927856; 0.54594128113879
26.286105632781982; 0.54594128113879
26.31628727912903; 0.54594128113879
26.334887981414795; 0.54594128113879
26.354662656784058; 0.54594128113879
26.368499755859375; 0.54594128113879
26.381847620010376; 0.54594128113879
26.402350902557373; 0.54594128113879
26.418161630630493; 0.5359697508896797
26.436826705932617; 0.54594128113879
26.451753854751587; 0.54594128113879
26.468755960464478; 0.54594128113879
26.485929250717163; 0.5359697508896797
26.505382299423218; 0.5359697508896797
26.522157192230225; 0.54594128113879
26.587290287017822; 0.54594128113879
26.600494623184204; 0.54594128113879
26.61299729347229; 0.5359697508896797
26.626150608062744; 0.54594128113879
