0.0032045841217041016; 0.08
0.020552635192871094; 0.12
0.0347592830657959; 0.08
0.047476768493652344; 0.09
0.07197809219360352; 0.15
0.08709049224853516; 0.14
0.10104799270629883; 0.09
0.11429095268249512; 0.16
0.1327531337738037; 0.17
0.1534883975982666; 0.13
0.16782283782958984; 0.12
0.1843571662902832; 0.11
0.2005777359008789; 0.11
0.21448659896850586; 0.18
0.23064255714416504; 0.12
0.24654817581176758; 0.19
0.26571059226989746; 0.15
0.2821309566497803; 0.14
0.2987678050994873; 0.13
0.31598520278930664; 0.15
0.33249783515930176; 0.15
0.3486661911010742; 0.21
0.36730194091796875; 0.17
0.38046932220458984; 0.24
0.39295458793640137; 0.18
0.40608739852905273; 0.2
0.41916418075561523; 0.25
0.4322090148925781; 0.2
0.4451732635498047; 0.27
0.4579033851623535; 0.28
0.47067928314208984; 0.21
0.48380589485168457; 0.27
0.49672698974609375; 0.28
0.5096700191497803; 0.29
0.5238170623779297; 0.25
0.5380353927612305; 0.29
0.5545139312744141; 0.27
0.5703949928283691; 0.33
0.5846784114837646; 0.3
0.5986135005950928; 0.35
0.6123342514038086; 0.29
0.6266751289367676; 0.37
0.6399140357971191; 0.32
0.653580904006958; 0.39
0.6670317649841309; 0.34
0.6824173927307129; 0.35
0.6984891891479492; 0.35
0.7153167724609375; 0.38
0.7332913875579834; 0.45
0.7482056617736816; 0.44
0.7665004730224609; 0.48
0.7803449630737305; 0.43
0.7985038757324219; 0.46
0.8178226947784424; 0.53
0.8341021537780762; 0.55
0.851085901260376; 0.57
0.865227460861206; 0.55
0.8840160369873047; 0.61
0.8988945484161377; 0.64
0.917316198348999; 0.65
0.9329428672790527; 0.63
0.9493749141693115; 0.68
0.9682774543762207; 0.69
0.9842231273651123; 0.72
1.0088415145874023; 0.7
1.0220000743865967; 0.74
1.0354070663452148; 0.75
1.0485248565673828; 0.71
1.064795970916748; 0.79
1.0871949195861816; 0.75
1.1044681072235107; 0.77
1.1205024719238281; 0.79
1.1364343166351318; 0.81
1.1502842903137207; 0.83
1.163681983947754; 0.9
1.1766619682312012; 0.86
1.1910400390625; 0.93
1.207962989807129; 0.95
1.2211039066314697; 0.89
1.2398920059204102; 0.98
1.2533063888549805; 0.98
1.270707607269287; 1.0
1.2880027294158936; 1.02
1.3058357238769531; 0.97
1.3253655433654785; 1.05
1.3387181758880615; 1.01
1.3538310527801514; 1.02
1.3705933094024658; 1.02
1.3886020183563232; 1.02
1.4091901779174805; 0.97
1.4309463500976562; 0.92
1.4458513259887695; 0.84
1.4602830410003662; 0.87
1.4745774269104004; 0.86
1.4910011291503906; 0.84
1.5077030658721924; 0.8
1.5234992504119873; 0.78
1.5402345657348633; 0.76
1.560370683670044; 0.67
1.5758960247039795; 0.64
1.588376760482788; 0.68
1.601520299911499; 0.6
1.6177599430084229; 0.63
1.6336076259613037; 0.62
1.6517853736877441; 0.52
1.6722466945648193; 0.54
1.6895794868469238; 0.48
1.7057082653045654; 0.46
1.722473382949829; 0.45
1.7409400939941406; 0.49
1.7574083805084229; 0.45
1.773902416229248; 0.44
1.7911791801452637; 0.39
1.8088622093200684; 0.34
1.8304877281188965; 0.33
1.8509173393249512; 0.33
1.866173505783081; 0.36
1.883547306060791; 0.29
1.900111436843872; 0.27
1.9135935306549072; 0.34
1.9269981384277344; 0.29
1.9405605792999268; 0.37
1.955744743347168; 0.35
1.9796814918518066; 0.42
1.9962396621704102; 0.45
2.0153896808624268; 0.46
2.0335464477539062; 0.5
2.0533101558685303; 0.46
2.0665695667266846; 0.54
2.079998016357422; 0.51
2.098724603652954; 0.59
2.1193695068359375; 0.62
2.1420629024505615; 0.65
2.1547598838806152; 0.62
2.1673402786254883; 0.69
2.180582284927368; 0.7
2.194286346435547; 0.69
2.2114386558532715; 0.76
2.2263612747192383; 0.72
2.241140365600586; 0.74
2.2577505111694336; 0.76
2.2727019786834717; 0.8
2.289679765701294; 0.81
2.3040683269500732; 0.88
2.3217313289642334; 0.85
2.338886022567749; 0.86
2.352491855621338; 0.94
2.367227077484131; 0.96
2.382892608642578; 0.95
2.400167942047119; 1.0
2.416714668273926; 1.01
2.43044114112854; 0.95
2.443718433380127; 1.04
2.461029529571533; 0.99
2.475874900817871; 0.98
2.49749493598938; 0.93
2.5178728103637695; 0.89
2.5323305130004883; 0.81
2.5496745109558105; 0.77
2.5690176486968994; 0.81
2.592205762863159; 0.71
2.6097302436828613; 0.68
2.6222729682922363; 0.72
2.6348164081573486; 0.65
2.6481380462646484; 0.66
2.6629979610443115; 0.6
2.676111936569214; 0.65
2.69170880317688; 0.55
2.7062933444976807; 0.54
2.719627857208252; 0.57
2.7370262145996094; 0.56
2.7547688484191895; 0.48
2.768629312515259; 0.52
2.7911596298217773; 0.49
2.8058536052703857; 0.46
2.823342800140381; 0.46
2.838545322418213; 0.43
2.8555867671966553; 0.41
2.8730196952819824; 0.34
2.887012004852295; 0.39
2.9093549251556396; 0.38
2.92840313911438; 0.28
2.942126989364624; 0.33
2.955968141555786; 0.29
2.973949670791626; 0.32
2.9946773052215576; 0.3
3.0150394439697266; 0.27
3.0354175567626953; 0.3
3.0489604473114014; 0.38
3.0656065940856934; 0.39
3.083861827850342; 0.37
3.104030132293701; 0.44
3.12956166267395; 0.48
3.142759084701538; 0.46
3.1559805870056152; 0.46
3.1691319942474365; 0.54
3.182779312133789; 0.56
3.1969783306121826; 0.58
3.2149088382720947; 0.61
3.2291359901428223; 0.63
3.2435054779052734; 0.59
3.2610762119293213; 0.65
3.2749528884887695; 0.64
3.2930147647857666; 0.69
3.3109307289123535; 0.74
3.3241379261016846; 0.71
3.3394651412963867; 0.72
3.356374979019165; 0.75
3.372532367706299; 0.78
3.3876941204071045; 0.81
3.4012746810913086; 0.87
3.419184446334839; 0.9
3.439544677734375; 0.92
3.453035354614258; 0.87
3.466891288757324; 0.95
3.484112501144409; 0.97
3.5004849433898926; 0.98
3.5210983753204346; 1.02
3.542343854904175; 1.01
3.5564913749694824; 0.92
3.57059645652771; 0.94
3.587594509124756; 0.89
3.6045501232147217; 0.82
3.626936197280884; 0.83
3.6429102420806885; 0.75
3.6562349796295166; 0.79
3.668759346008301; 0.78
3.682013750076294; 0.71
3.698776960372925; 0.67
3.7132411003112793; 0.7
3.7276742458343506; 0.62
3.747270107269287; 0.65
3.7641475200653076; 0.58
3.779571771621704; 0.6
3.7969019412994385; 0.52
3.810553550720215; 0.56
3.828077554702759; 0.53
3.8438639640808105; 0.52
3.8621342182159424; 0.44
3.8832337856292725; 0.4
3.9020159244537354; 0.45
3.9219260215759277; 0.36
3.940516710281372; 0.4
3.9542367458343506; 0.33
3.9682083129882812; 0.37
3.9826223850250244; 0.37
4.003064393997192; 0.28
4.021231412887573; 0.33
4.043415784835815; 0.32
4.063539981842041; 0.3
4.077392101287842; 0.23
4.093387603759766; 0.25
4.1113128662109375; 0.31
4.126631736755371; 0.29
4.150601387023926; 0.38
4.163783311843872; 0.34
4.17631196975708; 0.42
4.18961763381958; 0.38
4.202815055847168; 0.4
4.217243671417236; 0.42
4.230885744094849; 0.5
4.244948148727417; 0.44
4.264437198638916; 0.54
4.282087802886963; 0.52
4.295879364013672; 0.59
4.311017990112305; 0.56
4.3275721073150635; 0.59
4.345569133758545; 0.66
4.3605194091796875; 0.68
4.378969192504883; 0.69
4.399435043334961; 0.73
4.4124579429626465; 0.69
4.429297685623169; 0.71
4.442456483840942; 0.8
4.458110570907593; 0.82
4.479256868362427; 0.85
4.494035482406616; 0.82
4.5101704597473145; 0.82
4.526291370391846; 0.85
4.545344829559326; 0.93
4.565195322036743; 0.96
4.579871654510498; 0.91
4.593061923980713; 1.0
4.611514568328857; 0.96
4.627794504165649; 0.93
4.657857179641724; 0.93
4.67049503326416; 0.85
4.683995246887207; 0.88
4.6975014209747314; 0.81
4.7166643142700195; 0.81
4.7313456535339355; 0.74
4.7445502281188965; 0.78
4.759887933731079; 0.74
4.77351975440979; 0.67
4.7877349853515625; 0.7
4.8041534423828125; 0.68
4.817677736282349; 0.59
4.834060907363892; 0.58
4.847361326217651; 0.62
4.862636566162109; 0.6
4.879899263381958; 0.58
4.897979021072388; 0.48
4.916818380355835; 0.52
4.934614896774292; 0.48
4.953455924987793; 0.41
4.972362518310547; 0.44
4.991075277328491; 0.37
5.006715297698975; 0.37
5.0240631103515625; 0.34
5.041595697402954; 0.38
5.057842016220093; 0.37
5.0717949867248535; 0.29
5.090892791748047; 0.33
5.110924482345581; 0.31
5.1362504959106445; 0.23
5.148841619491577; 0.29
5.16163444519043; 0.26
5.175319671630859; 0.26
5.188575029373169; 0.31
5.201730489730835; 0.28
5.215342044830322; 0.35
5.233100175857544; 0.33
5.247798681259155; 0.37
5.263483762741089; 0.41
5.280122756958008; 0.44
5.295209884643555; 0.45
5.311569929122925; 0.49
5.328032970428467; 0.51
5.34550142288208; 0.54
5.361037969589233; 0.55
5.378137826919556; 0.58
5.398197650909424; 0.61
5.415740013122559; 0.63
5.43442702293396; 0.6
5.451206207275391; 0.64
5.465103626251221; 0.67
5.48057222366333; 0.73
5.499247074127197; 0.69
5.515500783920288; 0.71
5.532193422317505; 0.74
5.555559873580933; 0.82
5.5715460777282715; 0.85
5.591234922409058; 0.81
5.612671852111816; 0.84
5.630568504333496; 0.92
5.656350612640381; 0.94
5.668992757797241; 0.97
5.681553363800049; 0.92
5.695203065872192; 1.01
5.713449239730835; 0.92
5.729309320449829; 0.94
5.744410991668701; 0.93
5.76284384727478; 0.83
5.780021667480469; 0.79
5.79583740234375; 0.75
5.813798189163208; 0.8
5.829439878463745; 0.76
5.84484601020813; 0.68
5.860087633132935; 0.66
5.876948595046997; 0.63
5.895620584487915; 0.67
5.909629821777344; 0.59
5.931650638580322; 0.59
5.949186086654663; 0.6
5.9643394947052; 0.56
5.97793984413147; 0.48
5.9966676235198975; 0.52
6.0123021602630615; 0.45
6.035509824752808; 0.47
6.0508904457092285; 0.45
6.065158128738403; 0.38
6.079177618026733; 0.42
6.097615957260132; 0.34
6.11737847328186; 0.37
6.14285945892334; 0.36
6.155418872833252; 0.28
6.168026685714722; 0.29
6.181631326675415; 0.31
6.194998264312744; 0.25
6.208169221878052; 0.3
6.227017641067505; 0.22
6.244724988937378; 0.28
6.265387058258057; 0.24
6.283504247665405; 0.32
6.298622131347656; 0.35
6.315628528594971; 0.37
6.3327720165252686; 0.39
6.346410751342773; 0.38
6.361895799636841; 0.37
6.378877401351929; 0.41
6.397509574890137; 0.47
6.411942958831787; 0.5
6.433167457580566; 0.52
6.452428579330444; 0.5
6.46605920791626; 0.57
6.4796106815338135; 0.53
6.494690179824829; 0.62
6.514011383056641; 0.65
6.529202461242676; 0.6
6.547906160354614; 0.7
6.567123889923096; 0.66
6.582327842712402; 0.69
6.5956034660339355; 0.76
6.6147682666778564; 0.73
6.634525537490845; 0.82
6.66124415397644; 0.86
6.67444109916687; 0.81
6.686971187591553; 0.89
6.700382709503174; 0.85
6.716686964035034; 0.87
6.7316131591796875; 0.95
6.7455079555511475; 0.92
6.763406753540039; 0.99
6.778840065002441; 1.01
6.792346239089966; 0.92
6.8101043701171875; 0.89
6.823511600494385; 0.91
6.842217206954956; 0.82
6.857124328613281; 0.8
6.873308897018433; 0.76
6.887493133544922; 0.8
6.9112629890441895; 0.7
6.926851034164429; 0.68
6.941650390625; 0.71
6.958906888961792; 0.63
6.9732160568237305; 0.66
6.9876322746276855; 0.58
7.005685806274414; 0.61
7.020562410354614; 0.53
7.037643671035767; 0.56
7.060928583145142; 0.54
7.080233573913574; 0.48
7.099522590637207; 0.43
7.118002653121948; 0.44
7.137086868286133; 0.39
7.157087326049805; 0.38
7.173633337020874; 0.39
7.186889171600342; 0.32
7.200133800506592; 0.37
7.213498830795288; 0.3
7.227874755859375; 0.34
7.242560148239136; 0.33
7.259798526763916; 0.32
7.274913311004639; 0.31
7.292961835861206; 0.29
7.308056831359863; 0.29
7.321966171264648; 0.21
7.337733030319214; 0.23
7.355334758758545; 0.31
7.370144367218018; 0.27
7.3877363204956055; 0.35
7.41015362739563; 0.39
7.425323963165283; 0.39
7.441401720046997; 0.4
7.4566428661346436; 0.38
7.47429895401001; 0.47
7.489023923873901; 0.43
7.508018970489502; 0.52
7.527930736541748; 0.55
7.5472962856292725; 0.52
7.573359966278076; 0.59
7.592146396636963; 0.61
7.606039047241211; 0.61
7.619883298873901; 0.68
7.637518882751465; 0.7
7.6535210609436035; 0.73
7.675403118133545; 0.76
7.687946081161499; 0.71
7.700483322143555; 0.81
7.713738203048706; 0.75
7.727134943008423; 0.8
7.742596387863159; 0.79
7.756295919418335; 0.87
7.76961088180542; 0.83
7.786484479904175; 0.85
7.8041839599609375; 0.93
7.819121599197388; 0.92
7.836434364318848; 0.98
7.852549076080322; 1.0
7.8700690269470215; 0.97
7.885746955871582; 0.95
7.903855562210083; 0.85
7.922989130020142; 0.88
7.937166929244995; 0.78
7.9541730880737305; 0.81
7.971227407455444; 0.79
7.985701560974121; 0.7
8.00418496131897; 0.73
8.018261432647705; 0.65
8.033614873886108; 0.62
8.057017087936401; 0.64
8.07504153251648; 0.62
8.098560094833374; 0.52
8.11614727973938; 0.56
8.13137173652649; 0.47
8.145414352416992; 0.52
8.17178726196289; 0.48
8.192900896072388; 0.46
8.2109956741333; 0.38
8.22410535812378; 0.42
8.236656427383423; 0.39
8.250227928161621; 0.35
8.264622449874878; 0.34
8.279135704040527; 0.36
8.292357206344604; 0.29
8.313109159469604; 0.29
8.330268621444702; 0.25
8.346168756484985; 0.25
8.364525079727173; 0.27
8.381807327270508; 0.28
8.395076036453247; 0.22
8.413867950439453; 0.29
8.429693222045898; 0.31
8.446518898010254; 0.33
8.460564374923706; 0.28
8.477920532226562; 0.35
8.49431848526001; 0.39
8.507980823516846; 0.34
8.521981000900269; 0.41
8.539767503738403; 0.42
8.555227041244507; 0.46
8.5748131275177; 0.47
8.590051889419556; 0.46
8.609950304031372; 0.5
8.627935409545898; 0.51
8.643850088119507; 0.6
8.668622732162476; 0.63
8.684848308563232; 0.65
8.697465181350708; 0.62
8.710092306137085; 0.69
8.723293781280518; 0.66
8.736714124679565; 0.72
8.749128103256226; 0.74
8.7648286819458; 0.77
8.779740333557129; 0.79
8.793216943740845; 0.76
8.810696601867676; 0.77
8.828175783157349; 0.86
8.841857433319092; 0.81
8.86009955406189; 0.87
8.875157833099365; 0.85
8.894123315811157; 0.94
8.90875792503357; 0.94
8.922506332397461; 0.93
8.93695330619812; 1.0
8.952558040618896; 0.97
8.971757888793945; 0.86
8.990017890930176; 0.89
9.010179996490479; 0.8
9.023360013961792; 0.83
9.041046142578125; 0.76
9.060790538787842; 0.77
9.078631162643433; 0.71
9.092248678207397; 0.68
9.107176780700684; 0.63
9.126112937927246; 0.65
9.145772457122803; 0.58
9.173717737197876; 0.59
9.186861753463745; 0.5
9.200063943862915; 0.55
9.213436365127563; 0.48
9.22684907913208; 0.48
9.239266633987427; 0.49
9.252043008804321; 0.42
9.266599416732788; 0.43
9.281512022018433; 0.44
9.29477596282959; 0.37
9.311791181564331; 0.35
9.32927393913269; 0.38
9.345497846603394; 0.38
9.361137390136719; 0.33
9.3756263256073; 0.28
9.39116382598877; 0.28
9.404738187789917; 0.31
9.422430276870728; 0.31
9.437128067016602; 0.3
9.458431005477905; 0.28
9.476624965667725; 0.27
9.494616746902466; 0.21
9.508260011672974; 0.29
9.522158861160278; 0.25
9.541178941726685; 0.34
9.564013481140137; 0.31
9.584786176681519; 0.39
9.599756479263306; 0.41
9.617465496063232; 0.42
9.63361644744873; 0.44
9.655620813369751; 0.43
9.67431640625; 0.52
9.687030553817749; 0.52
9.699668407440186; 0.48
9.713104486465454; 0.57
9.726518869400024; 0.54
9.739603519439697; 0.61
9.752412557601929; 0.58
9.767605781555176; 0.66
9.782588481903076; 0.67
9.796534776687622; 0.63
9.816235065460205; 0.72
9.833675146102905; 0.69
9.848248720169067; 0.77
9.861855745315552; 0.73
9.87570333480835; 0.8
9.893292427062988; 0.78
9.906778335571289; 0.85
9.924142360687256; 0.88
9.93936276435852; 0.89
9.955557584762573; 0.92
9.972633600234985; 0.94
9.990392684936523; 0.9
10.00563907623291; 0.95
10.024189949035645; 0.94
10.041228532791138; 0.94
10.056979894638062; 0.9
10.080070495605469; 0.86
10.094600200653076; 0.82
10.11049771308899; 0.76
10.128932237625122; 0.77
10.145364761352539; 0.74
10.172611474990845; 0.64
10.191707611083984; 0.66
10.204216480255127; 0.65
10.21690034866333; 0.59
10.230416297912598; 0.62
10.244022607803345; 0.54
10.257078170776367; 0.58
10.284324645996094; 0.54
10.298643589019775; 0.46
10.318322896957397; 0.48
10.335978269577026; 0.41
10.350671529769897; 0.44
10.365796327590942; 0.43
10.38034725189209; 0.39
10.397771120071411; 0.39
10.412512302398682; 0.31
10.4299476146698; 0.36
10.452939748764038; 0.28
10.46717095375061; 0.26
10.481771230697632; 0.25
10.49792742729187; 0.24
10.513518333435059; 0.29
10.53000545501709; 0.28
10.544517278671265; 0.27
10.56851053237915; 0.26
10.587642431259155; 0.23
10.609155178070068; 0.25
10.628279209136963; 0.33
10.648293495178223; 0.3
10.661967515945435; 0.38
10.679845333099365; 0.38
10.69551706314087; 0.42
10.71796703338623; 0.39
10.735957860946655; 0.46
10.749109506607056; 0.5
10.762380361557007; 0.47
10.77632474899292; 0.46
10.793117046356201; 0.49
10.807909727096558; 0.57
10.821282386779785; 0.53
10.841747045516968; 0.56
10.859210729598999; 0.62
10.87477421760559; 0.61
10.892637491226196; 0.7
10.908984661102295; 0.66
10.923341751098633; 0.68
10.940447092056274; 0.7
10.954177618026733; 0.79
10.97050952911377; 0.81
10.984519958496094; 0.75
11.002455949783325; 0.78
11.017499208450317; 0.81
11.034377574920654; 0.83
11.051640272140503; 0.91
11.068070650100708; 0.91
11.092353343963623; 0.93
11.114156484603882; 0.98
11.13676142692566; 0.95
11.150591850280762; 0.88
11.166056394577026; 0.84
11.188106536865234; 0.79
11.20609974861145; 0.82
11.226709604263306; 0.72
11.249326229095459; 0.74
11.268493175506592; 0.7
11.2810697555542; 0.63
11.293662071228027; 0.67
11.307011365890503; 0.65
11.324015378952026; 0.58
11.339043378829956; 0.6
11.353666305541992; 0.57
11.372226476669312; 0.55
11.392765283584595; 0.47
11.408021926879883; 0.51
11.42607569694519; 0.43
11.440881967544556; 0.42
11.45531439781189; 0.45
11.472808837890625; 0.44
11.48620080947876; 0.37
11.505656242370605; 0.39
11.521697759628296; 0.38
11.54093599319458; 0.3
11.559845924377441; 0.35
11.574442625045776; 0.27
11.591562986373901; 0.32
11.616267204284668; 0.26
11.634876489639282; 0.25
11.648239135742188; 0.27
11.663530349731445; 0.26
11.677065372467041; 0.21
11.695825338363647; 0.22
11.71303677558899; 0.25
11.731419324874878; 0.32
11.758751392364502; 0.36
11.789358139038086; 0.39
11.803317785263062; 0.35
11.81668734550476; 0.42
11.830151319503784; 0.39
11.849124670028687; 0.45
11.86710810661316; 0.49
11.881035804748535; 0.45
11.897732019424438; 0.52
11.91510009765625; 0.56
11.928621768951416; 0.52
11.94593620300293; 0.55
11.959237337112427; 0.63
11.980018615722656; 0.66
11.998442888259888; 0.66
12.018142700195312; 0.71
12.031380891799927; 0.68
12.046088457107544; 0.7
12.05977749824524; 0.77
12.081454753875732; 0.8
12.098276138305664; 0.82
12.111903190612793; 0.78
12.131048202514648; 0.87
12.147660255432129; 0.89
12.167936086654663; 0.89
12.18693208694458; 0.94
12.201669931411743; 0.96
12.217414140701294; 0.93
12.234341621398926; 0.96
12.257520914077759; 0.93
12.284700870513916; 0.81
12.307383298873901; 0.79
12.342215299606323; 0.73
12.355396509170532; 0.76
12.36794638633728; 0.67
12.380511283874512; 0.65
12.395409345626831; 0.7
12.411613702774048; 0.67
12.427538394927979; 0.64
12.443220138549805; 0.56
12.466442346572876; 0.58
12.48445177078247; 0.55
12.499231815338135; 0.54
12.517335414886475; 0.47
12.532268524169922; 0.5
12.550373077392578; 0.41
12.565959453582764; 0.43
12.583224058151245; 0.38
12.609386444091797; 0.35
12.629401445388794; 0.39
12.644521951675415; 0.31
12.662646770477295; 0.36
12.677912473678589; 0.35
12.692402124404907; 0.26
12.712933778762817; 0.25
12.732036590576172; 0.3
12.752418279647827; 0.22
12.766161680221558; 0.27
12.781834602355957; 0.26
12.795863628387451; 0.2
12.814157485961914; 0.28
12.832955360412598; 0.27
12.852779865264893; 0.33
12.873377084732056; 0.3
12.902150392532349; 0.39
12.915366172790527; 0.4
12.927887439727783; 0.41
12.941100358963013; 0.37
12.95944881439209; 0.47
12.975620985031128; 0.45
12.990172147750854; 0.44
13.010327816009521; 0.53
13.028164148330688; 0.5
13.043123006820679; 0.58
13.060875177383423; 0.54
13.075753688812256; 0.62
13.092416286468506; 0.65
13.107763767242432; 0.68
13.125321865081787; 0.69
13.144529581069946; 0.66
13.159626007080078; 0.68
13.176919937133789; 0.71
13.193914890289307; 0.75
13.207507133483887; 0.81
13.232316017150879; 0.79
13.248278856277466; 0.87
13.26332974433899; 0.89
13.278603792190552; 0.9
13.296006679534912; 0.92
13.316035270690918; 0.89
13.331363916397095; 0.91
13.349216938018799; 0.91
13.36655879020691; 0.92
13.383226871490479; 0.9
13.415483951568604; 0.84
13.427985668182373; 0.81
13.440489530563354; 0.72
13.453104972839355; 0.77
13.46654462814331; 0.72
13.48487377166748; 0.66
13.501513242721558; 0.63
13.517131805419922; 0.67
13.53744626045227; 0.61
13.554681301116943; 0.61
13.569204568862915; 0.53
13.586199760437012; 0.53
13.600305318832397; 0.5
13.617838382720947; 0.46
13.631301164627075; 0.51
13.647610425949097; 0.48
13.667504072189331; 0.39
13.69214415550232; 0.39
13.708742380142212; 0.4
13.725308179855347; 0.33
13.74387264251709; 0.32
13.758278369903564; 0.33
13.78071117401123; 0.27
13.799254655838013; 0.28
13.81398868560791; 0.24
13.836556673049927; 0.29
13.851160049438477; 0.23
13.868586301803589; 0.27
13.888989925384521; 0.21
13.908060073852539; 0.27
13.925031661987305; 0.26
13.961181163787842; 0.34
13.973726987838745; 0.35
13.986286163330078; 0.3
13.99970293045044; 0.38
14.019084930419922; 0.35
14.036353826522827; 0.37
14.055194616317749; 0.45
14.06975531578064; 0.41
14.106075763702393; 0.47
14.122628927230835; 0.49
14.137226343154907; 0.49
14.154547929763794; 0.51
14.171812534332275; 0.57
14.185413837432861; 0.61
14.204668998718262; 0.65
14.22357439994812; 0.67
14.239784955978394; 0.69
14.2601478099823; 0.67
14.278708696365356; 0.68
14.298394441604614; 0.72
14.315144062042236; 0.75
14.330109357833862; 0.82
14.351014375686646; 0.85
14.386083126068115; 0.81
14.446385860443115; 0.9
14.465688467025757; 0.87
14.493999719619751; 0.91
14.508391618728638; 0.96
14.52683162689209; 0.96
14.558303833007812; 0.84
14.61281442642212; 0.73
14.631553411483765; 0.77
14.64425539970398; 0.72
14.656988859176636; 0.66
14.670231580734253; 0.7
14.688738107681274; 0.65
14.711750984191895; 0.57
14.729201555252075; 0.55
14.749869346618652; 0.52
14.76876425743103; 0.55
14.782978773117065; 0.48
14.801057577133179; 0.5
14.81508731842041; 0.43
14.832813501358032; 0.42
14.845861911773682; 0.45
14.864357233047485; 0.38
14.880831480026245; 0.36
14.899736166000366; 0.39
14.915777683258057; 0.37
14.933251857757568; 0.3
14.948028326034546; 0.35
14.962294578552246; 0.28
14.983371019363403; 0.25
14.99946117401123; 0.23
15.018718957901001; 0.28
15.037688732147217; 0.21
15.051310300827026; 0.26
15.06665825843811; 0.25
15.088005542755127; 0.21
15.105282068252563; 0.29
15.120764017105103; 0.28
15.137099266052246; 0.29
15.156377077102661; 0.3
15.184932708740234; 0.33
15.198050737380981; 0.39
15.21056079864502; 0.41
15.223761558532715; 0.39
15.242281436920166; 0.46
15.261566877365112; 0.43
15.275402307510376; 0.5
15.294044733047485; 0.48
15.312011957168579; 0.55
15.32523512840271; 0.53
15.34342098236084; 0.55
15.358922958374023; 0.57
15.376870155334473; 0.66
15.390536546707153; 0.62
15.407948732376099; 0.64
15.424144744873047; 0.67
15.44565486907959; 0.7
15.464240789413452; 0.78
15.482508182525635; 0.74
15.496241331100464; 0.83
15.509437799453735; 0.78
15.525120735168457; 0.81
15.540778160095215; 0.84
15.5554940700531; 0.91
15.573384284973145; 0.87
15.591682434082031; 0.96
15.605116367340088; 0.93
15.618448972702026; 0.97
15.639936447143555; 0.9
15.658203601837158; 0.88
15.674070119857788; 0.85
15.696551322937012; 0.72
15.714916467666626; 0.77
15.727457284927368; 0.75
15.740628242492676; 0.66
15.753673076629639; 0.71
15.771740436553955; 0.67
15.790003776550293; 0.58
15.80351710319519; 0.63
15.820526123046875; 0.54
15.840840101242065; 0.57
15.855635404586792; 0.55
15.87305998802185; 0.52
15.89038348197937; 0.44
15.903511047363281; 0.48
15.918219327926636; 0.4
15.935142755508423; 0.41
15.957915306091309; 0.41
15.976974487304688; 0.34
15.994969367980957; 0.38
16.01205062866211; 0.36
16.025818586349487; 0.34
16.04155421257019; 0.26
16.064615488052368; 0.26
16.0833420753479; 0.3
16.105485200881958; 0.28
16.12019681930542; 0.21
16.13650608062744; 0.2
16.151750087738037; 0.19
16.166527271270752; 0.25
16.187175035476685; 0.28
16.20399832725525; 0.3
16.221436977386475; 0.28
16.252408981323242; 0.37
16.266921758651733; 0.38
16.279515981674194; 0.39
16.292321920394897; 0.35
16.305883407592773; 0.42
16.319071531295776; 0.39
16.33734917640686; 0.43
16.35543704032898; 0.49
16.370962142944336; 0.52
16.387744903564453; 0.55
16.40247941017151; 0.52
16.416492462158203; 0.54
16.431570529937744; 0.61
16.44513487815857; 0.6
16.463250875473022; 0.65
16.47648310661316; 0.67
16.49344277381897; 0.67
16.506827116012573; 0.67
16.524837732315063; 0.74
16.538004159927368; 0.71
16.55643057823181; 0.77
16.570186853408813; 0.75
16.58418583869934; 0.83
16.600659608840942; 0.85
16.615415811538696; 0.81
16.629883527755737; 0.82
16.64545726776123; 0.87
16.66393280029297; 0.89
16.67912006378174; 0.89
16.694982767105103; 0.91
16.71657633781433; 0.96
16.738039255142212; 0.93
16.752456665039062; 0.84
16.77021861076355; 0.87
16.7837016582489; 0.78
16.801265954971313; 0.75
16.81955313682556; 0.78
16.83575987815857; 0.75
16.86320471763611; 0.68
16.88162851333618; 0.61
16.89477276802063; 0.65
16.907927989959717; 0.63
16.921298265457153; 0.55
16.93949055671692; 0.58
16.960387229919434; 0.49
16.977733612060547; 0.53
16.996525049209595; 0.48
17.01365900039673; 0.43
17.03156566619873; 0.39
17.04568386077881; 0.44
17.060774564743042; 0.42
17.0769624710083; 0.37
17.09088373184204; 0.35
17.1061851978302; 0.38
17.12342643737793; 0.31
17.13871955871582; 0.34
17.152915477752686; 0.32
17.16712474822998; 0.25
17.196131467819214; 0.29
17.212104082107544; 0.27
17.231470584869385; 0.22
17.247080087661743; 0.2
17.262168645858765; 0.25
17.275390148162842; 0.19
17.29408359527588; 0.29
17.312618017196655; 0.24
17.33354353904724; 0.3
17.350656747817993; 0.29
17.36538529396057; 0.37
17.381016492843628; 0.39
17.39556574821472; 0.39
17.412989616394043; 0.42
17.430816888809204; 0.41
17.449325799942017; 0.45
17.47752809524536; 0.52
17.496580600738525; 0.48
17.509093523025513; 0.57
17.52166199684143; 0.58
17.535309553146362; 0.55
17.55362844467163; 0.63
17.57768726348877; 0.6
17.592461824417114; 0.67
17.60633611679077; 0.71
17.619515895843506; 0.71
17.636693954467773; 0.68
17.65197467803955; 0.76
17.665685653686523; 0.79
17.68086528778076; 0.75
17.6973876953125; 0.78
17.711190700531006; 0.84
17.730724573135376; 0.88
17.744200468063354; 0.84
17.765382528305054; 0.92
17.782582998275757; 0.89
17.801944494247437; 0.98
17.817068576812744; 0.95
17.835694551467896; 0.9
17.853355646133423; 0.81
17.8766188621521; 0.77
17.894670009613037; 0.8
17.91020131111145; 0.69
17.931642055511475; 0.73
17.9471652507782; 0.7
17.96195363998413; 0.62
17.982890605926514; 0.6
17.99852204322815; 0.56
18.015127182006836; 0.55
18.04156184196472; 0.49
18.060513973236084; 0.53
18.073474168777466; 0.46
18.086273908615112; 0.44
18.099782466888428; 0.47
18.118188619613647; 0.39
18.14218521118164; 0.42
18.15736699104309; 0.4
18.17738437652588; 0.33
18.19485902786255; 0.32
18.21082639694214; 0.28
18.230198621749878; 0.34
18.244291067123413; 0.25
18.25839924812317; 0.3
18.277745962142944; 0.23
18.29132580757141; 0.29
18.305564641952515; 0.21
18.320794820785522; 0.24
18.339184284210205; 0.17
18.353301525115967; 0.26
18.36833953857422; 0.27
18.38561248779297; 0.29
18.3990581035614; 0.24
18.416938066482544; 0.26
18.43489980697632; 0.33
18.454262495040894; 0.35
18.468441009521484; 0.38
18.487393379211426; 0.4
18.503810167312622; 0.43
18.522260189056396; 0.39
18.545525550842285; 0.45
18.570516347885132; 0.5
18.59941267967224; 0.5
18.61498737335205; 0.54
18.636109352111816; 0.57
18.655505180358887; 0.59
18.683090686798096; 0.62
18.702434301376343; 0.7
18.72881269454956; 0.72
18.746355533599854; 0.76
18.774430513381958; 0.81
18.806957721710205; 0.86
18.820271730422974; 0.8
18.833521842956543; 0.87
18.847402811050415; 0.89
18.861331462860107; 0.87
18.873947620391846; 0.94
18.898469924926758; 0.91
18.914830923080444; 0.92
18.93200159072876; 0.86
18.952218055725098; 0.87
18.967605352401733; 0.84
18.987553358078003; 0.75
19.01253366470337; 0.75
19.03125548362732; 0.73
19.049911975860596; 0.64
19.065396785736084; 0.68
19.080347537994385; 0.65
19.098946809768677; 0.63
19.11527442932129; 0.61
19.131248950958252; 0.56
19.15183687210083; 0.49
19.167927503585815; 0.51
19.18665099143982; 0.43
19.200998544692993; 0.45
19.223057985305786; 0.46
19.24419069290161; 0.43
19.26776623725891; 0.4
19.29029870033264; 0.38
19.310494661331177; 0.37
19.333349466323853; 0.34
19.34911799430847; 0.32
19.364214420318604; 0.31
19.3843777179718; 0.24
19.397847890853882; 0.29
19.41500449180603; 0.26
19.44839382171631; 0.26
19.471230506896973; 0.26
19.492236375808716; 0.28
19.520825147628784; 0.3
19.53397488594055; 0.29
19.54709815979004; 0.35
19.560818672180176; 0.3
19.57899808883667; 0.38
19.603596925735474; 0.36
19.617112398147583; 0.43
19.637853145599365; 0.45
19.654940843582153; 0.48
19.670392513275146; 0.51
19.68785524368286; 0.53
19.703341245651245; 0.55
19.71982479095459; 0.58
19.733988046646118; 0.56
19.751643419265747; 0.62
19.77053165435791; 0.58
19.785399913787842; 0.63
19.801208019256592; 0.66
19.81824493408203; 0.67
19.835731744766235; 0.7
19.849327325820923; 0.75
19.865939378738403; 0.73
19.887800216674805; 0.76
19.90649652481079; 0.86
19.92143750190735; 0.81
19.935909032821655; 0.83
19.95130467414856; 0.91
19.96603751182556; 0.93
19.982532501220703; 0.95
20.0009663105011; 0.92
20.016385078430176; 0.91
20.032145261764526; 0.9
20.0580153465271; 0.86
20.070568799972534; 0.77
20.0837664604187; 0.8
20.096944332122803; 0.8
20.110249757766724; 0.76
20.129204750061035; 0.68
20.151201486587524; 0.63
20.166463613510132; 0.61
20.186342477798462; 0.64
20.20716094970703; 0.6
20.220744132995605; 0.52
20.23573112487793; 0.56
20.25100326538086; 0.54
20.268353939056396; 0.52
20.283137798309326; 0.46
20.29848051071167; 0.43
20.314876794815063; 0.4
20.33194589614868; 0.37
20.3484525680542; 0.38
20.365766048431396; 0.39
20.383986949920654; 0.37
20.40365982055664; 0.36
20.418256998062134; 0.29
20.431665182113647; 0.33
20.449761390686035; 0.27
20.466248989105225; 0.25
20.48355007171631; 0.22
20.508378744125366; 0.27
20.522921800613403; 0.19
20.541525840759277; 0.25
20.555457592010498; 0.19
20.571533203125; 0.2
20.59172821044922; 0.23
20.607581615447998; 0.26
20.6335289478302; 0.33
20.65190863609314; 0.3
20.665051221847534; 0.38
20.678345203399658; 0.33
20.691503524780273; 0.42
20.70974898338318; 0.42
20.731836557388306; 0.4
20.74580979347229; 0.49
20.762240886688232; 0.5
20.78617286682129; 0.48
20.803935050964355; 0.57
20.820889234542847; 0.6
20.83516788482666; 0.6
20.850704431533813; 0.58
20.86398410797119; 0.66
20.883363723754883; 0.62
20.901203155517578; 0.72
20.92637801170349; 0.69
20.944077730178833; 0.78
20.961264848709106; 0.8
20.978931665420532; 0.77
20.994481325149536; 0.84
21.01274299621582; 0.82
21.028762578964233; 0.84
21.0477774143219; 0.92
21.06229829788208; 0.94
21.079066276550293; 0.97
21.09614849090576; 0.94
21.113446950912476; 0.85
21.130483627319336; 0.81
21.14571714401245; 0.79
21.16228675842285; 0.75
21.182654857635498; 0.73
21.210862636566162; 0.66
21.225228548049927; 0.68
21.23775577545166; 0.63
21.251885175704956; 0.66
21.27015781402588; 0.57
21.291776180267334; 0.54
21.30712389945984; 0.51
21.32778573036194; 0.53
21.34539294242859; 0.46
21.36027240753174; 0.47
21.377629041671753; 0.43
21.39208221435547; 0.44
21.411195755004883; 0.4
21.425838708877563; 0.37
21.443224906921387; 0.36
21.457361936569214; 0.32
21.4796724319458; 0.3
21.498192071914673; 0.34
21.516342401504517; 0.26
21.529972076416016; 0.3
21.544092416763306; 0.24
21.56214928627014; 0.28
21.581625938415527; 0.21
21.599095106124878; 0.24
21.61259651184082; 0.21
21.627432584762573; 0.25
21.641010761260986; 0.19
21.65616536140442; 0.22
21.67628264427185; 0.29
21.695013523101807; 0.26
21.716768264770508; 0.3
21.74528217315674; 0.39
21.758392333984375; 0.35
21.77091360092163; 0.42
21.78403329849243; 0.42
21.80207633972168; 0.41
21.826874494552612; 0.5
21.841269493103027; 0.5
21.859290838241577; 0.54
21.877051830291748; 0.5
21.8910813331604; 0.59
21.909289121627808; 0.56
21.923182010650635; 0.64
21.941063165664673; 0.59
21.954376459121704; 0.69
21.973567724227905; 0.65
21.99078917503357; 0.67
22.006662607192993; 0.69
22.021422386169434; 0.72
22.039648294448853; 0.77
22.059399366378784; 0.78
22.074280500411987; 0.86
22.095171451568604; 0.88
22.113640069961548; 0.85
22.13292646408081; 0.94
22.152587890625; 0.92
22.167786836624146; 0.89
22.18213677406311; 0.91
22.19621181488037; 0.89
22.212835550308228; 0.86
22.229337453842163; 0.83
22.2447772026062; 0.81
22.264830827713013; 0.7
22.288939952850342; 0.71
22.307626724243164; 0.63
22.32014513015747; 0.67
22.333303928375244; 0.58
22.34779715538025; 0.63
22.3683180809021; 0.55
22.388883590698242; 0.51
22.40476655960083; 0.48
22.425923824310303; 0.45
22.443894147872925; 0.47
22.459590673446655; 0.42
22.47718095779419; 0.44
22.494484663009644; 0.41
22.508012056350708; 0.38
22.52329111099243; 0.33
22.54016613960266; 0.34
22.56170630455017; 0.34
22.58216667175293; 0.26
22.597419023513794; 0.25
22.61251711845398; 0.3
22.626315355300903; 0.28
22.64009928703308; 0.22
22.657936573028564; 0.21
22.67389702796936; 0.2
22.69275736808777; 0.25
22.707425594329834; 0.25
22.72174906730652; 0.2
22.73532247543335; 0.28
22.7488751411438; 0.24
22.761943817138672; 0.31
22.784159421920776; 0.35
22.802150011062622; 0.3
22.823089122772217; 0.33
22.85155439376831; 0.41
22.86470079421997; 0.41
22.877212047576904; 0.4
22.890389442443848; 0.47
22.90845561027527; 0.47
22.93632674217224; 0.49
22.949906587600708; 0.56
22.97087264060974; 0.6
22.98808002471924; 0.61
23.00296115875244; 0.65
23.026964902877808; 0.67
23.043098211288452; 0.7
23.056435585021973; 0.66
23.071059465408325; 0.68
23.087944507598877; 0.7
23.10489010810852; 0.76
23.123008728027344; 0.82
23.139007091522217; 0.83
23.159435987472534; 0.86
23.1735200881958; 0.82
23.18725562095642; 0.91
23.205411672592163; 0.87
23.2257297039032; 0.95
23.24181818962097; 0.9
23.257471084594727; 0.9
23.27089810371399; 0.89
23.29080891609192; 0.88
23.304807901382446; 0.89
23.31819176673889; 0.88
23.332631587982178; 0.88
23.348156690597534; 0.86
23.36408567428589; 0.87
23.37828516960144; 0.86
23.395355701446533; 0.87
23.409807443618774; 0.87
23.422974348068237; 0.86
23.43629789352417; 0.86
23.44945740699768; 0.85
23.46791386604309; 0.86
23.494046688079834; 0.86
23.510873556137085; 0.86
23.52615451812744; 0.86
23.539809226989746; 0.84
23.555920600891113; 0.86
23.57005524635315; 0.86
23.585970640182495; 0.85
23.600826501846313; 0.85
23.616573333740234; 0.85
23.636714458465576; 0.85
23.653977632522583; 0.84
23.67272925376892; 0.83
23.689748525619507; 0.84
23.705259561538696; 0.84
23.723426818847656; 0.85
23.736587285995483; 0.85
23.750245332717896; 0.84
23.768820762634277; 0.85
23.78767204284668; 0.84
23.8044695854187; 0.84
23.818084478378296; 0.84
23.835307359695435; 0.84
23.850000619888306; 0.84
23.86809754371643; 0.84
23.88702940940857; 0.83
23.90269923210144; 0.83
23.922709226608276; 0.84
23.949705600738525; 0.84
23.96287178993225; 0.83
23.977633953094482; 0.83
24.005558967590332; 0.83
24.031574487686157; 0.83
24.04658842086792; 0.83
24.062339305877686; 0.83
24.07578444480896; 0.83
24.095154285430908; 0.84
24.111446619033813; 0.83
24.132795333862305; 0.82
24.147709369659424; 0.83
24.163837909698486; 0.83
24.177048206329346; 0.81
24.194148540496826; 0.82
24.2131028175354; 0.83
24.240692615509033; 0.83
24.256661891937256; 0.81
24.272679567337036; 0.82
24.290521383285522; 0.83
24.306013584136963; 0.83
24.319579601287842; 0.82
24.33671545982361; 0.82
24.351905822753906; 0.82
24.367815256118774; 0.82
24.382731676101685; 0.83
24.397627115249634; 0.82
24.411902904510498; 0.82
24.439322233200073; 0.82
24.46217179298401; 0.83
24.491888284683228; 0.82
24.512911081314087; 0.82
24.530678272247314; 0.8
24.551015377044678; 0.8
24.578760623931885; 0.82
24.595126152038574; 0.81
24.619826793670654; 0.82
24.633902311325073; 0.82
24.64780879020691; 0.81
24.666504383087158; 0.81
24.690263748168945; 0.81
24.70708727836609; 0.81
24.724068641662598; 0.82
24.74525237083435; 0.82
24.760801792144775; 0.81
24.7777419090271; 0.82
24.79268479347229; 0.82
24.810428142547607; 0.81
24.825796604156494; 0.82
24.84076428413391; 0.82
24.86376452445984; 0.8
24.879376888275146; 0.82
24.896268606185913; 0.81
24.914780378341675; 0.82
24.928073167800903; 0.8
24.942997932434082; 0.8
24.956241846084595; 0.81
24.96956443786621; 0.81
24.98430347442627; 0.81
24.997885942459106; 0.8
25.012306690216064; 0.8
25.033815622329712; 0.81
25.050235509872437; 0.81
25.069021701812744; 0.8
25.0859797000885; 0.79
25.103134632110596; 0.81
25.121230125427246; 0.8
25.14132261276245; 0.81
25.16811180114746; 0.81
25.180639505386353; 0.8
25.19316577911377; 0.81
25.206403493881226; 0.8
25.22465205192566; 0.8
25.249545574188232; 0.8
25.264583826065063; 0.8
25.284855365753174; 0.81
25.299447059631348; 0.8
25.31557011604309; 0.8
25.33062505722046; 0.8
25.343946933746338; 0.8
25.361971378326416; 0.81
25.377967596054077; 0.81
25.393114805221558; 0.79
25.409855842590332; 0.8
25.43113422393799; 0.8
25.447071075439453; 0.81
25.465721607208252; 0.79
25.480835914611816; 0.79
25.494843244552612; 0.8
25.511945724487305; 0.8
25.537067890167236; 0.81
25.552404642105103; 0.79
25.570603370666504; 0.8
25.586405277252197; 0.79
25.60025382041931; 0.79
25.61603832244873; 0.79
25.631778717041016; 0.81
25.648355960845947; 0.8
25.668718576431274; 0.8
25.69464945793152; 0.8
25.70778226852417; 0.79
25.72045350074768; 0.8
25.733826875686646; 0.79
25.75200843811035; 0.81
25.777247190475464; 0.79
25.792592525482178; 0.79
25.813130855560303; 0.81
25.830413818359375; 0.8
25.844953775405884; 0.81
25.86269187927246; 0.8
25.878118991851807; 0.79
25.894155740737915; 0.8
25.909749031066895; 0.8
25.92476224899292; 0.79
25.946755409240723; 0.8
25.961552619934082; 0.79
25.98353147506714; 0.8
26.002049207687378; 0.8
26.01551580429077; 0.79
26.029666900634766; 0.8
26.04715394973755; 0.8
26.071614027023315; 0.78
26.089481830596924; 0.79
26.104618549346924; 0.79
26.119295597076416; 0.79
26.13263750076294; 0.79
26.145742654800415; 0.78
26.166155099868774; 0.8
26.182027578353882; 0.79
26.19826030731201; 0.79
26.225610494613647; 0.8
26.238181114196777; 0.79
26.250714778900146; 0.79
26.263367652893066; 0.8
26.27646017074585; 0.79
26.295226097106934; 0.8
26.31792640686035; 0.79
26.33128046989441; 0.79
26.351806163787842; 0.79
26.369203567504883; 0.79
26.383711099624634; 0.79
26.400635719299316; 0.79
26.413650512695312; 0.78
26.4300639629364; 0.79
26.444664478302002; 0.8
26.46244788169861; 0.79
26.481472492218018; 0.79
26.496630907058716; 0.79
26.512789726257324; 0.79
26.532915830612183; 0.78
26.546308040618896; 0.79
26.561668157577515; 0.78
26.57967185974121; 0.79
26.595857858657837; 0.79
26.614782571792603; 0.79
26.635123014450073; 0.79
26.65589141845703; 0.78
26.669232606887817; 0.79
26.68380618095398; 0.78
26.703701972961426; 0.78
26.721354246139526; 0.78
26.741764307022095; 0.79
26.76776671409607; 0.78
26.78037190437317; 0.79
26.79358744621277; 0.78
26.806905031204224; 0.8
26.82515859603882; 0.79
26.852580547332764; 0.78
26.867249011993408; 0.79
26.884262084960938; 0.77
26.90139675140381; 0.78
26.919400930404663; 0.79
26.93680429458618; 0.79
26.95224952697754; 0.78
26.96804976463318; 0.78
26.982545614242554; 0.78
26.999263525009155; 0.79
27.031130075454712; 0.79
27.049502849578857; 0.78
27.064624309539795; 0.79
27.08139729499817; 0.79
27.095765590667725; 0.78
27.11322522163391; 0.77
27.129806756973267; 0.77
27.14837121963501; 0.78
27.162994861602783; 0.79
27.178136825561523; 0.77
27.191520929336548; 0.78
27.204814672470093; 0.78
27.219823598861694; 0.79
27.238503456115723; 0.78
27.25700879096985; 0.77
27.27771234512329; 0.78
27.30308747291565; 0.78
27.316277503967285; 0.78
27.329436779022217; 0.78
27.342687606811523; 0.78
27.360993146896362; 0.79
27.386052131652832; 0.79
27.40100598335266; 0.79
27.419962406158447; 0.78
27.435254096984863; 0.76
27.449577808380127; 0.78
27.46666383743286; 0.78
27.48187232017517; 0.77
27.497246265411377; 0.78
27.515243768692017; 0.78
27.5328950881958; 0.78
27.55887746810913; 0.77
27.574357986450195; 0.78
27.587637662887573; 0.76
27.60540008544922; 0.78
27.622658491134644; 0.77
27.636483430862427; 0.78
27.65364718437195; 0.78
27.671656370162964; 0.78
27.69023871421814; 0.78
27.70512080192566; 0.77
27.71902298927307; 0.76
27.73237919807434; 0.79
27.747027158737183; 0.78
27.766277551651; 0.78
27.782987594604492; 0.78
27.798694133758545; 0.78
27.82108473777771; 0.77
27.833585500717163; 0.78
27.8461012840271; 0.77
27.859290599822998; 0.78
27.872553825378418; 0.77
27.89086651802063; 0.78
27.91599154472351; 0.79
27.931458950042725; 0.78
27.95009756088257; 0.78
27.965412855148315; 0.77
27.978796005249023; 0.78
27.996766328811646; 0.77
28.011656761169434; 0.78
28.027530431747437; 0.78
28.043696641921997; 0.76
28.05938982963562; 0.76
28.07728934288025; 0.77
28.09937286376953; 0.78
28.1179096698761; 0.77
28.132787942886353; 0.77
28.149603128433228; 0.79
28.166916131973267; 0.78
28.186055898666382; 0.77
28.202395915985107; 0.77
28.224886894226074; 0.77
28.23816680908203; 0.78
28.253041744232178; 0.76
28.266273260116577; 0.77
28.28000783920288; 0.77
28.297321796417236; 0.78
28.312212705612183; 0.78
28.3284912109375; 0.77
28.35403084754944; 0.78
28.372498750686646; 0.77
28.38605284690857; 0.77
28.399240970611572; 0.78
28.412386178970337; 0.78
28.430761337280273; 0.77
28.4551522731781; 0.77
28.470260858535767; 0.77
28.48911714553833; 0.78
28.50450825691223; 0.76
28.51717233657837; 0.78
28.535314321517944; 0.77
28.551762104034424; 0.78
28.56872820854187; 0.77
28.5838406085968; 0.78
28.599998474121094; 0.77
28.61525297164917; 0.78
28.630793571472168; 0.77
28.64618468284607; 0.76
28.661432027816772; 0.78
28.681836128234863; 0.78
28.696752071380615; 0.78
28.716684341430664; 0.77
28.731780529022217; 0.77
28.750656366348267; 0.76
28.768853425979614; 0.76
28.782601594924927; 0.77
28.79740858078003; 0.77
28.810986757278442; 0.77
28.82416033744812; 0.78
28.842516899108887; 0.78
28.860645055770874; 0.77
28.884164810180664; 0.76
28.908540725708008; 0.78
28.92113709449768; 0.77
28.93371057510376; 0.77
28.94687533378601; 0.76
28.965099334716797; 0.77
28.99561643600464; 0.76
29.009002685546875; 0.77
29.02591347694397; 0.77
29.043473720550537; 0.76
29.06129288673401; 0.77
29.078749179840088; 0.77
29.09390878677368; 0.78
29.110423803329468; 0.76
29.125415086746216; 0.77
29.142488718032837; 0.77
29.166922092437744; 0.77
29.181077003479004; 0.77
29.19991397857666; 0.76
29.218221426010132; 0.76
29.238415002822876; 0.76
29.256543159484863; 0.77
29.272181272506714; 0.77
29.291982889175415; 0.77
29.306875467300415; 0.76
29.32671022415161; 0.77
29.34053659439087; 0.77
29.353936195373535; 0.77
29.36982536315918; 0.76
29.386179447174072; 0.77
29.404916048049927; 0.77
29.428818464279175; 0.78
29.445177793502808; 0.76
29.457732915878296; 0.76
29.470353841781616; 0.76
29.483551740646362; 0.77
29.501975536346436; 0.77
29.530858278274536; 0.76
29.54544949531555; 0.78
29.56318163871765; 0.77
29.578546047210693; 0.76
29.5921893119812; 0.76
29.605387926101685; 0.77
29.61912512779236; 0.77
29.633869171142578; 0.77
29.646905660629272; 0.75
29.66233229637146; 0.76
29.679032802581787; 0.76
29.70287847518921; 0.76
29.71763586997986; 0.76
29.737900257110596; 0.77
29.755146980285645; 0.77
29.768725633621216; 0.77
29.78600549697876; 0.76
29.80241370201111; 0.76
29.81696891784668; 0.76
29.832237482070923; 0.77
29.85202932357788; 0.77
29.865371465682983; 0.76
29.87884783744812; 0.76
29.894654512405396; 0.77
29.914681911468506; 0.77
29.931396961212158; 0.77
29.954954862594604; 0.77
29.971061944961548; 0.75
29.984262943267822; 0.77
29.99750590324402; 0.76
30.0108585357666; 0.76
30.029172658920288; 0.76
30.056649684906006; 0.76
30.07166838645935; 0.76
30.08862829208374; 0.76
30.106807947158813; 0.77
30.123027563095093; 0.76
30.138281106948853; 0.77
30.152764558792114; 0.76
30.16826581954956; 0.76
30.186362981796265; 0.76
30.204346656799316; 0.77
30.22539472579956; 0.75
30.242769956588745; 0.76
30.259058713912964; 0.76
30.27529788017273; 0.76
30.290234565734863; 0.76
30.307802438735962; 0.77
30.323919773101807; 0.77
30.33958864212036; 0.76
30.35849380493164; 0.76
30.373504400253296; 0.76
30.39336347579956; 0.77
30.406914472579956; 0.76
30.420090675354004; 0.76
30.439695596694946; 0.77
30.455716609954834; 0.77
30.48054003715515; 0.75
30.498276710510254; 0.76
30.51152276992798; 0.76
30.525813817977905; 0.76
30.540245056152344; 0.77
30.55844807624817; 0.75
30.58650517463684; 0.77
30.600475788116455; 0.75
30.617526054382324; 0.77
30.634563207626343; 0.76
30.65184497833252; 0.76
30.66890239715576; 0.76
30.682968854904175; 0.77
30.70047926902771; 0.76
30.71417236328125; 0.76
30.73080086708069; 0.77
30.760003805160522; 0.75
30.78212070465088; 0.76
30.800169467926025; 0.75
30.818379402160645; 0.76
30.83168601989746; 0.76
30.849422693252563; 0.77
30.865119218826294; 0.76
30.883711099624634; 0.76
30.898049116134644; 0.76
30.91228485107422; 0.77
30.92544150352478; 0.76
30.94230604171753; 0.76
30.95846676826477; 0.76
30.979446411132812; 0.76
30.998783826828003; 0.75
31.021976709365845; 0.77
31.03515863418579; 0.76
31.04835605621338; 0.77
31.06147027015686; 0.75
31.0795841217041; 0.76
31.107847929000854; 0.76
31.123579502105713; 0.76
31.139739274978638; 0.76
31.155062198638916; 0.76
31.168479681015015; 0.76
31.184016704559326; 0.76
31.201345205307007; 0.75
31.21623182296753; 0.75
31.23344659805298; 0.76
31.24815583229065; 0.76
31.265713453292847; 0.76
31.285809993743896; 0.76
31.302368879318237; 0.75
31.316732168197632; 0.76
31.33547067642212; 0.76
31.35510516166687; 0.75
31.37530517578125; 0.76
31.392807483673096; 0.76
31.411245107650757; 0.76
31.445079565048218; 0.75
31.464825868606567; 0.76
31.481422662734985; 0.75
31.503483295440674; 0.76
31.519691705703735; 0.75
31.544174909591675; 0.75
31.56103491783142; 0.76
31.573644161224365; 0.76
31.587132215499878; 0.75
31.602035760879517; 0.76
31.620208978652954; 0.75
31.64909553527832; 0.75
31.664932250976562; 0.75
31.682884693145752; 0.75
31.697923183441162; 0.76
31.711084842681885; 0.75
31.729711055755615; 0.77
31.7461256980896; 0.76
31.76372194290161; 0.76
31.780322551727295; 0.75
31.796765327453613; 0.76
31.819459199905396; 0.75
31.835631370544434; 0.76
31.85351824760437; 0.76
31.872358083724976; 0.76
31.885491847991943; 0.75
31.899373292922974; 0.76
31.91832733154297; 0.76
31.94081997871399; 0.75
31.958948373794556; 0.75
31.97248339653015; 0.75
31.986912965774536; 0.75
32.003169536590576; 0.76
32.026668071746826; 0.75
32.043516874313354; 0.76
32.06947112083435; 0.76
32.0825982093811; 0.74
32.095757722854614; 0.76
32.108970642089844; 0.76
32.121933460235596; 0.76
32.14006590843201; 0.75
32.166749238967896; 0.74
32.183128118515015; 0.76
32.20243191719055; 0.75
32.218384742736816; 0.75
32.23382377624512; 0.74
32.25136137008667; 0.76
32.26644778251648; 0.74
32.280874252319336; 0.75
32.29637384414673; 0.75
32.31818079948425; 0.75
32.34636878967285; 0.76
32.36205267906189; 0.75
32.377361536026; 0.75
32.395567655563354; 0.75
32.408639669418335; 0.75
32.42676281929016; 0.75
32.442275285720825; 0.76
32.4606716632843; 0.76
32.47576594352722; 0.75
32.49342393875122; 0.75
32.5081422328949; 0.76
32.5256769657135; 0.75
32.54230046272278; 0.76
32.56020665168762; 0.75
32.57878088951111; 0.76
32.609230518341064; 0.76
32.62173867225647; 0.76
32.63487648963928; 0.75
32.6494300365448; 0.75
32.668479681015015; 0.75
32.70136833190918; 0.75
32.719738721847534; 0.75
32.74070978164673; 0.75
32.75819110870361; 0.75
32.77371549606323; 0.75
32.79170560836792; 0.76
32.807806730270386; 0.74
32.82206463813782; 0.75
32.83693885803223; 0.75
32.85352420806885; 0.75
32.87651348114014; 0.76
32.8927276134491; 0.75
32.91114354133606; 0.74
32.9342086315155; 0.76
32.94849133491516; 0.75
32.96797490119934; 0.76
32.98438596725464; 0.75
33.00435662269592; 0.75
33.026917695999146; 0.75
33.049951791763306; 0.74
33.069154024124146; 0.75
33.09170079231262; 0.75
33.115238904953; 0.75
33.13157796859741; 0.75
33.15973520278931; 0.74
33.1778347492218; 0.75
33.19041967391968; 0.74
33.20450210571289; 0.75
33.232871770858765; 0.75
33.26090979576111; 0.74
33.27722406387329; 0.73
33.29183506965637; 0.67
33.30558514595032; 0.7
33.32122230529785; 0.68
33.33442974090576; 0.59
33.353007555007935; 0.62
33.369678020477295; 0.59
33.387118101119995; 0.56
33.401994466781616; 0.54
33.41957879066467; 0.5
33.439656496047974; 0.5
33.45454287528992; 0.46
33.47276759147644; 0.45
33.49137759208679; 0.37
33.50483679771423; 0.41
33.51862692832947; 0.37
33.53720784187317; 0.39
33.55475640296936; 0.31
33.57328963279724; 0.34
33.586777210235596; 0.28
33.601561307907104; 0.26
33.61877655982971; 0.31
33.634076833724976; 0.27
33.650614738464355; 0.29
33.67004585266113; 0.21
33.68653607368469; 0.2
33.7160005569458; 0.24
33.73453068733215; 0.17
33.74770188331604; 0.23
33.76025652885437; 0.16
33.773327350616455; 0.17
33.79141855239868; 0.16
33.824786901474; 0.25
33.842236042022705; 0.26
33.86595106124878; 0.21
33.88208484649658; 0.24
33.90553665161133; 0.25
33.92250084877014; 0.29
33.93573760986328; 0.35
33.95074391365051; 0.37
33.96862244606018; 0.39
33.98448061943054; 0.39
34.00129818916321; 0.42
34.0165810585022; 0.44
34.03413224220276; 0.46
34.050631284713745; 0.46
34.06621980667114; 0.49
34.082980155944824; 0.52
34.097999572753906; 0.53
34.115909814834595; 0.58
34.134915590286255; 0.54
34.15257549285889; 0.6
34.17040419578552; 0.66
34.18657064437866; 0.68
34.20802617073059; 0.71
34.22612118721008; 0.72
34.3565993309021; 0.78
34.373188495635986; 0.8
34.38754224777222; 0.77
34.40451669692993; 0.74
34.41969919204712; 0.68
34.435827016830444; 0.62
34.456804513931274; 0.59
34.48017334938049; 0.62
34.49268984794617; 0.57
34.506131410598755; 0.51
34.5199453830719; 0.49
34.53387999534607; 0.54
34.551971435546875; 0.46
34.580384254455566; 0.41
34.59716463088989; 0.41
34.61129450798035; 0.44
34.628169775009155; 0.42
34.64580845832825; 0.35
34.660468101501465; 0.38
34.67813515663147; 0.37
34.692108154296875; 0.32
34.710716247558594; 0.33
34.72512340545654; 0.31
34.739352226257324; 0.25
34.75590682029724; 0.23
34.778484582901; 0.21
34.79185652732849; 0.27
34.81071710586548; 0.2
34.825610876083374; 0.23
34.84081959724426; 0.24
34.85589528083801; 0.19
34.87096834182739; 0.16
34.88422107696533; 0.22
34.901010274887085; 0.23
34.91576385498047; 0.17
34.931156873703; 0.2
34.94617938995361; 0.28
34.96131777763367; 0.28
34.97602462768555; 0.24
34.99088382720947; 0.25
35.0064263343811; 0.33
35.023101806640625; 0.34
35.03770661354065; 0.37
35.052369356155396; 0.33
35.067097425460815; 0.39
35.07964730262756; 0.36
35.092124223709106; 0.43
35.108734130859375; 0.39
35.12748050689697; 0.44
35.15533137321472; 0.51
35.16947150230408; 0.46
35.18437838554382; 0.53
35.200324296951294; 0.57
35.214786529541016; 0.6
35.22952723503113; 0.56
35.245187282562256; 0.58
35.26100516319275; 0.6
35.2751944065094; 0.68
35.29255270957947; 0.71
35.30825996398926; 0.71
35.327096462249756; 0.69
35.3443706035614; 0.77
35.37630605697632; 0.82
35.39317798614502; 0.8
35.4104118347168; 0.87
35.435932874679565; 0.84
35.46164560317993; 0.86
35.47685217857361; 0.82
35.49506688117981; 0.75
35.51135516166687; 0.7
35.528648853302; 0.74
35.54586148262024; 0.71
35.561466217041016; 0.68
35.57509803771973; 0.59
35.59399604797363; 0.62
35.61241006851196; 0.58
35.63015294075012; 0.51
35.655832052230835; 0.49
35.668328523635864; 0.45
35.68092584609985; 0.49
35.693504333496094; 0.42
35.70665168762207; 0.39
35.72537159919739; 0.43
35.755674839019775; 0.39
35.77114248275757; 0.32
35.79456067085266; 0.37
35.81061315536499; 0.35
35.82472848892212; 0.28
35.84028220176697; 0.26
35.85568809509277; 0.29
35.873085021972656; 0.24
35.88797688484192; 0.27
35.906065225601196; 0.21
35.92928647994995; 0.25
35.94378614425659; 0.19
35.96150231361389; 0.23
35.97819805145264; 0.23
35.99337434768677; 0.2
36.00976276397705; 0.23
36.02984547615051; 0.2
36.045437812805176; 0.21
36.061359167099; 0.23
36.08177947998047; 0.31
36.0981228351593; 0.29
36.11252999305725; 0.34
36.127416133880615; 0.3
36.14690947532654; 0.37
36.16293382644653; 0.39
36.187291622161865; 0.43
36.20539093017578; 0.45
36.21853423118591; 0.42
36.23175549507141; 0.49
36.24479866027832; 0.44
36.264934062957764; 0.53
36.29391384124756; 0.52
36.31197667121887; 0.6
36.329256772994995; 0.62
36.34625053405762; 0.59
36.36083984375; 0.67
36.38192343711853; 0.7
36.398969411849976; 0.72
36.41214418411255; 0.69
36.42635893821716; 0.71
36.44440960884094; 0.76
36.467214822769165; 0.83
36.481773853302; 0.8
36.49884748458862; 0.87
36.51510834693909; 0.89
36.52974033355713; 0.84
36.543208360672; 0.87
36.5655038356781; 0.79
36.58342695236206; 0.73
36.60415768623352; 0.76
36.618977069854736; 0.72
36.63963842391968; 0.64
36.65294861793518; 0.66
36.669259786605835; 0.62
36.687721252441406; 0.55
36.70348024368286; 0.52
36.723901987075806; 0.55
36.73963260650635; 0.47
36.75277090072632; 0.52
36.76593589782715; 0.44
36.77905535697937; 0.44
36.79727649688721; 0.46
36.82752585411072; 0.39
36.84638690948486; 0.36
36.867950201034546; 0.33
36.88530778884888; 0.3
36.89986324310303; 0.33
36.917258501052856; 0.26
36.93156814575195; 0.31
36.94933557510376; 0.23
36.964815855026245; 0.22
36.98014545440674; 0.25
37.00684928894043; 0.23
37.02518391609192; 0.18
37.042988538742065; 0.23
37.05808234214783; 0.21
37.07675313949585; 0.22
37.09481859207153; 0.18
37.11122274398804; 0.2
37.13029980659485; 0.27
37.145358085632324; 0.3
37.1689887046814; 0.27
37.18849420547485; 0.28
37.2048819065094; 0.32
37.222147941589355; 0.38
37.23899483680725; 0.39
37.25928497314453; 0.42
37.27517485618591; 0.45
37.28935194015503; 0.4
37.30266308784485; 0.48
37.315725326538086; 0.5
37.333966970443726; 0.46
37.36358332633972; 0.56
37.38274335861206; 0.54
37.399906635284424; 0.62
37.41695737838745; 0.64
37.43015503883362; 0.59
37.44782328605652; 0.69
37.464380502700806; 0.71
37.483715295791626; 0.69
37.498252391815186; 0.76
37.512022733688354; 0.75
37.53128361701965; 0.75
37.55368447303772; 0.77
37.56969141960144; 0.8
37.58469271659851; 0.83
37.60218858718872; 0.89
37.61944794654846; 0.82
37.635761737823486; 0.79
37.65657043457031; 0.75
37.671616554260254; 0.78
37.69345045089722; 0.73
37.711703062057495; 0.65
37.7263126373291; 0.63
37.74716544151306; 0.65
37.76342749595642; 0.61
37.79161763191223; 0.52
37.80830383300781; 0.49
37.82143688201904; 0.52
37.83460521697998; 0.45
37.8477885723114; 0.5
37.86600065231323; 0.43
37.89498472213745; 0.39
37.91215753555298; 0.41
37.929120779037476; 0.39
37.9443461894989; 0.38
37.95757985115051; 0.31
37.97252368927002; 0.34
37.988914489746094; 0.3
38.00595545768738; 0.25
38.01898908615112; 0.3
38.03371238708496; 0.22
38.05273628234863; 0.27
38.078901052474976; 0.25
38.09429979324341; 0.26
38.11292743682861; 0.24
38.132145166397095; 0.21
38.14599871635437; 0.16
38.160205364227295; 0.24
38.176891803741455; 0.24
38.19271397590637; 0.26
38.20839071273804; 0.28
38.223459005355835; 0.29
38.2389771938324; 0.24
38.25733280181885; 0.33
38.271820306777954; 0.34
38.290698528289795; 0.33
38.30657958984375; 0.39
38.33314609527588; 0.39
38.352359771728516; 0.45
38.365520000457764; 0.41
38.37958812713623; 0.49
38.39314532279968; 0.5
38.41170310974121; 0.46
38.442224979400635; 0.53
38.461731910705566; 0.6
38.478986978530884; 0.63
38.49707818031311; 0.59
38.51478624343872; 0.67
38.53166699409485; 0.7
38.54692792892456; 0.69
38.56372427940369; 0.74
38.582261085510254; 0.73
38.59608769416809; 0.8
38.621556758880615; 0.77
38.63657236099243; 0.85
38.65486550331116; 0.82
38.674399614334106; 0.9
38.68960738182068; 0.92
38.70423674583435; 0.81
38.72279500961304; 0.84
38.738123178482056; 0.81
38.757461071014404; 0.71
38.77109885215759; 0.75
38.78598928451538; 0.71
38.80169725418091; 0.63
38.819719552993774; 0.66
38.83563590049744; 0.63
38.85201668739319; 0.6
38.87771248817444; 0.53
38.89632296562195; 0.54
38.90962624549866; 0.46
38.922866106033325; 0.5
38.93632984161377; 0.43
38.95506477355957; 0.46
38.98580455780029; 0.36
39.00090527534485; 0.35
39.01860046386719; 0.35
39.032997846603394; 0.31
39.04762005805969; 0.35
39.065088510513306; 0.28
39.078755617141724; 0.33
39.09533762931824; 0.31
39.10966205596924; 0.24
39.12376165390015; 0.29
39.14174556732178; 0.21
39.161389112472534; 0.26
39.177125215530396; 0.25
39.20037531852722; 0.22
39.21831202507019; 0.16
39.23417639732361; 0.16
39.25038695335388; 0.2
39.27043390274048; 0.26
39.28956174850464; 0.27
39.30919885635376; 0.24
39.32273483276367; 0.31
39.33765435218811; 0.29
39.352360010147095; 0.29
39.37179374694824; 0.37
39.38733768463135; 0.39
39.4043927192688; 0.36
39.432976961135864; 0.39
39.44551968574524; 0.46
39.45800256729126; 0.48
39.47055721282959; 0.44
39.48373627662659; 0.52
39.502177715301514; 0.55
39.5372519493103; 0.56
39.55077815055847; 0.59
39.5681893825531; 0.58
39.585464000701904; 0.61
39.59932589530945; 0.67
39.61850643157959; 0.65
39.6320276260376; 0.73
39.65278077125549; 0.76
39.66800403594971; 0.78
39.68195295333862; 0.74
39.699960708618164; 0.83
39.71542406082153; 0.82
39.731178283691406; 0.8
39.746108531951904; 0.83
39.76567840576172; 0.91
39.7793447971344; 0.83
39.796947956085205; 0.85
39.81292104721069; 0.81
39.83422255516052; 0.76
39.84777617454529; 0.72
39.8616783618927; 0.74
39.87673568725586; 0.64
39.891462087631226; 0.63
39.912739276885986; 0.59
39.92775774002075; 0.62
39.95548629760742; 0.5
39.974416732788086; 0.53
39.98691987991333; 0.52
40.00012683868408; 0.44
40.01374077796936; 0.49
40.03221082687378; 0.4
40.06107187271118; 0.42
40.07841396331787; 0.41
40.09291434288025; 0.36
40.107069969177246; 0.37
40.12548279762268; 0.3
40.14026856422424; 0.32
40.15823316574097; 0.27
40.17472958564758; 0.25
40.18810272216797; 0.29
40.203204870224; 0.28
40.2190523147583; 0.28
40.23595190048218; 0.26
40.25155591964722; 0.26
40.267186880111694; 0.24
40.28530240058899; 0.23
40.305166244506836; 0.22
40.319401264190674; 0.17
40.33668851852417; 0.2
40.35395002365112; 0.27
40.37622046470642; 0.29
40.39507603645325; 0.24
40.4100399017334; 0.26
40.423882246017456; 0.35
40.43734550476074; 0.3
40.45374774932861; 0.31
40.47587776184082; 0.34
40.49863314628601; 0.42
40.52860951423645; 0.46
40.54127025604248; 0.43
40.553826093673706; 0.44
40.56714940071106; 0.5
40.58565926551819; 0.48
40.61966943740845; 0.54
40.63883709907532; 0.59
40.656004905700684; 0.58
40.673747539520264; 0.64
40.68721675872803; 0.67
40.70455503463745; 0.65
40.71844553947449; 0.68
40.73919153213501; 0.76
40.75408411026001; 0.73
40.77241253852844; 0.81
40.793216943740845; 0.84
40.81264615058899; 0.79
40.82911515235901; 0.82
40.8471953868866; 0.91
40.86083960533142; 0.85
40.87479066848755; 0.87
40.89314341545105; 0.77
40.91207814216614; 0.8
40.92955780029297; 0.76
40.94878077507019; 0.71
40.9691960811615; 0.62
40.98395013809204; 0.61
41.00197100639343; 0.57
41.02350187301636; 0.54
41.04058265686035; 0.57
41.06137204170227; 0.5
41.080049991607666; 0.52
41.0925726890564; 0.45
41.1058075428009; 0.43
41.12008357048035; 0.47
41.138484716415405; 0.39
41.166752576828; 0.35
41.18093943595886; 0.37
41.19562029838562; 0.38
41.209959268569946; 0.3
41.22623038291931; 0.28
41.23971343040466; 0.33
41.2549364566803; 0.32
41.27193903923035; 0.3
41.28806686401367; 0.29
41.30173063278198; 0.21
41.317052364349365; 0.21
41.33442187309265; 0.19
41.354114294052124; 0.23
41.36934566497803; 0.24
41.38574266433716; 0.23
41.40597367286682; 0.22
41.42214894294739; 0.25
41.43609166145325; 0.2
41.4534125328064; 0.21
41.4704794883728; 0.28
41.489590644836426; 0.25
41.50490665435791; 0.33
41.521648645401; 0.31
41.538930892944336; 0.31
41.554177045822144; 0.33
41.57355546951294; 0.41
41.590033769607544; 0.43
41.60922288894653; 0.39
41.63657903671265; 0.44
41.649083852767944; 0.51
41.662269830703735; 0.47
41.675291299819946; 0.55
41.695029973983765; 0.53
41.72558379173279; 0.63
41.74007773399353; 0.61
41.75453448295593; 0.61
41.77035140991211; 0.67
41.78405570983887; 0.68
41.79845380783081; 0.66
41.81236386299133; 0.75
41.83002161979675; 0.77
41.843371868133545; 0.72
41.86140775680542; 0.82
41.87577486038208; 0.77
41.88988161087036; 0.86
41.9029335975647; 0.81
41.9185745716095; 0.83
41.94066286087036; 0.86
41.956732511520386; 0.82
41.97394108772278; 0.79
41.991373777389526; 0.75
42.00499701499939; 0.79
42.020989179611206; 0.75
42.04026174545288; 0.65
42.05938148498535; 0.69
42.07654690742493; 0.6
42.090529441833496; 0.64
42.10552358627319; 0.58
42.12030267715454; 0.53
42.1371386051178; 0.5
42.155726194381714; 0.53
42.17181706428528; 0.51
42.19409203529358; 0.42
42.21262574195862; 0.4
42.22583198547363; 0.43
42.2391254901886; 0.37
42.25249743461609; 0.41
42.27147555351257; 0.33
42.29980206489563; 0.34
42.31429100036621; 0.28
42.330294370651245; 0.28
42.34633255004883; 0.29
42.36153554916382; 0.31
42.37456679344177; 0.23
42.388665437698364; 0.22
42.40795683860779; 0.2
42.42661499977112; 0.26
42.43980884552002; 0.18
42.45457410812378; 0.23
42.47018575668335; 0.23
42.48980951309204; 0.22
42.52178716659546; 0.21
42.54148530960083; 0.2
42.55943751335144; 0.24
42.58446455001831; 0.33
42.60274910926819; 0.28
42.62135195732117; 0.36
42.635183811187744; 0.33
42.65302801132202; 0.4
42.66968870162964; 0.42
42.68594670295715; 0.44
42.70719766616821; 0.47
42.72262668609619; 0.5
42.737446784973145; 0.45
42.75237226486206; 0.47
42.77273631095886; 0.57
42.79339599609375; 0.59
42.819589376449585; 0.64
42.83820462226868; 0.51
42.85085606575012; 0.68
42.86340117454529; 0.7
42.876680850982666; 0.66
42.89498972892761; 0.75
42.924822092056274; 0.61
42.940468072891235; 0.75
42.95457911491394; 0.83
42.969342947006226; 0.82
42.98287105560303; 0.86
42.997875690460205; 0.89
43.012439250946045; 0.87
43.02841067314148; 0.85
43.04323673248291; 0.87
43.060551404953; 0.77
43.07510209083557; 0.67
43.09257507324219; 0.71
43.11230683326721; 0.69
43.12814402580261; 0.67
43.14402365684509; 0.66
43.16031861305237; 0.63
43.17596173286438; 0.63
43.18991208076477; 0.59
43.20326209068298; 0.55
43.216068983078; 0.5
43.23337936401367; 0.54
43.254684925079346; 0.45
43.26949191093445; 0.42
43.28468298912048; 0.4
43.30851650238037; 0.38
43.32183313369751; 0.42
43.34109377861023; 0.35
43.35745048522949; 0.33
43.37439274787903; 0.3
43.41111087799072; 0.26
43.423598766326904; 0.3
43.436092376708984; 0.28
43.44948077201843; 0.22
43.46833777427673; 0.28
43.50148057937622; 0.22
43.51644325256348; 0.25
43.53788709640503; 0.23
43.55261468887329; 0.16
43.56917905807495; 0.16
43.58245134353638; 0.23
43.602081537246704; 0.22
43.61547088623047; 0.27
43.635499715805054; 0.29
43.649834871292114; 0.24
43.665507555007935; 0.26
43.68139171600342; 0.29
43.70102119445801; 0.36
43.71484684944153; 0.32
43.739564418792725; 0.4
43.75680899620056; 0.43
43.77484369277954; 0.39
43.793489933013916; 0.49
43.81002879142761; 0.51
43.8255181312561; 0.52
43.841854095458984; 0.55
43.85714364051819; 0.51
43.8735625743866; 0.54
43.88840627670288; 0.57
43.90663003921509; 0.57
43.92301058769226; 0.6
43.94036340713501; 0.69
43.96823763847351; 0.74
43.98731827735901; 0.7
44.00051546096802; 0.78
44.014864683151245; 0.74
44.027995347976685; 0.82
44.04631233215332; 0.79
44.076241970062256; 0.89
44.091188192367554; 0.87
44.10555648803711; 0.86
44.12239694595337; 0.82
44.136404037475586; 0.78
44.1554696559906; 0.75
44.17028546333313; 0.77
44.18814778327942; 0.68
44.2056450843811; 0.69
44.21907091140747; 0.69
44.233935594558716; 0.68
44.251323223114014; 0.65
44.27510857582092; 0.55
44.294034242630005; 0.58
44.30769968032837; 0.5
44.32632350921631; 0.53
44.34564518928528; 0.45
44.360629081726074; 0.43
44.37838864326477; 0.4
44.394187450408936; 0.39
44.41384291648865; 0.42
44.433852195739746; 0.35
44.449604749679565; 0.36
44.46503472328186; 0.3
44.47952389717102; 0.33
44.49497413635254; 0.33
44.51264238357544; 0.31
44.528581619262695; 0.3
44.545454025268555; 0.28
44.57622051239014; 0.26
44.58872318267822; 0.21
44.60118389129639; 0.18
44.61437249183655; 0.25
44.62745690345764; 0.23
44.645668506622314; 0.17
44.67395877838135; 0.22
44.6883020401001; 0.19
44.70203709602356; 0.27
44.722960233688354; 0.26
44.740469217300415; 0.31
44.762471199035645; 0.26
44.77680015563965; 0.35
44.791983127593994; 0.36
44.80558490753174; 0.33
44.82019805908203; 0.39
44.83751440048218; 0.41
44.85977387428284; 0.39
44.87531566619873; 0.47
44.89144229888916; 0.49
44.90888571739197; 0.46
44.9263219833374; 0.48
44.94015693664551; 0.56
44.95862627029419; 0.53
44.97779607772827; 0.62
44.99363732337952; 0.64
45.008899450302124; 0.6
45.02900719642639; 0.67
45.042688608169556; 0.71
45.063127756118774; 0.74
45.08188223838806; 0.71
45.09785342216492; 0.73
45.12437582015991; 0.79
45.14284420013428; 0.78
45.15603065490723; 0.86
45.169198513031006; 0.82
45.18255639076233; 0.9
45.201210021972656; 0.91
45.23093843460083; 0.79
45.24522686004639; 0.78
45.2589385509491; 0.81
45.27678680419922; 0.77
45.294344663619995; 0.72
45.309043407440186; 0.71
45.32610321044922; 0.69
45.34262537956238; 0.66
45.3653404712677; 0.63
45.38196563720703; 0.56
45.39556312561035; 0.54
45.415552854537964; 0.54
45.43110370635986; 0.5
45.447227478027344; 0.46
45.467698097229004; 0.41
45.48330640792847; 0.4
45.502588748931885; 0.43
45.51840090751648; 0.4
45.53881859779358; 0.33
45.55322241783142; 0.38
45.5676646232605; 0.35
45.58633255958557; 0.34
45.60746669769287; 0.32
45.62690019607544; 0.23
45.64301872253418; 0.23
45.669901609420776; 0.27
45.688918113708496; 0.19
45.70208430290222; 0.24
45.7153058052063; 0.18
45.72873115539551; 0.18
45.74708700180054; 0.22
45.77782487869263; 0.17
45.79215359687805; 0.26
45.80571699142456; 0.21
45.826491832733154; 0.22
45.84433126449585; 0.25
45.860156297683716; 0.26
45.87748956680298; 0.3
45.894864320755005; 0.36
45.908257722854614; 0.33
45.923579931259155; 0.37
45.94585704803467; 0.39
45.96521186828613; 0.44
45.98302125930786; 0.41
46.00183892250061; 0.5
46.02050161361694; 0.46
46.034855365753174; 0.54
46.04871225357056; 0.51
46.06611347198486; 0.58
46.08193492889404; 0.55
46.09793949127197; 0.58
46.11345839500427; 0.6
46.1298291683197; 0.62
46.14825129508972; 0.71
46.16293215751648; 0.67
46.18300700187683; 0.76
46.199365854263306; 0.78
46.22835302352905; 0.76
46.24692940711975; 0.85
46.261314868927; 0.87
46.27469301223755; 0.82
46.28804659843445; 0.84
46.306406021118164; 0.92
46.33650231361389; 0.79
46.350926637649536; 0.78
46.36454463005066; 0.8
46.382577419281006; 0.78
46.400118589401245; 0.69
46.418357133865356; 0.64
46.43242073059082; 0.68
46.44883942604065; 0.66
46.466323375701904; 0.57
46.48119854927063; 0.6
46.499451637268066; 0.51
46.520838260650635; 0.49
46.53620719909668; 0.52
46.55393195152283; 0.43
46.58095192909241; 0.43
46.59682273864746; 0.39
46.613584756851196; 0.36
46.631696462631226; 0.4
46.65164589881897; 0.33
46.669984102249146; 0.37
46.68530893325806; 0.29
46.7056770324707; 0.27
46.72097730636597; 0.27
46.74064326286316; 0.29
46.75582933425903; 0.22
46.78632140159607; 0.24
46.80483365058899; 0.19
46.81817269325256; 0.24
46.83138608932495; 0.17
46.84469747543335; 0.2
46.863099098205566; 0.22
46.89450740814209; 0.25
46.908812284469604; 0.27
46.92239260673523; 0.22
46.94344997406006; 0.3
46.961092710494995; 0.25
46.97695851325989; 0.27
46.99549460411072; 0.3
47.012120962142944; 0.35
47.026296615600586; 0.35
47.040738582611084; 0.41
47.05770969390869; 0.43
47.082005977630615; 0.39
47.09726047515869; 0.47
47.11476469039917; 0.45
47.13158082962036; 0.47
47.145633935928345; 0.56
47.15940499305725; 0.51
47.1780321598053; 0.54
47.19536590576172; 0.57
47.214290380477905; 0.63
47.22950267791748; 0.67
47.24643850326538; 0.69
47.26353406906128; 0.72
47.27683234214783; 0.68
47.29825401306152; 0.72
47.3145911693573; 0.74
47.34371542930603; 0.84
47.36219000816345; 0.82
47.37466335296631; 0.81
47.38787078857422; 0.89
47.40125036239624; 0.91
47.419634103775024; 0.85
47.45370888710022; 0.84
47.466670513153076; 0.75
47.48612952232361; 0.73
47.50174260139465; 0.75
47.51913094520569; 0.66
47.53409004211426; 0.69
47.54928016662598; 0.67
47.564247608184814; 0.59
47.582496881484985; 0.62
47.597822427749634; 0.56
47.61488437652588; 0.56
47.633416414260864; 0.48
47.649606227874756; 0.5
47.66832423210144; 0.42
47.686819314956665; 0.48
47.70419454574585; 0.43
47.718395948410034; 0.42
47.73643493652344; 0.4
47.75562334060669; 0.32
47.78131675720215; 0.36
47.80203986167908; 0.28
47.81718444824219; 0.27
47.83214569091797; 0.31
47.84970259666443; 0.27
47.86788845062256; 0.22
47.88753318786621; 0.21
47.917049407958984; 0.18
47.9295916557312; 0.24
47.94212079048157; 0.16
47.95564293861389; 0.16
47.97444558143616; 0.23
48.007545948028564; 0.2
48.02306842803955; 0.27
48.036627531051636; 0.22
48.05774903297424; 0.26
48.07479906082153; 0.27
48.09438443183899; 0.3
48.11175847053528; 0.34
48.12737274169922; 0.33
48.144259214401245; 0.37
48.15882873535156; 0.38
48.177081823349; 0.46
48.200700759887695; 0.46
48.215176820755005; 0.51
48.23669672012329; 0.53
48.25629901885986; 0.5
48.270015001297; 0.58
48.28474140167236; 0.62
48.30506682395935; 0.58
48.32710647583008; 0.62
48.34606599807739; 0.69
48.36011981964111; 0.72
48.37576365470886; 0.72
48.39036583900452; 0.7
48.407134771347046; 0.74
48.42559790611267; 0.82
48.44175410270691; 0.83
48.46431016921997; 0.88
48.48291730880737; 0.83
48.49612808227539; 0.91
48.5091335773468; 0.87
48.524046182632446; 0.9
48.54226899147034; 0.8
48.57380223274231; 0.76
48.58807611465454; 0.77
48.60168218612671; 0.68
48.62010598182678; 0.66
48.637664556503296; 0.68
48.651360273361206; 0.6
48.66977882385254; 0.63
48.68744206428528; 0.52
48.706013679504395; 0.57
48.72131633758545; 0.52
48.73946475982666; 0.53
48.76302242279053; 0.43
48.7768349647522; 0.47
48.79975199699402; 0.43
48.81970691680908; 0.39
48.83370780944824; 0.36
48.84838032722473; 0.39
48.86680507659912; 0.32
48.88890242576599; 0.28
48.90774345397949; 0.33
48.92949390411377; 0.31
48.94318723678589; 0.24
48.95785617828369; 0.28
48.97700643539429; 0.21
48.99409794807434; 0.26
49.01352834701538; 0.18
49.042396783828735; 0.23
49.05487823486328; 0.16
49.068084716796875; 0.17
49.081303119659424; 0.23
49.09963274002075; 0.19
49.133650064468384; 0.29
49.149439096450806; 0.28
49.16501784324646; 0.26
49.18373155593872; 0.36
49.20207166671753; 0.31
49.21683478355408; 0.39
49.233617305755615; 0.39
49.24849510192871; 0.43
49.265216588974; 0.44
49.28002071380615; 0.42
49.29720091819763; 0.45
49.31581783294678; 0.49
49.332969665527344; 0.54
49.34885239601135; 0.56
49.36682629585266; 0.59
49.381492376327515; 0.59
49.39611482620239; 0.57
49.412598609924316; 0.59
49.428290128707886; 0.63
49.44954752922058; 0.67
49.468555212020874; 0.67
49.48216962814331; 0.75
49.497193574905396; 0.78
49.5109543800354; 0.73
49.52860713005066; 0.77
49.547139167785645; 0.85
49.56322360038757; 0.87
49.595144510269165; 0.85
49.60852837562561; 0.88
49.62131476402283; 0.9
49.63447904586792; 0.82
49.64774489402771; 0.85
49.666332483291626; 0.78
49.69731140136719; 0.75
49.71170115470886; 0.73
49.725669622421265; 0.66
49.74330163002014; 0.6
49.761080503463745; 0.64
49.774518728256226; 0.56
49.792553424835205; 0.55
49.80613994598389; 0.55
49.8239164352417; 0.48
49.8367600440979; 0.52
49.85546827316284; 0.48
49.86879754066467; 0.45
49.88890790939331; 0.39
49.90281128883362; 0.39
49.92401742935181; 0.41
49.94322991371155; 0.38
49.95691180229187; 0.33
49.971428632736206; 0.37
49.98839545249939; 0.35
50.00388193130493; 0.33
50.026869773864746; 0.31
50.040502309799194; 0.23
50.055546045303345; 0.22
50.07085585594177; 0.27
50.08926773071289; 0.2
50.107672929763794; 0.25
50.12485456466675; 0.24
50.150811433792114; 0.22
50.16897392272949; 0.23
50.1815710067749; 0.18
50.19484233856201; 0.25
50.209487199783325; 0.21
50.22879147529602; 0.28
50.26154446601868; 0.28
50.28031539916992; 0.33
50.29479694366455; 0.31
50.31227469444275; 0.33
50.332555532455444; 0.36
50.34606099128723; 0.42
50.35972189903259; 0.39
50.37322545051575; 0.46
50.38720226287842; 0.42
50.403401374816895; 0.45
50.41942763328552; 0.5
50.43355989456177; 0.55
50.447669982910156; 0.5
50.46776819229126; 0.59
50.48141431808472; 0.57
50.50626587867737; 0.64
50.52162456512451; 0.67
50.53905415534973; 0.7
50.553139209747314; 0.71
50.57139229774475; 0.74
50.58967185020447; 0.71
50.60945963859558; 0.81
50.62517738342285; 0.82
50.64158749580383; 0.84
50.656288146972656; 0.82
50.67074394226074; 0.82
50.68847465515137; 0.84
50.704500675201416; 0.86
50.72186207771301; 0.84
50.74930477142334; 0.83
50.76781678199768; 0.76
50.78032827377319; 0.71
50.79327750205994; 0.74
50.810248136520386; 0.71
50.82923173904419; 0.61
50.86241436004639; 0.63
50.87834286689758; 0.56
50.8925096988678; 0.52
50.91051459312439; 0.48
50.928083181381226; 0.53
50.941202878952026; 0.45
50.95999026298523; 0.48
50.977386474609375; 0.45
50.99546456336975; 0.38
51.012606620788574; 0.35
51.02983808517456; 0.39
51.05497145652771; 0.31
51.069000244140625; 0.35
51.08552932739258; 0.33
51.10054874420166; 0.32
51.11917304992676; 0.24
51.138107776641846; 0.29
51.152578592300415; 0.21
51.16864609718323; 0.2
51.18798851966858; 0.25
51.20277428627014; 0.25
51.22137904167175; 0.18
51.23701596260071; 0.22
51.251139402389526; 0.22
51.26798629760742; 0.24
51.28698420524597; 0.2
51.307032346725464; 0.28
51.33657908439636; 0.25
51.34929275512695; 0.33
51.36252522468567; 0.28
51.375067949295044; 0.36
51.38810873031616; 0.38
51.406777143478394; 0.34
51.43949818611145; 0.41
51.45403218269348; 0.4
51.46772646903992; 0.47
51.48524498939514; 0.49
51.50304579734802; 0.48
51.517049074172974; 0.55
51.53532099723816; 0.52
51.54913401603699; 0.57
51.57015919685364; 0.63
51.58509588241577; 0.64
51.60258150100708; 0.67
51.62568211555481; 0.71
51.64114999771118; 0.73
51.65776824951172; 0.75
51.67352890968323; 0.78
51.69304299354553; 0.73
51.70716309547424; 0.79
51.72593331336975; 0.83
51.74587893486023; 0.82
51.763571977615356; 0.88
51.77732491493225; 0.88
51.792521715164185; 0.9
51.806442975997925; 0.82
51.82328152656555; 0.85
51.8422155380249; 0.74
51.85875463485718; 0.72
51.88118362426758; 0.67
51.89941954612732; 0.7
51.91196274757385; 0.61
51.92454957962036; 0.61
51.9377658367157; 0.63
51.956246852874756; 0.55
51.993356227874756; 0.49
52.00776410102844; 0.53
52.02252984046936; 0.5
52.036439180374146; 0.43
52.05068898200989; 0.47
52.06423234939575; 0.4
52.07964015007019; 0.37
52.09712886810303; 0.34
52.11359000205994; 0.35
52.129212617874146; 0.32
52.14341473579407; 0.36
52.160934925079346; 0.27
52.18152570724487; 0.27
52.197028160095215; 0.3
52.21091938018799; 0.27
52.22764205932617; 0.28
52.2424750328064; 0.2
52.25670623779297; 0.24
52.275872230529785; 0.23
52.29101848602295; 0.18
52.307029724121094; 0.17
52.32830500602722; 0.17
52.34220576286316; 0.24
52.35814619064331; 0.24
52.37872290611267; 0.21
52.39571261405945; 0.23
52.41518211364746; 0.31
52.431724548339844; 0.33
52.45491600036621; 0.3
52.47429823875427; 0.38
52.48785853385925; 0.33
52.500468254089355; 0.41
52.51384949684143; 0.39
52.53233623504639; 0.39
52.56548237800598; 0.44
52.58525896072388; 0.45
52.6030695438385; 0.56
52.61879372596741; 0.57
52.637155055999756; 0.6
52.65053701400757; 0.56
52.668084144592285; 0.58
52.68501591682434; 0.63
52.69939732551575; 0.64
52.713648319244385; 0.71
52.73133158683777; 0.69
52.74485373497009; 0.76
52.76993656158447; 0.75
52.78650093078613; 0.76
52.806069135665894; 0.85
52.82504153251648; 0.81
52.839393615722656; 0.85
52.85439658164978; 0.91
52.873260259628296; 0.85
52.89567947387695; 0.82
52.915241718292236; 0.77
52.929603815078735; 0.8
52.945858001708984; 0.76
52.96047043800354; 0.67
52.97742438316345; 0.71
52.995299100875854; 0.68
53.013221979141235; 0.59
53.035967111587524; 0.6
53.054832458496094; 0.58
53.067530155181885; 0.51
53.08029580116272; 0.55
53.09396147727966; 0.47
53.10724925994873; 0.46
53.12553358078003; 0.48
53.15736389160156; 0.43
53.1719868183136; 0.36
53.18593096733093; 0.39
53.19959497451782; 0.36
53.213677644729614; 0.32
53.22726130485535; 0.35
53.24194574356079; 0.29
53.260005235672; 0.33
53.27510738372803; 0.26
53.29208564758301; 0.3
53.30759119987488; 0.24
53.325103521347046; 0.27
53.34919762611389; 0.19
53.36372208595276; 0.24
53.38013029098511; 0.24
53.40051865577698; 0.17
53.4190514087677; 0.22
53.432984590530396; 0.17
53.44733500480652; 0.24
53.46220064163208; 0.26
53.48167538642883; 0.22
53.496793031692505; 0.24
53.51005578041077; 0.31
53.5280442237854; 0.33
53.546430587768555; 0.29
53.56327223777771; 0.32
53.5792772769928; 0.33
53.59949493408203; 0.35
53.618284940719604; 0.44
53.636810064315796; 0.47
53.66617488861084; 0.45
53.67928338050842; 0.52
53.69242763519287; 0.48
53.70618534088135; 0.57
53.719526529312134; 0.52
53.73815441131592; 0.61
53.77109932899475; 0.63
53.786428689956665; 0.68
53.80088543891907; 0.64
53.81476020812988; 0.7
53.83013463020325; 0.74
53.84542107582092; 0.77
53.86303424835205; 0.8
53.87707257270813; 0.81
53.89336442947388; 0.84
53.907002210617065; 0.8
53.92191123962402; 0.87
53.93922162055969; 0.84
53.96107006072998; 0.88
53.97667837142944; 0.84
53.99337959289551; 0.8
54.01112461090088; 0.81
54.02844309806824; 0.79
54.04214262962341; 0.7
54.05895161628723; 0.68
54.07532000541687; 0.66
54.09321045875549; 0.67
54.11146855354309; 0.58
54.13065481185913; 0.61
54.14885091781616; 0.54
54.16345167160034; 0.51
54.18339395523071; 0.53
54.20667743682861; 0.44
54.22933316230774; 0.4
54.247817039489746; 0.44
54.26032781600952; 0.38
54.27348709106445; 0.4
54.2868115901947; 0.39
54.305020809173584; 0.31
54.34127140045166; 0.28
54.355551958084106; 0.33
54.36911582946777; 0.25
54.38666749000549; 0.29
54.4040002822876; 0.28
54.418508768081665; 0.25
54.435561180114746; 0.24
54.44915318489075; 0.21
54.46762275695801; 0.24
54.48077368736267; 0.18
54.49916386604309; 0.23
54.512643814086914; 0.16
54.532963275909424; 0.22
54.54679727554321; 0.26
54.567697286605835; 0.25
54.58714532852173; 0.29
54.600794076919556; 0.31
54.615296602249146; 0.28
54.63429498672485; 0.35
54.6565420627594; 0.38
54.675612449645996; 0.34
54.69293165206909; 0.37
54.71019911766052; 0.44
54.72392535209656; 0.45
54.74081492424011; 0.42
54.75704836845398; 0.5
54.773404121398926; 0.53
54.79973530769348; 0.57
54.818175077438354; 0.6
54.83136200904846; 0.56
54.84386372566223; 0.63
54.857051610946655; 0.59
54.87535381317139; 0.63
54.908209562301636; 0.72
54.92690348625183; 0.7
54.94065499305725; 0.78
54.95792555809021; 0.8
54.97839546203613; 0.83
54.99394130706787; 0.85
55.01105856895447; 0.88
55.025859355926514; 0.89
55.04421138763428; 0.92
55.05878710746765; 0.86
55.07607698440552; 0.86
55.102116107940674; 0.85
55.116843461990356; 0.85
55.13354182243347; 0.84
55.14887523651123; 0.85
55.16733193397522; 0.83
55.18186163902283; 0.83
55.19933199882507; 0.82
55.214998960494995; 0.82
55.23426055908203; 0.83
55.24926137924194; 0.83
55.268720865249634; 0.82
55.28243064880371; 0.82
55.30229425430298; 0.82
55.3172402381897; 0.82
55.33353543281555; 0.8
55.352254152297974; 0.81
55.3807590007782; 0.81
55.39338779449463; 0.82
55.40596604347229; 0.81
55.41913843154907; 0.82
55.43738412857056; 0.81
55.47013878822327; 0.81
55.490878105163574; 0.82
55.504213094711304; 0.82
55.522908210754395; 0.81
55.54169464111328; 0.81
55.55508279800415; 0.81
55.572301149368286; 0.8
55.58589029312134; 0.81
55.60310077667236; 0.81
55.62073874473572; 0.8
55.63934588432312; 0.81
55.6595458984375; 0.8
55.67709732055664; 0.8
55.69106864929199; 0.8
55.70889472961426; 0.8
55.72767210006714; 0.8
55.747108936309814; 0.8
55.76399564743042; 0.8
55.781529903411865; 0.8
55.79609203338623; 0.78
55.810410261154175; 0.8
55.83003377914429; 0.8
55.84511137008667; 0.78
55.864683389663696; 0.79
55.879536867141724; 0.8
55.9092059135437; 0.79
55.92767810821533; 0.8
55.94028687477112; 0.8
55.95344591140747; 0.79
55.96673011779785; 0.79
55.985594511032104; 0.79
56.02340078353882; 0.79
56.03756880760193; 0.79
56.051220178604126; 0.78
56.071460008621216; 0.79
56.088465213775635; 0.79
56.103275775909424; 0.79
56.12083411216736; 0.78
56.13909959793091; 0.79
56.15321326255798; 0.79
56.16758441925049; 0.77
56.18440318107605; 0.79
56.209375619888306; 0.77
56.22575497627258; 0.79
56.24591422080994; 0.78
56.263368129730225; 0.78
56.277672290802; 0.78
56.2919442653656; 0.78
56.31097602844238; 0.79
56.326690435409546; 0.79
56.346434593200684; 0.8
56.359835386276245; 0.78
56.3745334148407; 0.78
56.38789939880371; 0.78
56.401071310043335; 0.78
56.41957473754883; 0.78
56.434245109558105; 0.79
56.45641207695007; 0.77
56.48425364494324; 0.78
56.497443437576294; 0.78
56.50993466377258; 0.77
56.52311635017395; 0.78
56.54145050048828; 0.79
56.57432222366333; 0.78
56.594619274139404; 0.79
56.60807657241821; 0.78
56.62253379821777; 0.79
56.63654375076294; 0.79
56.650506258010864; 0.78
56.665863037109375; 0.78
56.68108105659485; 0.79
56.69717001914978; 0.79
56.710347175598145; 0.78
56.72533392906189; 0.78
56.74210739135742; 0.77
56.766526222229004; 0.77
56.78036713600159; 0.78
56.803351640701294; 0.79
56.82180953025818; 0.77
56.83547234535217; 0.77
56.84982395172119; 0.78
56.86799764633179; 0.78
56.89057683944702; 0.77
56.90767002105713; 0.78
56.92260813713074; 0.78
56.93732190132141; 0.78
56.951114654541016; 0.78
56.97100472450256; 0.77
56.98910617828369; 0.78
57.00508165359497; 0.77
57.032877922058105; 0.78
57.04543972015381; 0.78
57.058653354644775; 0.77
57.071941614151; 0.77
57.08503293991089; 0.78
57.104148149490356; 0.77
57.136927127838135; 0.77
57.153000831604004; 0.77
57.16630268096924; 0.76
57.18452000617981; 0.77
57.2018768787384; 0.77
57.21790313720703; 0.78
57.23328232765198; 0.78
57.24892044067383; 0.77
57.266204595565796; 0.77
57.28106474876404; 0.77
57.2971088886261; 0.77
57.314714670181274; 0.76
57.335960388183594; 0.77
57.35490584373474; 0.77
57.3729522228241; 0.78
57.38694381713867; 0.78
57.403411626815796; 0.77
57.419389486312866; 0.77
57.440276861190796; 0.77
57.45474433898926; 0.78
57.468989849090576; 0.77
57.48413372039795; 0.76
57.50057888031006; 0.76
57.52059292793274; 0.78
57.538328409194946; 0.76
57.55817246437073; 0.77
57.58448076248169; 0.76
57.59701609611511; 0.76
57.60965657234192; 0.78
57.623071908950806; 0.77
57.64131712913513; 0.77
57.67413878440857; 0.76
57.6968047618866; 0.76
57.71069812774658; 0.77
57.729304790496826; 0.77
57.74463224411011; 0.77
57.75747275352478; 0.77
57.775410413742065; 0.77
57.793362617492676; 0.77
57.80724310874939; 0.77
57.82528638839722; 0.76
57.84425449371338; 0.77
57.86893272399902; 0.76
57.88342022895813; 0.77
57.897176027297974; 0.77
57.914018869400024; 0.76
57.932233810424805; 0.76
57.94562888145447; 0.76
57.96267366409302; 0.76
57.97853112220764; 0.77
57.997443437576294; 0.76
58.01469802856445; 0.76
58.02864480018616; 0.76
58.04293775558472; 0.76
58.05735993385315; 0.76
58.07604694366455; 0.76
58.09205102920532; 0.76
58.10703802108765; 0.75
58.13602256774902; 0.76
58.15423393249512; 0.76
58.16745591163635; 0.76
58.18001866340637; 0.76
58.1932213306427; 0.77
58.21163535118103; 0.75
58.24957609176636; 0.77
58.26625466346741; 0.77
58.28037881851196; 0.77
58.30245661735535; 0.77
58.31960082054138; 0.77
58.33452367782593; 0.76
58.35121440887451; 0.76
58.36761522293091; 0.76
58.380797147750854; 0.76
58.39581489562988; 0.75
58.41384029388428; 0.75
58.438146352767944; 0.76
58.45545220375061; 0.76
58.473652839660645; 0.76
58.49259638786316; 0.76
58.50594735145569; 0.76
58.51918816566467; 0.76
58.53838276863098; 0.76
58.56027865409851; 0.76
58.579020261764526; 0.76
58.60000801086426; 0.76
58.61355924606323; 0.75
58.629008054733276; 0.76
58.64640784263611; 0.76
58.661274671554565; 0.76
58.677454471588135; 0.76
58.70424675941467; 0.76
58.71677017211914; 0.76
58.729470014572144; 0.76
58.74204921722412; 0.76
58.75511121749878; 0.76
58.77391791343689; 0.76
58.80664801597595; 0.76
58.825133323669434; 0.75
58.83878445625305; 0.75
58.85919404029846; 0.76
58.87650990486145; 0.76
58.891108989715576; 0.76
58.9086058139801; 0.76
58.92447066307068; 0.76
58.941765785217285; 0.76
58.95765161514282; 0.75
58.97129201889038; 0.76
58.99704670906067; 0.75
59.01093626022339; 0.76
59.031678676605225; 0.76
59.048929929733276; 0.77
59.06387281417847; 0.75
59.081663608551025; 0.75
59.099191427230835; 0.75
59.11801481246948; 0.75
59.137749671936035; 0.74
59.15123248100281; 0.76
59.16437554359436; 0.75
59.17971682548523; 0.76
59.196134090423584; 0.75
59.21438908576965; 0.75
59.23062062263489; 0.75
59.25097298622131; 0.75
59.26758313179016; 0.76
59.28078532218933; 0.75
59.293362855911255; 0.75
59.30666899681091; 0.76
59.32493233680725; 0.75
59.357688426971436; 0.74
59.380690574645996; 0.76
59.39399719238281; 0.75
59.411306619644165; 0.74
59.42885708808899; 0.75
59.44639182090759; 0.75
59.46395826339722; 0.75
59.47966647148132; 0.76
59.49572467803955; 0.74
59.511232137680054; 0.76
59.5264687538147; 0.75
59.55320978164673; 0.76
59.56808257102966; 0.76
59.588186264038086; 0.75
59.606563091278076; 0.75
59.620030879974365; 0.75
59.63837027549744; 0.76
59.65370059013367; 0.76
59.66822028160095; 0.75
59.683058977127075; 0.75
59.69718337059021; 0.76
59.716814041137695; 0.75
59.731505155563354; 0.75
59.75348162651062; 0.74
59.770426988601685; 0.74
59.79437708854675; 0.75
59.81404757499695; 0.75
59.8272590637207; 0.75
59.84052777290344; 0.75
59.85362434387207; 0.75
59.87256717681885; 0.75
59.90548753738403; 0.75
59.92561101913452; 0.76
59.9435977935791; 0.75
59.958561420440674; 0.75
59.97639536857605; 0.75
59.99138259887695; 0.74
60.008217573165894; 0.75
60.02356958389282; 0.75
60.038785219192505; 0.76
60.055439472198486; 0.76
60.07053327560425; 0.74
60.097196102142334; 0.74
60.112091064453125; 0.74
60.131338119506836; 0.76
60.15066576004028; 0.76
60.16412568092346; 0.75
60.178250551223755; 0.75
60.198607444763184; 0.75
60.22151732444763; 0.75
60.24037551879883; 0.75
60.25384998321533; 0.75
60.26851725578308; 0.76
60.28191947937012; 0.74
60.2984414100647; 0.74
60.31662058830261; 0.76
60.3333637714386; 0.75
60.35700988769531; 0.75
60.36964511871338; 0.75
60.38282299041748; 0.76
60.396101236343384; 0.75
60.409390926361084; 0.74
60.427754640579224; 0.75
60.46064519882202; 0.75
60.48217844963074; 0.74
60.49579858779907; 0.75
60.51325082778931; 0.75
60.531670331954956; 0.74
60.54534864425659; 0.75
60.55981993675232; 0.74
60.57391023635864; 0.74
60.588194131851196; 0.75
60.601006269454956; 0.75
60.61535096168518; 0.75
60.63219356536865; 0.74
60.655060052871704; 0.75
60.670398473739624; 0.75
60.686870098114014; 0.75
60.70447611808777; 0.75
60.721386194229126; 0.75
60.73866057395935; 0.74
60.759976387023926; 0.74
60.78190016746521; 0.74
60.799200773239136; 0.73
60.816826581954956; 0.75
60.83021354675293; 0.74
60.84430932998657; 0.76
60.8607394695282; 0.75
60.878772258758545; 0.75
60.89478421211243; 0.75
60.915233850479126; 0.75
60.930952072143555; 0.74
60.943461656570435; 0.74
60.95593571662903; 0.76
60.96911549568176; 0.75
60.98750877380371; 0.74
61.02033472061157; 0.74
61.04417824745178; 0.74
61.057390213012695; 0.74
61.074464082717896; 0.75
61.0916223526001; 0.75
61.10960006713867; 0.75
61.12362480163574; 0.75
61.137513875961304; 0.73
61.15523338317871; 0.73
61.168519258499146; 0.75
61.185786962509155; 0.75
61.19974756240845; 0.74
61.22788190841675; 0.75
61.24445700645447; 0.74
61.26212954521179; 0.74
61.27881050109863; 0.75
61.292134523391724; 0.75
61.3112690448761; 0.74
61.326947927474976; 0.74
61.34559345245361; 0.74
61.3606858253479; 0.75
61.37985110282898; 0.74
61.39328479766846; 0.74
61.4070839881897; 0.73
61.42475748062134; 0.75
61.43970060348511; 0.75
61.45589733123779; 0.74
61.47941327095032; 0.74
61.49486446380615; 0.74
61.50817251205444; 0.74
61.520710706710815; 0.74
61.53396153450012; 0.75
61.55226993560791; 0.74
61.58500361442566; 0.75
61.60893201828003; 0.73
61.62238812446594; 0.74
61.640326499938965; 0.74
61.65779495239258; 0.72
61.6757128238678; 0.73
61.692920446395874; 0.75
61.707980155944824; 0.75
61.72435140609741; 0.73
61.73892331123352; 0.75
61.755730628967285; 0.74
61.78001141548157; 0.74
61.79467749595642; 0.74
61.80866718292236; 0.73
61.82649517059326; 0.75
61.84533905982971; 0.74
61.86263346672058; 0.74
61.87855577468872; 0.74
61.899646043777466; 0.73
61.914880990982056; 0.74
61.93323564529419; 0.75
61.947972774505615; 0.74
61.962971925735474; 0.74
61.9824914932251; 0.74
61.99843740463257; 0.74
62.022401332855225; 0.74
62.04069519042969; 0.74
62.05391073226929; 0.74
62.067068338394165; 0.74
62.08035063743591; 0.74
62.09872007369995; 0.73
62.13155388832092; 0.73
62.15564298629761; 0.74
62.169137716293335; 0.74
62.18609070777893; 0.73
62.20644474029541; 0.74
62.221919775009155; 0.73
62.238627672195435; 0.75
62.25333023071289; 0.75
62.27140974998474; 0.73
62.28834819793701; 0.74
62.30178999900818; 0.74
62.32610321044922; 0.74
62.33965706825256; 0.74
62.35570955276489; 0.74
62.37297177314758; 0.72
62.38974142074585; 0.75
62.40317463874817; 0.73
62.42007613182068; 0.74
62.436076402664185; 0.74
62.45489740371704; 0.74
62.47348952293396; 0.74
62.49333667755127; 0.75
62.506613969802856; 0.74
62.52017283439636; 0.74
62.540698289871216; 0.73
62.55636286735535; 0.75
62.579243421554565; 0.74
62.60216760635376; 0.74
62.61537218093872; 0.74
62.627875089645386; 0.73
62.64272356033325; 0.74
62.66111397743225; 0.74
62.69389724731445; 0.74
62.71956706047058; 0.74
62.73288440704346; 0.74
62.750030279159546; 0.73
62.7678165435791; 0.73
62.78551912307739; 0.74
62.80489492416382; 0.73
62.821263551712036; 0.74
62.8344247341156; 0.73
62.8483190536499; 0.74
62.86544942855835; 0.73
62.887858867645264; 0.73
62.903403520584106; 0.74
62.91976499557495; 0.75
62.941354751586914; 0.74
62.954768896102905; 0.73
62.96857285499573; 0.74
62.98671841621399; 0.73
63.00251770019531; 0.73
63.021567821502686; 0.73
63.03649425506592; 0.74
63.056334495544434; 0.74
63.07009506225586; 0.74
63.0850875377655; 0.73
63.106627225875854; 0.73
63.12363934516907; 0.74
63.147008419036865; 0.74
63.16168808937073; 0.74
63.17420816421509; 0.73
63.187403202056885; 0.73
63.20071506500244; 0.75
63.21903038024902; 0.74
63.25187921524048; 0.74
63.27711200714111; 0.73
63.29054379463196; 0.73
63.31099081039429; 0.74
63.32913374900818; 0.74
63.34383845329285; 0.74
63.36045598983765; 0.73
63.37786102294922; 0.74
63.39101600646973; 0.73
63.40598654747009; 0.74
63.423155069351196; 0.74
63.44756054878235; 0.74
63.46141338348389; 0.73
63.48112177848816; 0.73
63.502299785614014; 0.73
63.51564836502075; 0.73
63.53345704078674; 0.74
63.55085110664368; 0.74
63.57102847099304; 0.75
63.58432912826538; 0.74
63.59760308265686; 0.75
63.612921953201294; 0.72
63.63173866271973; 0.74
63.647255182266235; 0.73
63.66216492652893; 0.73
63.681376695632935; 0.73
63.7037136554718; 0.74
63.71623945236206; 0.74
63.72940373420715; 0.74
63.74262976646423; 0.73
63.76093101501465; 0.74
63.79386568069458; 0.74
63.81967043876648; 0.73
63.833383321762085; 0.73
63.84944009780884; 0.74
63.864235639572144; 0.72
63.881200313568115; 0.73
63.89435291290283; 0.73
63.90829586982727; 0.74
63.922954082489014; 0.73
63.937572956085205; 0.73
63.95305323600769; 0.73
63.968045234680176; 0.73
63.989561557769775; 0.74
64.00447940826416; 0.73
64.02358531951904; 0.74
64.04013752937317; 0.71
64.05522131919861; 0.73
64.06865978240967; 0.73
64.0855495929718; 0.74
64.10453009605408; 0.72
64.12321615219116; 0.73
64.13834285736084; 0.74
64.15843939781189; 0.74
64.17356514930725; 0.74
64.1894850730896; 0.73
64.20668816566467; 0.73
64.2227041721344; 0.73
64.2389543056488; 0.74
64.26233005523682; 0.73
64.27931499481201; 0.74
64.2918050289154; 0.73
64.30470681190491; 0.73
64.31832790374756; 0.73
64.33665251731873; 0.74
64.3694372177124; 0.73
64.39405179023743; 0.72
64.41102480888367; 0.74
64.42456269264221; 0.73
64.43844175338745; 0.73
64.45141363143921; 0.72
64.46471381187439; 0.72
64.47996258735657; 0.72
64.49305629730225; 0.73
64.51043200492859; 0.75
64.52350401878357; 0.73
64.53849935531616; 0.74
64.55455303192139; 0.72
64.56807947158813; 0.73
64.58588862419128; 0.74
64.60154366493225; 0.73
64.61962008476257; 0.74
64.63658094406128; 0.73
64.65142250061035; 0.73
64.6691689491272; 0.74
64.6851396560669; 0.73
64.70362257957458; 0.74
64.71834373474121; 0.73
64.7361216545105; 0.73
64.75068736076355; 0.72
64.76825857162476; 0.73
64.78407454490662; 0.74
64.80373501777649; 0.72
64.82152652740479; 0.74
64.83401870727539; 0.72
64.84717440605164; 0.73
64.8611707687378; 0.73
64.87974143028259; 0.74
64.91260385513306; 0.73
64.93508338928223; 0.73
64.95214080810547; 0.73
64.96565318107605; 0.74
64.97931003570557; 0.73
64.99236679077148; 0.73
65.00626397132874; 0.73
65.01988768577576; 0.73
65.03276252746582; 0.73
65.04893732070923; 0.72
65.06399869918823; 0.73
65.07841730117798; 0.71
65.09158039093018; 0.74
65.1097674369812; 0.68
65.12572622299194; 0.66
65.14234685897827; 0.6
65.1587438583374; 0.56
65.1745753288269; 0.54
65.18928408622742; 0.52
65.2026994228363; 0.56
65.21631741523743; 0.46
65.23187208175659; 0.45
65.24612760543823; 0.49
65.26523804664612; 0.4
65.27857041358948; 0.45
65.29384016990662; 0.42
65.31261801719666; 0.37
65.33270764350891; 0.34
65.36226654052734; 0.3
65.37539482116699; 0.36
65.38788795471191; 0.33
65.40124726295471; 0.27
65.41958713531494; 0.32
65.45239162445068; 0.26
65.48173952102661; 0.25
65.49616646766663; 0.2
65.51514458656311; 0.19
65.53088521957397; 0.25
65.5452938079834; 0.2
65.5597779750824; 0.17
65.57400226593018; 0.22
65.58903360366821; 0.21
65.60282039642334; 0.15
65.61777710914612; 0.2
65.6361334323883; 0.2
65.65713882446289; 0.2
65.67335414886475; 0.19
65.69032835960388; 0.19
65.7087094783783; 0.13
65.72387456893921; 0.16
65.73864197731018; 0.11
65.75783491134644; 0.17
65.7747311592102; 0.18
65.78969955444336; 0.14
65.80962324142456; 0.1
65.82502341270447; 0.17
65.83856344223022; 0.09
65.85702633857727; 0.1
65.87328457832336; 0.1
65.89526009559631; 0.09
65.9348156452179; 0.15
65.94913172721863; 0.09
65.96317458152771; 0.15
65.97835159301758; 0.15
65.99165368080139; 0.08
66.00524115562439; 0.14
