90.83431029319763; 0.01065978260869615
0.0005042552947998047; 0.02188060640732314
0.014867544174194336; 0.02188060640732314
0.03723263740539551; 0.02188060640732314
0.06616735458374023; 0.02188060640732314
0.08829307556152344; 0.02188060640732314
0.10614490509033203; 0.02188060640732314
0.12570595741271973; 0.02188060640732314
0.1499316692352295; 0.02188060640732314
0.16913509368896484; 0.03310143020595013
0.18889689445495605; -0.02300268878718482
0.21782565116882324; 0.02188060640732314
0.2455458641052246; 0.03310143020595013
0.2867562770843506; 0.02188060640732314
0.3193812370300293; 0.01065978260869615
0.3336052894592285; 0.02188060640732314
0.3471395969390869; 0.02188060640732314
0.36168718338012695; -0.07910680778031977
0.3748190402984619; 0.03310143020595013
0.3926360607147217; 0.02188060640732314
0.4061737060546875; 0.01065978260869615
0.4199552536010742; 0.03310143020595013
0.43311500549316406; 0.02188060640732314
0.4463016986846924; 0.02188060640732314
0.4597287178039551; 0.02188060640732314
0.47280001640319824; 0.02188060640732314
0.4856069087982178; 0.02188060640732314
0.49872565269470215; 0.02188060640732314
0.5165739059448242; 0.03310143020595013
0.5380980968475342; 0.02188060640732314
0.5583024024963379; 0.02188060640732314
0.5844130516052246; 0.03310143020595013
0.6100301742553711; 0.02188060640732314
0.6282365322113037; 0.01065978260869615
0.6419601440429688; -0.05666516018306579
0.6641852855682373; -0.01178186498855783
0.6827759742736816; 0.02188060640732314
0.7022404670715332; 0.02188060640732314
0.7172553539276123; 0.02188060640732314
0.7451109886169434; 0.02188060640732314
0.7623493671417236; 0.03310143020595013
0.7802090644836426; 0.02188060640732314
0.799976110458374; 0.02188060640732314
0.817486047744751; 0.03310143020595013
0.8328814506530762; 0.02188060640732314
0.8545956611633301; 0.02188060640732314
0.8717474937438965; 0.02188060640732314
0.8908703327178955; 0.02188060640732314
0.9129424095153809; 0.02188060640732314
0.9311809539794922; 0.02188060640732314
0.9484133720397949; 0.02188060640732314
0.9644722938537598; 0.01065978260869615
0.9809122085571289; 0.02188060640732314
0.9971106052398682; 0.02188060640732314
1.0226519107818604; 0.02188060640732314
1.0383069515228271; 0.02188060640732314
1.0516669750213623; 0.02188060640732314
1.064948320388794; 0.02188060640732314
1.0782873630523682; 0.02188060640732314
1.093841314315796; 0.02188060640732314
1.109118938446045; 0.02188060640732314
1.125816822052002; 0.02188060640732314
1.1444454193115234; 0.02188060640732314
1.1646442413330078; 0.02188060640732314
1.1786856651306152; 0.02188060640732314
1.195113182067871; 0.02188060640732314
1.213017225265503; 0.03310143020595013
1.2295548915863037; 0.02188060640732314
1.2497029304504395; 0.03310143020595013
1.268465518951416; 0.03310143020595013
1.2864103317260742; 0.02188060640732314
1.3123984336853027; 0.02188060640732314
1.3301784992218018; 0.02188060640732314
1.3489084243774414; 0.02188060640732314
1.3709158897399902; 0.01065978260869615
1.3856384754180908; 0.03310143020595013
1.4050641059875488; 0.01065978260869615
1.4250028133392334; 0.02188060640732314
1.448455572128296; 0.02188060640732314
1.470423698425293; 0.02188060640732314
1.485802173614502; 0.02188060640732314
1.5028471946716309; 0.02188060640732314
1.52113938331604; 0.02188060640732314
1.5380370616912842; 0.02188060640732314
1.5618016719818115; 0.02188060640732314
1.5855891704559326; 0.03310143020595013
1.5988702774047852; 0.02188060640732314
1.6123859882354736; 0.03310143020595013
1.6256532669067383; 0.03310143020595013
1.6430721282958984; 0.02188060640732314
1.6605160236358643; 0.03310143020595013
1.677276611328125; 0.02188060640732314
1.695897102355957; 0.02188060640732314
1.716010332107544; 0.02188060640732314
1.7312142848968506; 0.02188060640732314
1.7461135387420654; 0.01065978260869615
1.7629499435424805; 0.02188060640732314
1.7780380249023438; 0.02188060640732314
1.7916314601898193; 0.02188060640732314
1.8064992427825928; 0.01065978260869615
1.8232197761535645; 0.01065978260869615
1.838700532913208; 0.02188060640732314
1.865393877029419; 0.02188060640732314
1.8819525241851807; 0.02188060640732314
1.9006445407867432; 0.02188060640732314
1.9212090969085693; 0.01065978260869615
1.941208839416504; 0.02188060640732314
1.9594368934631348; 0.02188060640732314
1.9801239967346191; 0.02188060640732314
2.000967025756836; 0.02188060640732314
2.021331548690796; 0.02188060640732314
2.0393199920654297; 0.02188060640732314
2.0548155307769775; 0.02188060640732314
2.0728416442871094; 0.01065978260869615
2.088876724243164; 0.02188060640732314
2.1128392219543457; 0.01065978260869615
2.1386687755584717; 0.02188060640732314
2.151323080062866; 0.02188060640732314
2.165537118911743; 0.02188060640732314
2.178798198699951; 0.02188060640732314
2.1957015991210938; 0.02188060640732314
2.2108685970306396; 0.02188060640732314
2.227752923965454; 0.02188060640732314
2.2512803077697754; 0.02188060640732314
2.2695670127868652; 0.02188060640732314
2.2867188453674316; 0.02188060640732314
2.304337739944458; 0.03310143020595013
2.321713447570801; 0.02188060640732314
2.3388302326202393; 0.02188060640732314
2.3558313846588135; 0.02188060640732314
2.372809648513794; 0.02188060640732314
2.3877134323120117; 0.01065978260869615
2.409024477005005; 0.02188060640732314
2.42558217048645; 0.02188060640732314
2.4516520500183105; 0.02188060640732314
2.4690632820129395; 0.02188060640732314
2.4858109951019287; 0.02188060640732314
2.5097603797912598; 0.02188060640732314
2.529820442199707; 0.02188060640732314
2.5455965995788574; 0.02188060640732314
2.5625293254852295; 0.03310143020595013
2.5812010765075684; 0.02188060640732314
2.5997438430786133; 0.03310143020595013
2.6172728538513184; 0.02188060640732314
2.6342413425445557; 0.02188060640732314
2.6507415771484375; 0.02188060640732314
2.6768300533294678; 0.02188060640732314
2.6895751953125; 0.02188060640732314
2.702833652496338; 0.03310143020595013
2.7171683311462402; 0.02188060640732314
2.7307512760162354; 0.01065978260869615
2.7530877590179443; 0.03310143020595013
2.769711494445801; 0.01065978260869615
2.7868924140930176; 0.02188060640732314
2.8030149936676025; 0.02188060640732314
2.8181052207946777; 0.02188060640732314
2.8345205783843994; 0.01065978260869615
2.8529140949249268; 0.02188060640732314
2.871999979019165; 0.02188060640732314
2.8868820667266846; 0.02188060640732314
2.904393434524536; 0.02188060640732314
2.922558069229126; 0.02188060640732314
2.9424526691436768; 0.01065978260869615
2.96883487701416; 0.02188060640732314
2.9873433113098145; 0.02188060640732314
3.007875442504883; 0.02188060640732314
3.031202554702759; 0.02188060640732314
3.046553134918213; 0.02188060640732314
3.0680463314056396; 0.02188060640732314
3.093303918838501; 0.02188060640732314
3.1107375621795654; 0.02188060640732314
3.134115219116211; 0.03310143020595013
3.1510355472564697; 0.01065978260869615
3.168323516845703; 0.02188060640732314
3.1855077743530273; 0.01065978260869615
3.2020411491394043; 0.02188060640732314
3.221637487411499; 0.02188060640732314
3.242807388305664; 0.02188060640732314
3.255566120147705; 0.02188060640732314
3.2699296474456787; 0.02188060640732314
3.2834832668304443; 0.02188060640732314
3.3011879920959473; 0.02188060640732314
3.3175723552703857; 0.02188060640732314
3.3361525535583496; 0.02188060640732314
3.3514883518218994; 0.01065978260869615
3.371502637863159; 0.01065978260869615
3.387760639190674; 0.02188060640732314
3.405353307723999; 0.02188060640732314
3.423748731613159; 0.02188060640732314
3.4432408809661865; 0.03310143020595013
3.4588749408721924; 0.02188060640732314
3.4835681915283203; 0.02188060640732314
3.5043210983276367; 0.02188060640732314
3.526318311691284; 0.02188060640732314
3.55538010597229; 0.02188060640732314
3.577620029449463; 0.02188060640732314
3.5928149223327637; 0.02188060640732314
3.6093196868896484; 0.02188060640732314
3.6304938793182373; 0.01065978260869615
3.654372215270996; 0.01065978260869615
3.6750757694244385; 0.02188060640732314
3.6969947814941406; 0.02188060640732314
3.719817876815796; 0.02188060640732314
3.73757266998291; 0.03310143020595013
3.7610561847686768; 0.02188060640732314
3.7909185886383057; 0.02188060640732314
3.803881883621216; 0.02188060640732314
3.8202714920043945; 0.02188060640732314
3.8330531120300293; 0.02188060640732314
3.8496806621551514; 0.02188060640732314
3.8637232780456543; 0.01065978260869615
3.8854689598083496; 0.02188060640732314
3.90049147605896; 0.02188060640732314
3.917243719100952; 0.02188060640732314
3.9343996047973633; 0.02188060640732314
3.9532580375671387; 0.02188060640732314
3.97389817237854; 0.02188060640732314
3.9955320358276367; 0.01065978260869615
4.010427474975586; 0.02188060640732314
4.025666236877441; 0.02188060640732314
4.04428243637085; 0.02188060640732314
4.067235708236694; 0.02188060640732314
4.0871686935424805; 0.02188060640732314
4.105751276016235; 0.02188060640732314
4.132101535797119; 0.01065978260869615
4.149730443954468; 0.01065978260869615
4.1644368171691895; 0.01065978260869615
4.192384481430054; 0.02188060640732314
4.2098681926727295; 0.02188060640732314
4.230656385421753; 0.01065978260869615
4.254250764846802; 0.02188060640732314
4.27116584777832; 0.02188060640732314
4.291239976882935; 0.01065978260869615
4.315675497055054; 0.01065978260869615
4.339404582977295; 0.02188060640732314
4.357858419418335; 0.02188060640732314
4.3722193241119385; 0.01065978260869615
4.385069131851196; 0.01065978260869615
4.401411771774292; 0.01065978260869615
4.416279077529907; 0.02188060640732314
4.438396692276001; 0.02188060640732314
4.454862356185913; 0.02188060640732314
4.470412969589233; 0.02188060640732314
4.49047327041626; 0.01065978260869615
4.506768465042114; 0.02188060640732314
4.528274059295654; 0.01065978260869615
4.542616844177246; 0.01065978260869615
4.559519052505493; 0.01065978260869615
4.574742078781128; 0.01065978260869615
4.593693256378174; 0.02188060640732314
4.610314130783081; 0.01065978260869615
4.631495714187622; 0.01065978260869615
4.648260831832886; 0.01065978260869615
4.666791677474976; 0.01065978260869615
4.68738055229187; 0.01065978260869615
4.7111310958862305; 0.02188060640732314
4.727712154388428; 0.01065978260869615
4.749149560928345; 0.01065978260869615
4.7721288204193115; 0.02188060640732314
4.790623188018799; 0.02188060640732314
4.808413743972778; 0.02188060640732314
4.826756954193115; 0.02188060640732314
4.852674245834351; 0.01065978260869615
4.873006820678711; 0.02188060640732314
4.899495601654053; 0.01065978260869615
4.912308216094971; 0.02188060640732314
4.925111770629883; 0.01065978260869615
4.938558340072632; 0.02188060640732314
4.953080177307129; 0.01065978260869615
4.971500396728516; 0.01065978260869615
4.987736701965332; 0.01065978260869615
5.004876613616943; 0.01065978260869615
5.022747993469238; 0.02188060640732314
5.047713041305542; 0.01065978260869615
5.067028284072876; 0.02188060640732314
5.0852391719818115; 0.03310143020595013
5.102355241775513; 0.02188060640732314
5.1240315437316895; 0.02188060640732314
5.139862775802612; 0.02188060640732314
5.156061410903931; 0.02188060640732314
5.175374507904053; 0.02188060640732314
5.197738409042358; 0.02188060640732314
5.218479633331299; 0.02188060640732314
5.236544609069824; 0.02188060640732314
5.264841794967651; 0.02188060640732314
5.279778480529785; 0.02188060640732314
5.300334930419922; 0.02188060640732314
5.3271894454956055; 0.02188060640732314
5.349582672119141; 0.02188060640732314
5.364350318908691; 0.01065978260869615
5.3866283893585205; 0.02188060640732314
5.415586709976196; 0.02188060640732314
5.431985855102539; 0.02188060640732314
5.457779407501221; 0.02188060640732314
5.474003553390503; 0.02188060640732314
5.486788988113403; 0.02188060640732314
5.502440929412842; 0.02188060640732314
5.516735553741455; 0.02188060640732314
5.53957462310791; 0.02188060640732314
5.557877063751221; 0.02188060640732314
5.580783367156982; 0.02188060640732314
5.60464072227478; 0.02188060640732314
5.620455026626587; 0.02188060640732314
5.638246536254883; 0.02188060640732314
5.654283046722412; 0.02188060640732314
5.6724584102630615; 0.02188060640732314
5.692045211791992; 0.01065978260869615
5.710817813873291; 0.02188060640732314
5.730567693710327; 0.02188060640732314
5.75667405128479; 0.01065978260869615
5.77514123916626; 0.02188060640732314
5.795817852020264; 0.02188060640732314
5.815028429031372; 0.02188060640732314
5.835076332092285; 0.02188060640732314
5.857011556625366; 0.02188060640732314
5.8847715854644775; 0.02188060640732314
5.906797409057617; 0.02188060640732314
5.924851894378662; 0.02188060640732314
5.946608543395996; 0.02188060640732314
5.974650859832764; 0.02188060640732314
5.991169214248657; 0.02188060640732314
6.024604797363281; 0.02188060640732314
6.037997722625732; 0.02188060640732314
6.0509679317474365; 0.02188060640732314
6.064529895782471; 0.02188060640732314
6.082415819168091; 0.02188060640732314
6.0975072383880615; 0.02188060640732314
6.113725423812866; 0.02188060640732314
6.13616156578064; 0.02188060640732314
6.15592098236084; 0.02188060640732314
6.169942617416382; 0.02188060640732314
6.190520286560059; 0.01065978260869615
6.204357624053955; 0.02188060640732314
6.220072507858276; 0.02188060640732314
6.240476846694946; 0.02188060640732314
6.262742042541504; 0.02188060640732314
6.276827812194824; 0.01065978260869615
6.305093288421631; 0.01065978260869615
6.323018789291382; 0.02188060640732314
6.341838121414185; 0.02188060640732314
6.367063045501709; 0.02188060640732314
6.3842551708221436; 0.02188060640732314
6.401779651641846; 0.01065978260869615
6.421816825866699; 0.02188060640732314
6.441761493682861; 0.02188060640732314
6.460850238800049; 0.01065978260869615
6.478425979614258; 0.02188060640732314
6.497225284576416; 0.02188060640732314
6.523272514343262; 0.02188060640732314
6.545275688171387; 0.02188060640732314
6.567561626434326; 0.02188060640732314
6.580639362335205; 0.01065978260869615
6.594003677368164; 0.01065978260869615
6.608319282531738; 0.02188060640732314
6.621831178665161; 0.02188060640732314
6.639517068862915; 0.01065978260869615
6.658590793609619; 0.01065978260869615
6.674592018127441; 0.02188060640732314
6.689883232116699; 0.02188060640732314
6.709888458251953; 0.01065978260869615
6.723996877670288; 0.02188060640732314
6.743242979049683; 0.02188060640732314
6.760660886764526; 0.02188060640732314
6.782309055328369; 0.02188060640732314
6.8007097244262695; 0.02188060640732314
6.821359634399414; 0.02188060640732314
6.8428826332092285; 0.01065978260869615
6.865088224411011; 0.01065978260869615
6.893309116363525; 0.02188060640732314
6.9156293869018555; 0.02188060640732314
6.931445837020874; 0.02188060640732314
6.950883150100708; 0.01065978260869615
6.976741313934326; 0.02188060640732314
6.995416164398193; 0.02188060640732314
7.013897895812988; 0.02188060640732314
7.035816192626953; 0.02188060640732314
7.053817987442017; 0.02188060640732314
7.074836730957031; 0.02188060640732314
7.0911500453948975; 0.02188060640732314
7.120038986206055; 0.02188060640732314
7.138617277145386; 0.01065978260869615
7.153931617736816; 0.01065978260869615
7.167391777038574; 0.02188060640732314
7.180973529815674; 0.01065978260869615
7.197953939437866; 0.03310143020595013
7.215837478637695; 0.02188060640732314
7.229480266571045; 0.02188060640732314
7.25394868850708; 0.01065978260869615
7.272475719451904; 0.01065978260869615
7.290067195892334; 0.02188060640732314
7.311595439910889; 0.02188060640732314
7.332341432571411; 0.02188060640732314
7.3473896980285645; 0.02188060640732314
7.363647222518921; 0.02188060640732314
7.381281137466431; 0.02188060640732314
7.407063245773315; 0.01065978260869615
7.423243999481201; 0.02188060640732314
7.441066026687622; 0.01065978260869615
7.462759733200073; 0.02188060640732314
7.486438989639282; 0.02188060640732314
7.50133204460144; 0.02188060640732314
7.522034406661987; 0.02188060640732314
7.538162469863892; 0.02188060640732314
7.561182498931885; 0.02188060640732314
7.578513860702515; 0.02188060640732314
7.593378067016602; 0.02188060640732314
7.6076483726501465; 0.01065978260869615
7.630136013031006; 0.01065978260869615
7.651592493057251; 0.02188060640732314
7.6748130321502686; 0.01065978260869615
7.698925256729126; 0.02188060640732314
7.712019443511963; 0.01065978260869615
7.727062463760376; 0.02188060640732314
7.741495847702026; 0.02188060640732314
7.761451959609985; 0.02188060640732314
7.77672553062439; 0.02188060640732314
7.79323148727417; 0.01065978260869615
7.814507246017456; 0.01065978260869615
7.83586049079895; 0.02188060640732314
7.853885889053345; 0.01065978260869615
7.871985197067261; 0.02188060640732314
7.887369155883789; 0.02188060640732314
7.903098106384277; 0.01065978260869615
7.9170098304748535; 0.02188060640732314
7.932103633880615; 0.02188060640732314
7.954058885574341; 0.02188060640732314
7.975804328918457; 0.02188060640732314
7.991408586502075; 0.01065978260869615
8.012634754180908; 0.02188060640732314
8.033496141433716; 0.01065978260869615
8.05448317527771; 0.02188060640732314
8.070281505584717; 0.02188060640732314
8.09587287902832; 0.02188060640732314
8.117998838424683; 0.01065978260869615
8.141162395477295; 0.02188060640732314
8.157171249389648; 0.02188060640732314
8.178564071655273; 0.02188060640732314
8.207727670669556; 0.02188060640732314
8.224332332611084; 0.02188060640732314
8.245371341705322; 0.02188060640732314
8.26128888130188; 0.02188060640732314
8.27468490600586; 0.02188060640732314
8.289826154708862; 0.02188060640732314
8.303228855133057; 0.02188060640732314
8.317973613739014; 0.02188060640732314
8.332890033721924; 0.02188060640732314
8.35093379020691; 0.02188060640732314
8.371915102005005; 0.02188060640732314
8.392290592193604; 0.02188060640732314
8.409196615219116; 0.02188060640732314
8.427701950073242; 0.02188060640732314
8.448168992996216; 0.02188060640732314
8.462815046310425; 0.01065978260869615
8.48075556755066; 0.02188060640732314
8.49834132194519; 0.02188060640732314
8.517821788787842; 0.01065978260869615
8.542755365371704; 0.01065978260869615
8.561864852905273; 0.02188060640732314
8.586714506149292; 0.02188060640732314
8.601803302764893; 0.02188060640732314
8.622251987457275; 0.02188060640732314
8.649735927581787; 0.02188060640732314
8.670467138290405; 0.02188060640732314
8.693954467773438; 0.02188060640732314
8.711322546005249; 0.02188060640732314
8.730714797973633; 0.02188060640732314
8.757231950759888; 0.02188060640732314
8.773845434188843; 0.02188060640732314
8.795050144195557; 0.02188060640732314
8.811805486679077; 0.02188060640732314
8.825186967849731; 0.03310143020595013
8.84091591835022; 0.02188060640732314
8.854465007781982; 0.02188060640732314
8.881687641143799; 0.02188060640732314
8.89728307723999; 0.02188060640732314
8.914649486541748; 0.02188060640732314
8.941039085388184; 0.02188060640732314
8.958079814910889; 0.02188060640732314
8.976560831069946; 0.02188060640732314
8.99132251739502; 0.01065978260869615
9.009740114212036; 0.01065978260869615
9.031883716583252; 0.02188060640732314
9.05722427368164; 0.02188060640732314
9.078457593917847; 0.02188060640732314
9.092800617218018; 0.02188060640732314
9.110837459564209; 0.03310143020595013
9.131447076797485; 0.02188060640732314
9.154289722442627; 0.02188060640732314
9.171082258224487; 0.02188060640732314
9.191983938217163; 0.02188060640732314
9.21864914894104; 0.01065978260869615
9.244982481002808; 0.02188060640732314
9.26522946357727; 0.02188060640732314
9.28393816947937; 0.02188060640732314
9.309320211410522; 0.03310143020595013
9.337981462478638; 0.02188060640732314
9.354623556137085; 0.02188060640732314
9.367217779159546; 0.02188060640732314
9.385791778564453; 0.02188060640732314
9.399197101593018; 0.02188060640732314
9.419103622436523; 0.02188060640732314
9.441277265548706; 0.01065978260869615
9.457495927810669; 0.01065978260869615
9.475832223892212; 0.02188060640732314
9.493104934692383; 0.01065978260869615
9.50832223892212; 0.01065978260869615
9.525237798690796; 0.02188060640732314
9.5427565574646; 0.02188060640732314
9.560895681381226; 0.02188060640732314
9.580364465713501; 0.02188060640732314
9.599478244781494; 0.02188060640732314
9.619301795959473; 0.02188060640732314
9.644458293914795; 0.01065978260869615
9.66192889213562; 0.02188060640732314
9.682161331176758; 0.02188060640732314
9.705016374588013; 0.02188060640732314
9.721524953842163; 0.02188060640732314
9.742988586425781; 0.02188060640732314
9.768957376480103; 0.02188060640732314
9.793266534805298; 0.02188060640732314
9.81273078918457; 0.02188060640732314
9.832183122634888; 0.01065978260869615
9.85478687286377; 0.02188060640732314
9.875071048736572; 0.02188060640732314
9.899797201156616; 0.01065978260869615
9.914353609085083; 0.01065978260869615
9.9271981716156; 0.02188060640732314
9.94448709487915; 0.02188060640732314
9.963550567626953; 0.03310143020595013
9.979292631149292; 0.03310143020595013
9.995318412780762; 0.03310143020595013
10.014250040054321; 0.02188060640732314
10.035356760025024; 0.02188060640732314
10.050800323486328; 0.03310143020595013
10.073624610900879; 0.02188060640732314
10.089550018310547; 0.02188060640732314
10.108586311340332; 0.02188060640732314
10.125441312789917; 0.02188060640732314
10.142524719238281; 0.03310143020595013
10.168195486068726; 0.02188060640732314
10.181684494018555; 0.03310143020595013
10.198603868484497; 0.02188060640732314
10.223212957382202; 0.03310143020595013
10.243683099746704; 0.03310143020595013
10.261093854904175; 0.02188060640732314
10.281143188476562; 0.02188060640732314
10.299969911575317; 0.02188060640732314
10.323004007339478; 0.02188060640732314
10.34941029548645; 0.02188060640732314
10.374452114105225; 0.02188060640732314
10.394081115722656; 0.02188060640732314
10.414286136627197; 0.02188060640732314
10.442203760147095; 0.02188060640732314
10.459617376327515; 0.02188060640732314
10.4730966091156; 0.02188060640732314
10.486692905426025; 0.02188060640732314
10.50081729888916; 0.02188060640732314
10.520245552062988; 0.02188060640732314
10.536720752716064; 0.03310143020595013
10.551592588424683; 0.03310143020595013
10.569591999053955; 0.02188060640732314
10.591029644012451; 0.02188060640732314
10.611843824386597; 0.03310143020595013
10.62960433959961; 0.02188060640732314
10.64480972290039; 0.03310143020595013
10.66379690170288; 0.02188060640732314
10.68257212638855; 0.03310143020595013
10.701131582260132; 0.02188060640732314
10.72901177406311; 0.02188060640732314
10.745673179626465; 0.02188060640732314
10.762805461883545; 0.02188060640732314
10.783939361572266; 0.02188060640732314
10.80690050125122; 0.02188060640732314
10.827147722244263; 0.02188060640732314
10.846224784851074; 0.02188060640732314
10.871213674545288; 0.02188060640732314
10.8930082321167; 0.01065978260869615
10.916573286056519; 0.02188060640732314
10.937440395355225; 0.02188060640732314
10.960322380065918; 0.02188060640732314
11.000593900680542; 0.02188060640732314
11.021658658981323; 0.02188060640732314
11.035207033157349; 0.02188060640732314
11.052577495574951; 0.03310143020595013
11.06604814529419; 0.02188060640732314
11.093147039413452; 0.02188060640732314
11.110565900802612; 0.02188060640732314
11.12933349609375; 0.02188060640732314
11.151301383972168; 0.02188060640732314
11.167237281799316; 0.02188060640732314
11.186992645263672; 0.02188060640732314
11.205695152282715; 0.02188060640732314
11.224773168563843; 0.02188060640732314
11.240466594696045; 0.03310143020595013
11.258519411087036; 0.03310143020595013
11.285985708236694; 0.02188060640732314
11.302432537078857; 0.03310143020595013
11.321030378341675; 0.02188060640732314
11.3413565158844; 0.02188060640732314
11.36435580253601; 0.02188060640732314
11.378981590270996; 0.02188060640732314
11.403353452682495; 0.02188060640732314
11.434762239456177; 0.01065978260869615
11.457849979400635; 0.02188060640732314
11.473164796829224; 0.02188060640732314
11.494873523712158; 0.02188060640732314
11.5178542137146; 0.02188060640732314
11.562509536743164; 0.02188060640732314
11.575977087020874; 0.03310143020595013
11.591801881790161; 0.02188060640732314
11.606483936309814; 0.02188060640732314
11.62694764137268; 0.02188060640732314
11.64204454421997; 0.02188060640732314
11.657856941223145; 0.03310143020595013
11.676663398742676; 0.02188060640732314
11.699408531188965; 0.03310143020595013
11.715316772460938; 0.02188060640732314
11.733758926391602; 0.03310143020595013
11.749825716018677; 0.02188060640732314
11.76819133758545; 0.02188060640732314
11.786333322525024; 0.02188060640732314
11.810087442398071; 0.02188060640732314
11.83084750175476; 0.03310143020595013
11.848638772964478; 0.02188060640732314
11.871346950531006; 0.02188060640732314
11.891824007034302; 0.02188060640732314
11.910998344421387; 0.02188060640732314
11.9340181350708; 0.02188060640732314
11.953230381011963; 0.03310143020595013
11.975263833999634; 0.02188060640732314
11.998584270477295; 0.03310143020595013
12.014103174209595; 0.02188060640732314
12.037551879882812; 0.02188060640732314
12.068203449249268; 0.02188060640732314
12.10608983039856; 0.02188060640732314
12.124556303024292; 0.02188060640732314
12.137484550476074; 0.03310143020595013
12.1507568359375; 0.02188060640732314
12.16548776626587; 0.02188060640732314
12.183831691741943; 0.02188060640732314
12.2013521194458; 0.02188060640732314
12.220604658126831; 0.02188060640732314
12.242370843887329; 0.03310143020595013
12.259992122650146; 0.03310143020595013
12.277730941772461; 0.02188060640732314
12.295485496520996; 0.03310143020595013
12.31420373916626; 0.02188060640732314
12.32998514175415; 0.03310143020595013
12.346620559692383; 0.03310143020595013
12.364972114562988; 0.03310143020595013
12.384506225585938; 0.03310143020595013
12.40909194946289; 0.02188060640732314
12.426805019378662; 0.03310143020595013
12.44386601448059; 0.02188060640732314
12.462749481201172; 0.03310143020595013
12.478015661239624; 0.03310143020595013
12.500776052474976; 0.02188060640732314
12.521629095077515; 0.03310143020595013
12.53766655921936; 0.02188060640732314
12.558946132659912; 0.03310143020595013
12.581692218780518; 0.02188060640732314
12.59885048866272; 0.02188060640732314
12.622926235198975; 0.03310143020595013
12.66854453086853; 0.02188060640732314
12.681216955184937; 0.02188060640732314
12.694622278213501; 0.02188060640732314
12.708914041519165; 0.02188060640732314
12.736648321151733; 0.02188060640732314
12.753656387329102; 0.02188060640732314
12.768078804016113; 0.03310143020595013
12.784192562103271; 0.02188060640732314
12.798352718353271; 0.03310143020595013
12.813820838928223; 0.02188060640732314
12.827598094940186; 0.02188060640732314
12.84454607963562; 0.02188060640732314
12.858648300170898; 0.02188060640732314
12.8725905418396; 0.03310143020595013
12.885893106460571; 0.02188060640732314
12.900965929031372; 0.02188060640732314
12.918015480041504; 0.03310143020595013
12.932669639587402; 0.02188060640732314
12.946713209152222; 0.02188060640732314
12.963936567306519; 0.02188060640732314
12.98014235496521; 0.02188060640732314
12.995349407196045; 0.03310143020595013
13.011374473571777; 0.02188060640732314
13.025607109069824; 0.02188060640732314
13.040475845336914; 0.02188060640732314
13.05707335472107; 0.02188060640732314
13.072115182876587; 0.03310143020595013
13.08724856376648; 0.02188060640732314
13.101343154907227; 0.03310143020595013
13.118165254592896; 0.02188060640732314
13.132939577102661; 0.03310143020595013
13.150119066238403; 0.02188060640732314
13.165959596633911; 0.02188060640732314
13.18218469619751; 0.02188060640732314
13.19701099395752; 0.03310143020595013
13.227962017059326; 0.02188060640732314
13.245924472808838; 0.02188060640732314
13.2592031955719; 0.02188060640732314
13.272423028945923; 0.03310143020595013
13.285654783248901; 0.01065978260869615
13.299257755279541; 0.03310143020595013
13.331001996994019; 0.03310143020595013
13.348631143569946; 0.03310143020595013
13.367048978805542; 0.02188060640732314
13.390576601028442; 0.02188060640732314
13.410634756088257; 0.02188060640732314
13.428698062896729; 0.03310143020595013
13.443768501281738; 0.02188060640732314
13.461199760437012; 0.03310143020595013
13.483971357345581; 0.02188060640732314
13.505575895309448; 0.02188060640732314
13.531865358352661; 0.02188060640732314
13.547417163848877; 0.02188060640732314
13.566774129867554; 0.02188060640732314
13.58583378791809; 0.02188060640732314
13.605311870574951; 0.02188060640732314
13.626153469085693; 0.02188060640732314
13.643619060516357; 0.03310143020595013
13.66692042350769; 0.02188060640732314
13.688012838363647; 0.02188060640732314
13.714367628097534; 0.01065978260869615
13.734625577926636; 0.02188060640732314
13.760883808135986; 0.02188060640732314
13.810145139694214; 0.5155968535469108
13.828775405883789; 0.3360636727688789
13.846156358718872; 0.0667639016018311
13.859413623809814; 0.48193438215102974
13.87414836883545; 0.22385543478260897
13.892666578292847; 0.22385543478260897
13.91023850440979; 0.23507625858123596
13.926300764083862; 0.6278050915331806
13.945710897445679; 0.24629708237986295
13.966273069381714; 0.4258302631578948
13.981815814971924; 0.39216779176201383
14.003845930099487; 0.6165842677345537
14.018978357315063; 0.9307673340961093
14.036839962005615; 0.9644298054919903
14.051114082336426; 1.2337295766590382
14.072142839431763; 0.9419881578947363
14.090763807296753; 0.9307673340961093
14.12047529220581; -0.5167189359267724
14.14143681526184; -0.954331064073225
14.162595272064209; -1.0889809496567489
14.184382200241089; -1.100201773455376
14.200432300567627; -1.077760125858122
14.220110893249512; -1.0889809496567489
14.24067497253418; -1.100201773455376
14.262262344360352; -1.077760125858122
14.283036231994629; -1.077760125858122
14.301271677017212; -1.077760125858122
14.318557977676392; -1.0889809496567489
14.34094762802124; -1.0889809496567489
14.362247705459595; -1.0889809496567489
14.386000394821167; -1.0889809496567489
14.408336162567139; -1.0889809496567489
14.423856496810913; -1.0889809496567489
14.43663740158081; -1.0889809496567489
14.450273036956787; -1.100201773455376
14.46959400177002; -1.0889809496567489
14.491185665130615; -1.077760125858122
14.505204677581787; -1.0889809496567489
14.527771472930908; -1.0889809496567489
14.5493004322052; -1.0889809496567489
14.568331241607666; -1.0889809496567489
14.586999416351318; -1.0889809496567489
14.602922439575195; -1.0889809496567489
14.621051788330078; -1.0889809496567489
14.63911747932434; -1.0889809496567489
14.657257318496704; -1.0889809496567489
14.678795337677002; -1.0889809496567489
14.700317621231079; -1.0889809496567489
14.720573902130127; -1.0889809496567489
14.74261474609375; -1.0889809496567489
14.765732765197754; -1.0889809496567489
14.781984329223633; -1.0889809496567489
14.801024436950684; -1.0889809496567489
14.817161798477173; -1.0889809496567489
14.840901374816895; -1.0889809496567489
14.86199426651001; -1.100201773455376
14.877197504043579; -1.0889809496567489
14.895281791687012; -1.0889809496567489
14.921710729598999; -1.0889809496567489
14.94206428527832; -1.0889809496567489
14.955397129058838; -1.0889809496567489
14.968880414962769; -1.0889809496567489
14.98234748840332; -1.0889809496567489
14.9960298538208; -1.0889809496567489
15.015470743179321; -1.0889809496567489
15.039422512054443; -1.0889809496567489
15.053946018218994; -1.077760125858122
15.08091950416565; -1.0889809496567489
15.10301399230957; -1.0889809496567489
15.119563817977905; -1.0889809496567489
15.138319492340088; -1.0889809496567489
15.155504703521729; -1.100201773455376
15.173813104629517; -1.0889809496567489
15.197265625; -1.0889809496567489
15.212682962417603; -1.0889809496567489
15.239784955978394; -1.0889809496567489
15.258878946304321; -1.0889809496567489
15.277043104171753; -1.0889809496567489
15.297798156738281; -1.0889809496567489
15.322861671447754; -1.0889809496567489
15.338418006896973; -1.0889809496567489
15.358038663864136; -1.0889809496567489
15.384114503860474; -1.0889809496567489
15.412755727767944; -1.100201773455376
15.43128252029419; -1.0889809496567489
15.450071811676025; -1.0889809496567489
15.480150938034058; -1.0889809496567489
15.50397539138794; -1.0889809496567489
15.5167818069458; -1.0889809496567489
15.529741048812866; -1.0889809496567489
15.543722152709961; -1.0889809496567489
15.5567307472229; -1.0889809496567489
15.5753812789917; -1.077760125858122
15.59352970123291; -1.100201773455376
15.610207557678223; -1.0889809496567489
15.630922079086304; -1.0889809496567489
15.652585744857788; -1.100201773455376
15.669586658477783; -1.100201773455376
15.68777322769165; -1.0889809496567489
15.70301365852356; -1.0889809496567489
15.721262693405151; -1.0889809496567489
15.740395784378052; -1.0889809496567489
15.759206771850586; -1.0889809496567489
15.779473304748535; -1.100201773455376
15.799941778182983; -1.100201773455376
15.817176342010498; -1.0889809496567489
15.837302446365356; -1.0889809496567489
15.85497498512268; -1.0889809496567489
15.874855995178223; -1.0889809496567489
15.898163318634033; -1.100201773455376
15.917204141616821; -1.100201773455376
15.93539047241211; -1.0889809496567489
15.964882850646973; -1.0889809496567489
15.989339351654053; -1.0889809496567489
16.006816387176514; -1.0889809496567489
16.02665901184082; -1.0889809496567489
16.050520658493042; -1.100201773455376
16.063451290130615; -1.100201773455376
16.077324867248535; -1.0889809496567489
16.09303092956543; -1.0889809496567489
16.107459783554077; -1.077760125858122
16.127774000167847; -1.0889809496567489
16.14800500869751; -1.0889809496567489
16.168136596679688; -1.0889809496567489
16.187632083892822; -1.0889809496567489
16.205880403518677; -1.0889809496567489
16.223223209381104; -1.0889809496567489
16.24120259284973; -1.0889809496567489
16.261739015579224; -1.0889809496567489
16.27794361114502; -1.0889809496567489
16.296398639678955; -1.100201773455376
16.31056022644043; -1.100201773455376
16.330934762954712; -1.0889809496567489
16.35520076751709; -1.0889809496567489
16.373358726501465; -1.0889809496567489
16.393574237823486; -1.100201773455376
16.41696786880493; -1.0889809496567489
16.4370276927948; -1.100201773455376
16.456191778182983; -1.0889809496567489
16.482345819473267; -1.0889809496567489
16.503873586654663; -1.100201773455376
16.523354530334473; -1.0889809496567489
16.541510105133057; -1.0889809496567489
16.55859637260437; -1.0889809496567489
16.587214708328247; -1.0889809496567489
16.600080966949463; -1.0889809496567489
16.613638639450073; -1.0889809496567489
16.627282857894897; -1.0889809496567489
16.642889499664307; -1.100201773455376
16.662522077560425; -1.077760125858122
16.68195104598999; -1.0889809496567489
16.700687885284424; -1.100201773455376
16.724708080291748; -1.077760125858122
16.742185831069946; -1.0889809496567489
16.759857177734375; -1.0889809496567489
16.7830171585083; -1.0889809496567489
16.799830436706543; -1.077760125858122
16.816950798034668; -1.0889809496567489
16.83336091041565; -1.0889809496567489
16.852227687835693; -1.0889809496567489
16.88090467453003; -1.077760125858122
16.897613763809204; -1.0889809496567489
16.921392679214478; -1.0889809496567489
16.942712545394897; -1.0889809496567489
16.965627431869507; -1.0889809496567489
16.983344793319702; -1.0889809496567489
17.002485990524292; -1.0889809496567489
17.02507519721985; -1.100201773455376
17.044500589370728; -1.0889809496567489
17.06843614578247; -1.0889809496567489
17.094775676727295; -1.100201773455376
17.116390228271484; -1.100201773455376
17.137356519699097; -1.0889809496567489
17.150372982025146; -1.0889809496567489
17.16406011581421; -1.0889809496567489
17.178496599197388; -1.0889809496567489
17.192014455795288; -1.0889809496567489
17.213855504989624; -1.0889809496567489
17.232975482940674; -1.100201773455376
17.247166872024536; -1.0889809496567489
17.267866373062134; -1.0889809496567489
17.28703761100769; -1.100201773455376
17.30341410636902; -1.0889809496567489
17.32045269012451; -1.0889809496567489
17.337594985961914; -1.0889809496567489
17.354912996292114; -1.0889809496567489
17.373673915863037; -1.100201773455376
17.39566707611084; -1.0889809496567489
17.421519994735718; -1.0889809496567489
17.437050580978394; -1.0889809496567489
17.46092915534973; -1.0889809496567489
17.485257625579834; -1.077760125858122
17.501676559448242; -1.077760125858122
17.525081396102905; -1.0889809496567489
17.549843072891235; -1.0889809496567489
17.578351259231567; -1.0889809496567489
17.59730577468872; -1.0889809496567489
17.61274027824402; -1.0889809496567489
17.633742570877075; -1.100201773455376
17.653745651245117; -1.0889809496567489
17.676759243011475; -1.0889809496567489
17.6902174949646; -1.100201773455376
17.703688383102417; -1.0889809496567489
17.717236757278442; -1.0889809496567489
17.736807107925415; -1.0889809496567489
17.761820316314697; -1.077760125858122
17.77656888961792; -1.0889809496567489
17.799201011657715; -1.0889809496567489
17.819673776626587; -1.077760125858122
17.84296226501465; -1.0889809496567489
17.85655403137207; -1.0889809496567489
17.87135910987854; -1.0889809496567489
17.89049243927002; -1.0889809496567489
17.90646505355835; -1.100201773455376
17.924355030059814; -1.100201773455376
17.950371026992798; -1.0889809496567489
17.96389627456665; -1.0889809496567489
17.980198621749878; -1.0889809496567489
18.00493621826172; -1.0889809496567489
18.0238356590271; -1.0889809496567489
18.03909659385681; -1.0889809496567489
18.058721780776978; -1.077760125858122
18.078468322753906; -1.0889809496567489
18.105342149734497; -1.0889809496567489
18.128122091293335; -1.100201773455376
18.14447021484375; -1.0889809496567489
18.166441679000854; -1.100201773455376
18.186166763305664; -1.0889809496567489
18.2132568359375; -1.100201773455376
18.226109981536865; -1.0889809496567489
18.240066289901733; -1.100201773455376
18.253525733947754; -1.100201773455376
18.26707363128662; -1.100201773455376
18.286237478256226; -1.0889809496567489
18.311427354812622; -1.0889809496567489
18.332258224487305; -1.0889809496567489
18.347773790359497; -1.0889809496567489
18.365190029144287; -1.0889809496567489
18.381033658981323; -1.0889809496567489
18.403483390808105; -1.0889809496567489
18.423263788223267; -1.0889809496567489
18.438884735107422; -1.077760125858122
18.454819440841675; -1.0889809496567489
18.477091789245605; -1.0889809496567489
18.50907254219055; -1.0889809496567489
18.52898406982422; -1.0889809496567489
18.549505710601807; -1.0889809496567489
18.565950393676758; -1.077760125858122
18.58670139312744; -1.077760125858122
18.611019611358643; -1.077760125858122
18.630762338638306; -1.100201773455376
18.658928871154785; -1.100201773455376
18.679495096206665; -1.0889809496567489
18.70412015914917; -1.0889809496567489
18.723362922668457; -1.100201773455376
18.747302532196045; -1.100201773455376
18.760831117630005; -1.0889809496567489
18.773916244506836; -1.0889809496567489
18.788551568984985; -1.0889809496567489
18.80290699005127; -1.100201773455376
18.821590423583984; -1.0889809496567489
18.843276262283325; -1.0889809496567489
18.859434604644775; -1.0889809496567489
18.880793809890747; -1.0889809496567489
18.90418791770935; -1.0889809496567489
18.92431092262268; -1.0889809496567489
18.937686681747437; -1.0889809496567489
18.956825733184814; -1.0889809496567489
18.973824739456177; -1.0889809496567489
18.992683172225952; -1.100201773455376
19.006179332733154; -1.0889809496567489
19.02490758895874; -1.0889809496567489
19.051220655441284; -1.100201773455376
19.069305658340454; -1.0889809496567489
19.089741230010986; -1.100201773455376
19.112704753875732; -1.100201773455376
19.127294540405273; -1.0889809496567489
19.149842023849487; -1.0889809496567489
19.174171209335327; -1.0889809496567489
19.194846391677856; -1.0889809496567489
19.21009397506714; -1.0889809496567489
19.23303985595703; -1.100201773455376
19.249195337295532; -1.0889809496567489
19.279132843017578; -1.077760125858122
19.293649673461914; -1.0889809496567489
19.306408882141113; -1.100201773455376
19.322853088378906; -1.0889809496567489
19.336844205856323; -1.0889809496567489
19.373889207839966; -1.0889809496567489
19.389223337173462; -1.0889809496567489
19.4052312374115; -1.0889809496567489
19.424615144729614; -1.100201773455376
19.438404321670532; -1.0889809496567489
19.455363988876343; -1.0889809496567489
19.47975444793701; -1.100201773455376
19.497220277786255; -1.0889809496567489
19.514281749725342; -1.0889809496567489
19.531807899475098; -1.100201773455376
19.545591115951538; -1.0889809496567489
19.568115234375; -1.0889809496567489
19.582804441452026; -1.0889809496567489
19.607521533966064; -1.0889809496567489
19.629919290542603; -1.100201773455376
19.65224003791809; -1.100201773455376
19.67790722846985; -1.100201773455376
19.702150344848633; -1.0889809496567489
19.72623085975647; -1.100201773455376
19.742814779281616; -1.100201773455376
19.761663675308228; -1.0889809496567489
19.785385608673096; -1.0889809496567489
19.816057920455933; -1.100201773455376
19.828901767730713; -1.0889809496567489
19.843279361724854; -1.0889809496567489
19.856086254119873; -1.0889809496567489
19.873807907104492; -1.100201773455376
19.892186641693115; -1.100201773455376
19.91527009010315; -1.100201773455376
19.930917501449585; -1.100201773455376
19.953507661819458; -1.100201773455376
19.972980260849; -1.100201773455376
19.98916792869568; -1.100201773455376
20.006447792053223; -1.0889809496567489
20.026883602142334; -1.0889809496567489
20.043547868728638; -1.100201773455376
20.062222242355347; -1.100201773455376
20.078864097595215; -1.0889809496567489
20.104546070098877; -1.0889809496567489
20.121834754943848; -1.0889809496567489
20.13961672782898; -1.100201773455376
20.15969967842102; -1.0889809496567489
20.18289351463318; -1.0889809496567489
20.199129819869995; -1.100201773455376
20.217277765274048; -1.100201773455376
20.24288296699524; -1.0889809496567489
20.258793115615845; -1.100201773455376
20.276914596557617; -1.0889809496567489
20.293991088867188; -1.0889809496567489
20.30850124359131; -1.100201773455376
20.331641674041748; -1.0889809496567489
20.351621866226196; -1.0889809496567489
20.37629246711731; -1.0889809496567489
20.392679929733276; -1.100201773455376
20.40554666519165; -1.0889809496567489
20.42106866836548; -1.0889809496567489
20.44310212135315; -1.0889809496567489
20.468542098999023; -1.100201773455376
20.48683738708496; -1.0889809496567489
20.503819227218628; -1.100201773455376
20.524036645889282; -1.0889809496567489
20.53771996498108; -1.100201773455376
20.55807137489319; -1.0889809496567489
20.572409629821777; -1.0889809496567489
20.590757846832275; -1.0889809496567489
20.608721017837524; -1.0889809496567489
20.6288161277771; -1.0889809496567489
20.642707586288452; -1.0889809496567489
20.66483426094055; -1.100201773455376
20.679768323898315; -1.0889809496567489
20.701443433761597; -1.0889809496567489
20.72396683692932; -1.0889809496567489
20.740729570388794; -1.0889809496567489
20.755937814712524; -1.100201773455376
20.77640128135681; -1.100201773455376
20.800787210464478; -1.100201773455376
20.822266578674316; -1.100201773455376
20.837679624557495; -1.0889809496567489
20.86116075515747; -1.0889809496567489
20.878618478775024; -1.100201773455376
20.89549231529236; -1.0889809496567489
20.919305086135864; -1.100201773455376
20.932693243026733; -1.100201773455376
20.946120738983154; -1.0889809496567489
20.959494829177856; -1.100201773455376
20.98036289215088; -1.0889809496567489
21.00549292564392; -1.0889809496567489
21.021892309188843; -1.100201773455376
21.039043426513672; -1.100201773455376
21.054968118667603; -1.0889809496567489
21.06915521621704; -1.0889809496567489
21.083228826522827; -1.100201773455376
21.100584745407104; -1.0889809496567489
21.114529371261597; -1.100201773455376
21.133374214172363; -1.100201773455376
21.147754669189453; -1.100201773455376
21.163512706756592; -1.100201773455376
21.1763858795166; -1.100201773455376
21.196856021881104; -1.100201773455376
21.21225118637085; -1.100201773455376
21.225457429885864; -1.100201773455376
21.24197244644165; -1.0889809496567489
21.25740122795105; -1.0889809496567489
21.271701097488403; -1.0889809496567489
21.286858320236206; -1.100201773455376
21.30213761329651; -1.100201773455376
21.31569504737854; -1.100201773455376
21.33124566078186; -1.100201773455376
21.34733533859253; -1.100201773455376
21.360455989837646; -1.0889809496567489
21.379047632217407; -1.100201773455376
21.394147157669067; -1.100201773455376
21.41266369819641; -1.100201773455376
21.428126096725464; -1.100201773455376
21.443488597869873; -1.100201773455376
21.45886993408203; -1.0889809496567489
21.47346544265747; -1.0889809496567489
21.486773252487183; -1.0889809496567489
21.499475479125977; -1.0889809496567489
21.512904167175293; -1.0889809496567489
21.532406091690063; -1.0889809496567489
21.560848236083984; -1.0889809496567489
21.578310251235962; -1.100201773455376
21.59838581085205; -1.100201773455376
21.618395805358887; -1.0889809496567489
21.632214546203613; -1.0889809496567489
21.652668476104736; -1.100201773455376
21.666491270065308; -1.0889809496567489
21.687952041625977; -1.0889809496567489
21.7021541595459; -1.100201773455376
21.720800161361694; -1.0889809496567489
21.736988306045532; -1.100201773455376
21.755900382995605; -1.0889809496567489
21.772422075271606; -1.0889809496567489
21.788353204727173; -1.100201773455376
21.806217193603516; -1.100201773455376
21.824286937713623; -1.0889809496567489
21.842070817947388; -1.0889809496567489
21.860243320465088; -1.0889809496567489
21.879579782485962; -1.0889809496567489
21.90146493911743; -1.100201773455376
21.919531106948853; -1.100201773455376
21.9340980052948; -1.100201773455376
21.951404809951782; -1.100201773455376
21.970097303390503; -1.100201773455376
21.9930362701416; -1.100201773455376
22.015559196472168; -1.100201773455376
22.02818512916565; -1.0889809496567489
22.041478633880615; -1.0889809496567489
22.054830312728882; -1.100201773455376
22.07308077812195; -1.0889809496567489
22.09742522239685; -1.100201773455376
22.116657257080078; -1.0889809496567489
22.134737491607666; -1.100201773455376
22.15435290336609; -1.0889809496567489
22.171435117721558; -1.0889809496567489
22.190234422683716; -1.0889809496567489
22.20967721939087; -1.100201773455376
22.232359170913696; -1.0889809496567489
22.25156283378601; -1.100201773455376
22.27025294303894; -1.100201773455376
22.293124437332153; -1.100201773455376
22.311464548110962; -1.100201773455376
22.326781749725342; -1.100201773455376
22.34688425064087; -1.100201773455376
22.365319967269897; -1.100201773455376
22.38647985458374; -1.100201773455376
22.40485954284668; -1.100201773455376
22.422802686691284; -1.100201773455376
22.44703197479248; -1.100201773455376
22.468172788619995; -1.100201773455376
22.483651161193848; -1.100201773455376
22.504292488098145; -1.100201773455376
22.522705078125; -1.100201773455376
22.551478385925293; -1.100201773455376
22.566258668899536; -1.100201773455376
22.57957148551941; -1.100201773455376
22.59280276298523; -1.100201773455376
22.606544971466064; -1.100201773455376
22.625568628311157; -1.100201773455376
22.65697145462036; -1.100201773455376
22.674015045166016; -1.0889809496567489
22.694456577301025; -1.1114225972540028
22.715476274490356; -1.100201773455376
22.733922958374023; -1.100201773455376
22.75243330001831; -1.100201773455376
22.767777681350708; -1.100201773455376
22.78951144218445; -1.100201773455376
22.806797981262207; -1.100201773455376
22.824246883392334; -1.100201773455376
22.8389790058136; -1.100201773455376
22.860647678375244; -1.0889809496567489
22.8754301071167; -1.100201773455376
22.894914865493774; -1.0889809496567489
22.91556143760681; -1.0889809496567489
22.932234048843384; -1.100201773455376
22.950389623641968; -1.100201773455376
22.974421977996826; -1.100201773455376
22.991219758987427; -1.0889809496567489
23.01343846321106; -1.100201773455376
23.037734270095825; -1.100201773455376
23.052700996398926; -1.100201773455376
23.07626438140869; -1.100201773455376
23.10007929801941; -1.100201773455376
23.12427830696106; -1.100201773455376
23.137590646743774; -1.100201773455376
23.151545524597168; -1.100201773455376
23.164833068847656; -1.100201773455376
23.17877459526062; -1.0889809496567489
23.212074756622314; -1.100201773455376
23.233906030654907; -1.100201773455376
23.249736070632935; -1.100201773455376
23.268179893493652; -1.100201773455376
23.285582780838013; -1.100201773455376
23.301554918289185; -1.0889809496567489
23.315789699554443; -1.100201773455376
23.330824851989746; -1.100201773455376
23.348356246948242; -1.100201773455376
23.362221717834473; -1.100201773455376
23.381625413894653; -1.100201773455376
23.397645950317383; -1.100201773455376
23.418137550354004; -1.100201773455376
23.432945489883423; -1.100201773455376
23.449246406555176; -1.100201773455376
23.467310190200806; -1.100201773455376
23.491191148757935; -1.0889809496567489
23.507156372070312; -1.100201773455376
23.52635383605957; -1.100201773455376
23.559382677078247; -1.100201773455376
23.579028129577637; -1.100201773455376
23.602378129959106; -1.100201773455376
23.61988139152527; -1.100201773455376
23.64673924446106; -1.100201773455376
23.67332172393799; -1.100201773455376
23.688889265060425; -1.100201773455376
23.702674865722656; -1.100201773455376
23.715415477752686; -1.100201773455376
23.732304573059082; -1.100201773455376
23.75118112564087; -1.100201773455376
23.782912969589233; -1.100201773455376
23.797799110412598; -1.100201773455376
23.814996004104614; -1.100201773455376
23.833825826644897; -1.100201773455376
23.851515293121338; -1.100201773455376
23.871138095855713; -1.0889809496567489
23.88912272453308; -1.1114225972540028
23.908647537231445; -1.100201773455376
23.924118280410767; -1.100201773455376
23.945337533950806; -1.0889809496567489
23.96743941307068; -1.100201773455376
23.990478992462158; -1.100201773455376
24.010133743286133; -1.100201773455376
24.146401166915894; -1.0889809496567489
24.16515016555786; -1.100201773455376
24.185689449310303; -1.100201773455376
24.20332622528076; -1.0889809496567489
24.229978561401367; -1.100201773455376
24.250919103622437; -1.100201773455376
24.277533292770386; -1.0889809496567489
24.296992778778076; -1.100201773455376
24.319979667663574; -1.0889809496567489
24.340726375579834; -1.0889809496567489
24.36030673980713; -1.077760125858122
24.386894702911377; -1.100201773455376
24.44031071662903; -1.100201773455376
24.45612645149231; -1.100201773455376
24.468854188919067; -1.0889809496567489
24.48332929611206; -1.0889809496567489
24.50241470336914; -1.0889809496567489
24.53398060798645; -1.0889809496567489
24.55080556869507; -1.0889809496567489
24.568450212478638; -1.0889809496567489
24.593847274780273; -1.0889809496567489
24.612040042877197; -1.100201773455376
24.630215883255005; -1.0889809496567489
24.64915418624878; -1.100201773455376
24.667168140411377; -1.0889809496567489
24.68539333343506; -1.0889809496567489
24.703672885894775; -1.0889809496567489
24.724164247512817; -1.0889809496567489
24.752524614334106; -1.0889809496567489
24.768328189849854; -1.0889809496567489
24.787232637405396; -1.100201773455376
24.807450532913208; -1.0889809496567489
24.82844567298889; -1.0889809496567489
24.845531702041626; -1.0889809496567489
24.86683964729309; -1.0889809496567489
24.88204073905945; -1.100201773455376
24.906227827072144; -1.0889809496567489
24.923659324645996; -1.0889809496567489
24.943036317825317; -1.0889809496567489
24.96708369255066; -1.0889809496567489
24.98764944076538; -1.0889809496567489
25.007908582687378; -1.0889809496567489
25.046448945999146; -1.0889809496567489
25.059704303741455; -1.0889809496567489
25.072331190109253; -1.0889809496567489
25.085426330566406; -1.0889809496567489
25.098398685455322; -1.100201773455376
25.118048429489136; -1.0889809496567489
25.14313316345215; -1.100201773455376
25.15678572654724; -1.0889809496567489
25.17528247833252; -1.0889809496567489
25.19543170928955; -1.100201773455376
25.21152925491333; -1.0889809496567489
25.23362636566162; -1.100201773455376
25.255370616912842; -1.100201773455376
25.27051019668579; -1.100201773455376
25.287013053894043; -1.0889809496567489
25.304322004318237; -1.100201773455376
25.33345055580139; -1.100201773455376
25.35121512413025; -1.0889809496567489
25.37006115913391; -1.0889809496567489
25.39101004600525; -1.0889809496567489
25.40782332420349; -1.0889809496567489
25.422301054000854; -1.0889809496567489
25.443140983581543; -1.0889809496567489
25.458994150161743; -1.0889809496567489
25.480677604675293; -1.0889809496567489
25.502641201019287; -1.0889809496567489
25.519296646118164; -1.0889809496567489
25.537116050720215; -1.100201773455376
25.56092596054077; -1.0889809496567489
25.58021092414856; -1.0889809496567489
25.623931884765625; -1.0889809496567489
25.64216423034668; -1.0889809496567489
25.655003786087036; -1.0889809496567489
25.667959213256836; -1.100201773455376
25.681281805038452; -1.100201773455376
25.700073957443237; -1.100201773455376
25.730081796646118; -1.100201773455376
25.746132612228394; -1.0889809496567489
25.763778924942017; -1.0889809496567489
25.784698247909546; -1.100201773455376
25.79825186729431; -1.0889809496567489
25.818673610687256; -1.100201773455376
25.8333637714386; -1.0889809496567489
25.852511644363403; -1.0889809496567489
25.86744785308838; -1.0889809496567489
25.881585359573364; -1.0889809496567489
25.896257400512695; -1.0889809496567489
25.914937257766724; -1.0889809496567489
25.941781520843506; -1.0889809496567489
25.963922262191772; -1.0889809496567489
25.982316732406616; -1.0889809496567489
26.002354860305786; -1.0889809496567489
26.023123741149902; -1.0889809496567489
26.040002584457397; -1.0889809496567489
26.061910152435303; -1.0889809496567489
26.081212759017944; -1.0889809496567489
26.10080885887146; -1.0889809496567489
26.11809206008911; -1.0889809496567489
26.132500410079956; -1.0889809496567489
26.153465032577515; -1.100201773455376
26.172698736190796; -1.0889809496567489
26.18941617012024; -1.100201773455376
26.227424383163452; -1.0889809496567489
26.247581005096436; -1.100201773455376
26.260884046554565; -1.0889809496567489
26.27420735359192; -1.0889809496567489
26.287500381469727; -1.0889809496567489
26.306463479995728; -1.0889809496567489
26.33737349510193; -1.0889809496567489
26.355821132659912; -1.0889809496567489
26.37442660331726; -1.0889809496567489
26.39262843132019; -1.100201773455376
26.411540031433105; -1.0889809496567489
26.43123722076416; -1.100201773455376
26.446715116500854; -1.0889809496567489
26.468229293823242; -1.0889809496567489
26.48305320739746; -1.0889809496567489
26.50145936012268; -1.077760125858122
26.529482126235962; -1.0889809496567489
26.54386067390442; -1.0889809496567489
26.5628719329834; -1.100201773455376
26.582453727722168; -1.0889809496567489
26.599589347839355; -1.0889809496567489
26.618082761764526; -1.0889809496567489
26.635238647460938; -1.100201773455376
26.661364316940308; -1.0889809496567489
26.68279480934143; -1.0889809496567489
26.70731544494629; -1.0889809496567489
26.724151372909546; -1.100201773455376
26.742884635925293; -1.0889809496567489
26.765118837356567; -1.100201773455376
26.785505294799805; -1.100201773455376
26.820651531219482; -1.0889809496567489
26.83884835243225; -1.0889809496567489
26.852919340133667; -1.077760125858122
26.866486310958862; -1.0889809496567489
26.87994384765625; -1.100201773455376
26.89885449409485; -1.0889809496567489
26.927866220474243; -1.0889809496567489
26.945701122283936; -1.077760125858122
26.96520471572876; -1.100201773455376
26.983728170394897; -1.0889809496567489
26.998185873031616; -1.0889809496567489
27.012938022613525; -1.100201773455376
27.03123450279236; -1.0889809496567489
27.051645755767822; -1.0889809496567489
27.073938369750977; -1.0889809496567489
27.090688228607178; -1.0889809496567489
27.10485029220581; -1.0889809496567489
27.12983775138855; -1.0889809496567489
27.14415669441223; -1.0889809496567489
27.166558742523193; -1.0889809496567489
27.188674688339233; -1.0889809496567489
27.203126430511475; -1.0889809496567489
27.225481033325195; -1.100201773455376
27.243279457092285; -1.0889809496567489
27.263036489486694; -1.0889809496567489
27.284124851226807; -1.0889809496567489
27.30549716949463; -1.100201773455376
27.324584484100342; -1.0889809496567489
27.34702968597412; -1.100201773455376
27.365885496139526; -1.100201773455376
27.38373589515686; -1.100201773455376
27.418580770492554; -1.0889809496567489
27.436887741088867; -1.0889809496567489
27.449831247329712; -1.0889809496567489
27.46443200111389; -1.0889809496567489
27.477715730667114; -1.100201773455376
27.496244192123413; -1.0889809496567489
27.523852348327637; -1.0889809496567489
27.541828393936157; -1.100201773455376
27.56173062324524; -1.0889809496567489
27.581198692321777; -1.0889809496567489
27.597895860671997; -1.0889809496567489
27.618085622787476; -1.0889809496567489
27.634743452072144; -1.0889809496567489
27.655398845672607; -1.0889809496567489
27.67126226425171; -1.0889809496567489
27.691910982131958; -1.100201773455376
27.71687912940979; -1.0889809496567489
27.734569311141968; -1.0889809496567489
27.751585006713867; -1.0889809496567489
27.768619775772095; -1.077760125858122
27.788018465042114; -1.0889809496567489
27.809503078460693; -1.0889809496567489
27.826460123062134; -1.0889809496567489
27.846636295318604; -1.0889809496567489
27.874401807785034; -1.0889809496567489
27.891041040420532; -1.100201773455376
27.9078311920166; -1.077760125858122
27.92382025718689; -1.0889809496567489
27.945517539978027; -1.100201773455376
27.967625617980957; -1.0889809496567489
28.011993169784546; -1.0889809496567489
28.030641317367554; -1.100201773455376
28.04332971572876; -1.100201773455376
28.056630849838257; -0.5952647025171613
28.069942712783813; -0.8421228260869551
28.089191913604736; -0.89822694508009
28.123928785324097; -0.7411354118993122
28.14027428627014; -0.6289271739130423
28.162252187728882; -0.7411354118993122
28.180538654327393; -0.931889416475971
28.195443391799927; -0.7860187070938202
28.213576793670654; -0.42695234553775646
28.227379083633423; -0.6850312929061773
28.24187660217285; -0.6625896453089233
28.25592064857483; -0.22497751716247064
28.270185947418213; -0.3932898741418755
28.288371801376343; -0.3932898741418755
28.30517339706421; -0.07910680778031977
28.31878113746643; -0.05666516018306579
28.33437967300415; 0.02188060640732314
28.348329067230225; 0.11164719679633907
28.364023447036743; 0.13408884439359306
28.383501768112183; 0.13408884439359306
28.40088939666748; 0.03310143020595013
28.41776204109192; -0.06788598398169278
28.43303346633911; 0.12286802059496606
28.453968286514282; -0.6850312929061773
28.472871780395508; -0.33718575514874055
28.490344524383545; -0.0454443363844388
28.511373281478882; 0.10042637299771208
28.530352115631104; 0.04432225400457712
28.548797845840454; 0.08920554919908509
28.57420539855957; 0.02188060640732314
28.598824977874756; 0.0667639016018311
28.62406349182129; 0.01065978260869615
28.642287731170654; -0.07910680778031977
28.65506863594055; -0.1576525743707087
28.66871213912964; -0.14643175057208171
28.68440818786621; -0.14643175057208171
28.70411252975464; -0.19131504576658967
28.735302209854126; -0.24741916475972464
28.749868392944336; -0.2810816361556056
28.768588066101074; -0.32596493135011356
28.792960166931152; -0.43817316933638345
28.80908179283142; -0.5279397597253994
28.828418493270874; -0.5391605835240264
28.844568967819214; -0.5391605835240264
28.86228108406067; -0.5054981121281454
28.882545709609985; -0.4718356407322644
28.90365505218506; -0.4606148169336374
28.92590045928955; -0.4830564645308914
28.944167852401733; -0.4942772883295184
28.9634690284729; -0.4830564645308914
28.983400106430054; -0.4718356407322644
29.00598406791687; -0.4606148169336374
29.027962923049927; -0.4942772883295184
29.04733443260193; -0.5279397597253994
29.072067975997925; -0.5391605835240264
29.089887857437134; -0.5391605835240264
29.104839086532593; -0.5391605835240264
29.125468730926514; -0.5391605835240264
29.146769285202026; -0.5391605835240264
29.163344383239746; -0.5391605835240264
29.195566654205322; -0.5391605835240264
29.209378242492676; -0.5279397597253994
29.222843885421753; -0.5391605835240264
29.23567247390747; -0.5391605835240264
29.251147747039795; -0.5391605835240264
29.270521879196167; -0.5391605835240264
29.299880266189575; -0.5391605835240264
29.315437078475952; -0.5391605835240264
29.333473205566406; -0.5391605835240264
29.353456020355225; -0.5279397597253994
29.3723201751709; -0.5391605835240264
29.39136576652527; -0.5279397597253994
29.407397508621216; -0.5391605835240264
29.424195528030396; -0.5391605835240264
29.43984866142273; -0.5391605835240264
29.460942268371582; -0.5391605835240264
29.480677366256714; -0.5391605835240264
29.50357747077942; -0.5279397597253994
29.527547121047974; -0.5391605835240264
29.547828912734985; -0.5391605835240264
29.562965154647827; -0.5391605835240264
29.57973575592041; -0.5391605835240264
29.59868359565735; -0.5279397597253994
29.621189832687378; -0.5279397597253994
29.651973485946655; -0.5391605835240264
29.668652057647705; -0.5391605835240264
29.683539867401123; -0.5391605835240264
29.70185136795044; -0.5391605835240264
29.720473766326904; -0.5391605835240264
29.750478267669678; -0.5391605835240264
29.765203714370728; -0.5279397597253994
29.778671741485596; -0.5391605835240264
29.791476488113403; -0.5279397597253994
29.806400775909424; -0.5391605835240264
29.825879335403442; -0.5391605835240264
29.856925010681152; -0.5279397597253994
29.870505332946777; -0.5279397597253994
29.893271446228027; -0.5391605835240264
29.912885904312134; -0.5391605835240264
29.92822575569153; -0.5391605835240264
29.948137521743774; -0.5391605835240264
29.96211051940918; -0.5391605835240264
29.98218321800232; -0.5391605835240264
30.00491976737976; -0.5503814073226534
30.023662328720093; -0.5391605835240264
30.048989057540894; -0.5391605835240264
30.063032627105713; -0.5391605835240264
30.080393314361572; -0.5391605835240264
30.107160091400146; -0.5391605835240264
30.127459049224854; -0.5279397597253994
30.14487051963806; -0.5391605835240264
30.167943477630615; -0.5503814073226534
30.18752646446228; -0.5391605835240264
30.20769238471985; -0.5391605835240264
30.23147988319397; -0.5391605835240264
30.24827551841736; -0.5391605835240264
30.26646113395691; -0.5279397597253994
30.288954734802246; -0.5391605835240264
30.307342290878296; -0.5391605835240264
30.33492946624756; -0.5391605835240264
30.349029064178467; -0.5391605835240264
30.36516284942627; -0.5391605835240264
30.379607915878296; -0.5503814073226534
30.398137092590332; -0.5279397597253994
30.430303812026978; -0.5391605835240264
30.44804358482361; -0.5391605835240264
30.4689359664917; -0.5391605835240264
30.48832941055298; -0.5391605835240264
30.505789518356323; -0.5391605835240264
30.523231506347656; -0.5391605835240264
30.538109064102173; -0.5391605835240264
30.557105779647827; -0.5391605835240264
30.574676275253296; -0.5391605835240264
30.5959312915802; -0.5391605835240264
30.618042707443237; -0.5391605835240264
30.639377117156982; -0.5279397597253994
30.666290998458862; -0.5391605835240264
30.687899351119995; -0.5391605835240264
30.71204161643982; -0.5391605835240264
30.73007822036743; -0.5391605835240264
30.752408504486084; -0.5391605835240264
30.775468111038208; -0.5391605835240264
30.790440559387207; -0.5279397597253994
30.82013511657715; -0.5391605835240264
30.840487718582153; -0.5391605835240264
30.858662605285645; -0.5279397597253994
30.88825798034668; -0.5279397597253994
30.901836156845093; -0.5279397597253994
30.916443824768066; -0.5391605835240264
30.93081045150757; -0.5391605835240264
30.944154262542725; -0.5391605835240264
30.977055549621582; -0.5391605835240264
30.994864463806152; -0.5391605835240264
31.01763677597046; -0.5391605835240264
31.03259539604187; -0.5391605835240264
31.053455114364624; -0.5279397597253994
31.071499586105347; -0.5391605835240264
31.090413331985474; -0.5391605835240264
31.105236530303955; -0.5279397597253994
31.12369132041931; -0.5391605835240264
31.1415376663208; -0.5279397597253994
31.165132999420166; -0.5391605835240264
31.190637588500977; -0.5391605835240264
31.208373069763184; -0.5503814073226534
31.22902202606201; -0.5391605835240264
31.247800827026367; -0.5391605835240264
31.26929807662964; -0.5391605835240264
31.28839087486267; -0.5279397597253994
31.30740451812744; -0.5279397597253994
31.33881449699402; -0.5503814073226534
31.361358404159546; -0.5391605835240264
31.38315200805664; -0.5503814073226534
31.398409843444824; -0.5503814073226534
31.423673629760742; -0.5391605835240264
31.447328090667725; -0.5503814073226534
31.46015501022339; -0.5391605835240264
31.476677179336548; -0.5503814073226534
31.489479780197144; -0.5391605835240264
31.50264620780945; -0.5391605835240264
31.521112203598022; -0.5391605835240264
31.551892042160034; -0.5503814073226534
31.570306539535522; -0.5391605835240264
31.589497566223145; -0.5391605835240264
31.60991382598877; -0.5391605835240264
31.626489639282227; -0.5391605835240264
31.64820432662964; -0.5391605835240264
31.66612696647644; -0.5279397597253994
31.68305230140686; -0.5391605835240264
31.699073314666748; -0.5391605835240264
31.71818208694458; -0.5391605835240264
31.740824222564697; -0.5391605835240264
31.759905338287354; -0.5391605835240264
31.778266191482544; -0.5391605835240264
31.796504735946655; -0.5391605835240264
31.81882333755493; -0.5279397597253994
31.83901834487915; -0.5391605835240264
31.859837532043457; -0.5279397597253994
31.884679794311523; -0.5391605835240264
31.91488528251648; -0.5279397597253994
31.94596242904663; -0.5391605835240264
31.965480089187622; -0.5391605835240264
31.9878191947937; -0.5503814073226534
32.0177321434021; -0.5391605835240264
32.033238649368286; -0.5391605835240264
32.04849576950073; -0.5391605835240264
32.06303524971008; -0.5279397597253994
32.085800647735596; -0.5391605835240264
32.12422037124634; -0.5279397597253994
32.13922667503357; -0.5391605835240264
32.157198667526245; -0.5391605835240264
32.17782735824585; -0.5391605835240264
32.19542980194092; -0.5391605835240264
32.21692633628845; -0.5391605835240264
32.23288154602051; -0.5391605835240264
32.25004982948303; -0.5391605835240264
32.266613721847534; -0.5279397597253994
32.28568959236145; -0.5279397597253994
32.31240391731262; -0.5391605835240264
32.3270103931427; -0.5391605835240264
32.34414601325989; -0.5391605835240264
32.3590567111969; -0.5279397597253994
32.378122091293335; -0.5279397597253994
32.40065550804138; -0.5391605835240264
32.415520906448364; -0.5616022311212804
32.435287952423096; -0.5503814073226534
32.46088099479675; -0.5279397597253994
32.48365926742554; -0.5391605835240264
32.50037407875061; -0.5391605835240264
32.52401566505432; -0.5503814073226534
32.55282711982727; -0.5391605835240264
32.57171154022217; -0.5503814073226534
32.60165572166443; -0.5391605835240264
32.615126609802246; -0.5391605835240264
32.62861895561218; -0.5391605835240264
32.64408755302429; -0.5391605835240264
32.6644492149353; -0.5391605835240264
32.696935415267944; -0.5503814073226534
32.715733766555786; -0.5391605835240264
32.73795485496521; -0.5503814073226534
32.75640296936035; -0.5391605835240264
32.77408027648926; -0.5391605835240264
32.79609656333923; -0.5391605835240264
32.81449580192566; -0.5391605835240264
32.835644483566284; -0.5391605835240264
32.858033895492554; -0.5279397597253994
32.87477421760559; -0.5391605835240264
32.89703631401062; -0.5391605835240264
32.91142654418945; -0.5503814073226534
32.93162965774536; -0.5391605835240264
32.96088361740112; -0.5391605835240264
32.97978472709656; -0.5391605835240264
32.99921488761902; -0.5503814073226534
33.018006324768066; -0.5391605835240264
33.04447317123413; -0.5391605835240264
33.061115026474; -0.5616022311212804
33.07583427429199; -0.5391605835240264
33.09498715400696; -0.5503814073226534
33.113059759140015; -0.5391605835240264
33.144317626953125; -0.5391605835240264
33.169821977615356; -0.5391605835240264
33.18332290649414; -0.5279397597253994
33.19860243797302; -0.5503814073226534
33.21257138252258; -0.5391605835240264
33.22679400444031; -0.5503814073226534
33.24309039115906; -0.5391605835240264
33.26135849952698; -0.5391605835240264
33.2987756729126; -0.5391605835240264
33.31584453582764; -0.5503814073226534
33.333080768585205; -0.5391605835240264
33.34861922264099; -0.5503814073226534
33.36467361450195; -0.5391605835240264
33.38103485107422; -0.5391605835240264
33.39855694770813; -0.5391605835240264
33.415024757385254; -0.5391605835240264
33.4321722984314; -0.5391605835240264
33.44635844230652; -0.5391605835240264
33.46644306182861; -0.5391605835240264
33.49062180519104; -0.5391605835240264
33.51698446273804; -0.5391605835240264
33.53194284439087; -0.5279397597253994
33.55426359176636; -0.5391605835240264
33.567298889160156; -0.5503814073226534
33.581658601760864; -0.5279397597253994
33.61218571662903; -0.5391605835240264
33.62957835197449; -0.5391605835240264
33.64724516868591; -0.5391605835240264
33.673606157302856; -0.5391605835240264
33.6934859752655; -0.5391605835240264
33.71606779098511; -0.5391605835240264
33.73312473297119; -0.5391605835240264
33.75785446166992; -0.5391605835240264
33.78104376792908; -0.5391605835240264
33.799041509628296; -0.5391605835240264
33.826618909835815; -0.5391605835240264
33.83926224708557; -0.5391605835240264
33.85444736480713; -0.5503814073226534
33.869025468826294; -0.5279397597253994
33.889761209487915; -0.5279397597253994
33.922269344329834; -0.5391605835240264
33.9407799243927; -0.5391605835240264
33.964109897613525; -0.5279397597253994
33.98142099380493; -0.5391605835240264
33.99842166900635; -0.5279397597253994
34.019211292266846; -0.5279397597253994
34.034698724746704; -0.5391605835240264
34.05810618400574; -0.5503814073226534
34.074891090393066; -0.5391605835240264
34.0944926738739; -0.5391605835240264
34.12355899810791; -0.5391605835240264
34.13740348815918; -0.5503814073226534
34.1541485786438; -0.5391605835240264
34.175121545791626; -0.5391605835240264
34.19645023345947; -0.5503814073226534
34.211341381073; -0.5503814073226534
34.22780799865723; -0.5391605835240264
34.24745225906372; -0.5391605835240264
34.27106213569641; -0.5503814073226534
34.293596029281616; -0.5391605835240264
34.316941261291504; -0.5391605835240264
34.34127473831177; -0.5279397597253994
34.35914063453674; -0.5279397597253994
34.38265800476074; -0.5391605835240264
34.40026092529297; -0.5279397597253994
34.429001569747925; -0.5391605835240264
34.44233274459839; -0.5503814073226534
34.45497512817383; -0.5391605835240264
34.46904969215393; -0.5391605835240264
34.48253607749939; -0.5391605835240264
34.501007080078125; -0.5391605835240264
34.536611795425415; -0.5391605835240264
34.555739879608154; -0.5391605835240264
34.57627749443054; -0.5391605835240264
34.59806704521179; -0.5391605835240264
34.61241149902344; -0.5391605835240264
34.63776254653931; -0.5391605835240264
34.65479779243469; -0.5391605835240264
34.67503833770752; -0.5391605835240264
34.69070601463318; -0.5391605835240264
34.70863318443298; -0.5391605835240264
34.735716342926025; -0.5391605835240264
34.75047183036804; -0.5391605835240264
34.76732158660889; -0.5503814073226534
34.785606145858765; -0.5391605835240264
34.8033652305603; -0.5391605835240264
34.82541608810425; -0.5391605835240264
34.84626126289368; -0.5391605835240264
34.86848568916321; -0.5503814073226534
34.89034819602966; -0.5391605835240264
34.90691781044006; -0.5391605835240264
34.922110080718994; -0.5391605835240264
34.93951344490051; -0.5391605835240264
34.96245217323303; -0.5503814073226534
34.98744511604309; -0.5391605835240264
35.01039981842041; -0.5503814073226534
35.02304530143738; -0.5391605835240264
35.03571915626526; -0.5503814073226534
35.04933571815491; -0.5391605835240264
35.06865572929382; -0.5503814073226534
35.10338521003723; -0.5391605835240264
35.12553286552429; -0.5503814073226534
35.1429123878479; -0.5391605835240264
35.16325259208679; -0.5391605835240264
35.178322315216064; -0.5503814073226534
35.194185733795166; -0.5391605835240264
35.21621775627136; -0.5503814073226534
35.23438763618469; -0.5391605835240264
35.2516188621521; -0.5391605835240264
35.27537298202515; -0.5391605835240264
35.294870138168335; -0.5391605835240264
35.320207595825195; -0.5391605835240264
35.34426498413086; -0.5391605835240264
35.36981439590454; -0.5391605835240264
35.38985800743103; -0.5391605835240264
35.40857195854187; -0.5391605835240264
35.44082808494568; -0.5391605835240264
35.46227836608887; -0.5391605835240264
35.479851484298706; -0.5391605835240264
35.500603437423706; -0.5391605835240264
35.52632808685303; -0.5391605835240264
35.544225215911865; -0.5391605835240264
35.57292580604553; -0.5391605835240264
35.585729122161865; -0.5391605835240264
35.60007190704346; -0.5391605835240264
35.61466336250305; -0.5391605835240264
