0.005723714828491211; 0.08
0.025973796844482422; 0.09
0.04441714286804199; 0.15
0.06728577613830566; 0.16
0.0856168270111084; 0.12
0.10534834861755371; 0.18
0.12494087219238281; 0.18
0.15269732475280762; 0.14
0.17107582092285156; 0.19
0.19652915000915527; 0.14
0.2145557403564453; 0.21
0.2299942970275879; 0.22
0.24631476402282715; 0.18
0.26277947425842285; 0.18
0.279787540435791; 0.18
0.2975003719329834; 0.25
0.31070375442504883; 0.2
0.3238821029663086; 0.26
0.3370492458343506; 0.21
0.35001373291015625; 0.28
0.363262414932251; 0.22
0.37625813484191895; 0.3
0.38898634910583496; 0.24
0.40173912048339844; 0.31
0.4144446849822998; 0.3
0.42712998390197754; 0.27
0.4398229122161865; 0.34
0.45250606536865234; 0.29
0.46521496772766113; 0.31
0.47795653343200684; 0.32
0.49066638946533203; 0.38
0.5033435821533203; 0.31
0.517789363861084; 0.38
0.5373129844665527; 0.4
0.5549955368041992; 0.43
0.5727696418762207; 0.44
0.5862691402435303; 0.39
0.6039767265319824; 0.48
0.6172399520874023; 0.46
0.6347410678863525; 0.45
0.6479768753051758; 0.52
0.6616840362548828; 0.48
0.6784360408782959; 0.53
0.7039573192596436; 0.58
0.7217864990234375; 0.56
0.7386198043823242; 0.57
0.7523603439331055; 0.64
0.7660019397735596; 0.6
0.7807917594909668; 0.63
0.8006570339202881; 0.64
0.8164865970611572; 0.66
0.8371648788452148; 0.68
0.8561346530914307; 0.75
0.8700563907623291; 0.7
0.8845782279968262; 0.78
0.903306245803833; 0.8
0.9195771217346191; 0.81
0.9380059242248535; 0.76
0.9573285579681396; 0.85
0.9705629348754883; 0.83
0.9837181568145752; 0.88
0.9968903064727783; 0.83
1.010105848312378; 0.84
1.0253863334655762; 0.86
1.039008378982544; 0.93
1.056091070175171; 0.95
1.07120680809021; 0.97
1.084547519683838; 0.92
1.0998148918151855; 0.98
1.1170520782470703; 1.01
1.1332097053527832; 1.03
1.1462478637695312; 0.98
1.1606791019439697; 1.06
1.1781396865844727; 1.01
1.1937146186828613; 1.01
1.208282470703125; 1.09
1.226205825805664; 1.04
1.2399890422821045; 1.06
1.2569725513458252; 0.99
1.270695686340332; 1.0
1.285555124282837; 0.94
1.301163911819458; 0.88
1.3171570301055908; 0.85
1.337066411972046; 0.83
1.3562519550323486; 0.85
1.3699920177459717; 0.78
1.383622646331787; 0.81
1.3974058628082275; 0.73
1.413419246673584; 0.7
1.4334533214569092; 0.68
1.4481403827667236; 0.72
1.4665241241455078; 0.63
1.4813423156738281; 0.62
1.5016257762908936; 0.65
1.5147969722747803; 0.56
1.5279736518859863; 0.6
1.5405550003051758; 0.54
1.5537633895874023; 0.58
1.56813645362854; 0.5
1.5857446193695068; 0.52
1.6012699604034424; 0.45
1.6152431964874268; 0.45
1.629539966583252; 0.49
1.6469950675964355; 0.44
1.660597801208496; 0.43
1.677004098892212; 0.42
1.6903841495513916; 0.36
1.7054851055145264; 0.39
1.7223756313323975; 0.33
1.7396163940429688; 0.31
1.754570484161377; 0.3
1.7737576961517334; 0.38
1.7928359508514404; 0.35
1.8064827919006348; 0.42
1.8201119899749756; 0.38
1.833853006362915; 0.47
1.847031831741333; 0.43
1.8667783737182617; 0.46
1.8850688934326172; 0.53
1.90087890625; 0.53
1.9193377494812012; 0.6
1.938319444656372; 0.59
1.9521369934082031; 0.59
1.9662978649139404; 0.67
1.9842982292175293; 0.63
2.0053436756134033; 0.69
2.028141498565674; 0.69
2.040663480758667; 0.77
2.0538361072540283; 0.72
2.0668842792510986; 0.79
2.0803050994873047; 0.82
2.0974466800689697; 0.78
2.1119799613952637; 0.86
2.126436710357666; 0.87
2.146120309829712; 0.85
2.1604950428009033; 0.92
2.1774234771728516; 0.88
2.1937105655670166; 0.91
2.207047939300537; 0.99
2.2222771644592285; 0.97
2.2390618324279785; 1.01
2.2565462589263916; 1.04
2.2707207202911377; 1.05
2.2907650470733643; 1.0
2.309786319732666; 1.05
2.323533296585083; 0.95
2.3378517627716064; 0.93
2.355329751968384; 0.9
2.37121844291687; 0.86
2.390200138092041; 0.89
2.405841588973999; 0.87
2.4201173782348633; 0.82
2.4338722229003906; 0.77
2.4523284435272217; 0.78
2.4695749282836914; 0.76
2.4956111907958984; 0.73
2.508765935897827; 0.64
2.521322250366211; 0.67
2.5346286296844482; 0.65
2.5479462146759033; 0.59
2.5610575675964355; 0.63
2.577223062515259; 0.61
2.591510057449341; 0.59
2.604825496673584; 0.52
2.6225314140319824; 0.49
2.640308380126953; 0.53
2.6538236141204834; 0.45
2.6716227531433105; 0.48
2.688387870788574; 0.47
2.705895185470581; 0.43
2.720684051513672; 0.42
2.739598512649536; 0.36
2.755629301071167; 0.34
2.7706706523895264; 0.33
2.7863786220550537; 0.31
2.8045711517333984; 0.29
2.818274974822998; 0.32
2.8320202827453613; 0.32
2.8465635776519775; 0.29
2.8638408184051514; 0.37
2.881253957748413; 0.4
2.9003212451934814; 0.38
2.915879487991333; 0.39
2.929715871810913; 0.48
2.943911552429199; 0.48
2.9620509147644043; 0.53
2.982016086578369; 0.55
3.0078163146972656; 0.56
3.020294666290283; 0.61
3.032838821411133; 0.57
3.046199083328247; 0.65
3.0593199729919434; 0.61
3.0724000930786133; 0.68
3.0904855728149414; 0.71
3.1054162979125977; 0.73
3.1230640411376953; 0.76
3.1433255672454834; 0.78
3.1586506366729736; 0.8
3.172110080718994; 0.76
3.1885745525360107; 0.79
3.2062129974365234; 0.87
3.2210142612457275; 0.83
3.240183115005493; 0.92
3.2563626766204834; 0.93
3.271333694458008; 0.96
3.28706431388855; 0.98
3.305326461791992; 0.94
3.319016456604004; 1.02
3.332826852798462; 0.98
3.347329616546631; 1.04
3.3682973384857178; 1.05
3.384674310684204; 1.02
3.409853935241699; 0.98
3.428847551345825; 0.88
3.4427649974823; 0.91
3.4565200805664062; 0.81
3.4751687049865723; 0.86
3.4950833320617676; 0.82
3.5210447311401367; 0.75
3.5341906547546387; 0.75
3.546722650527954; 0.68
3.559877634048462; 0.72
3.573208808898926; 0.64
3.5864481925964355; 0.68
3.599600076675415; 0.6
3.6160895824432373; 0.58
3.630990743637085; 0.56
3.648122549057007; 0.53
3.663867712020874; 0.57
3.6775949001312256; 0.5
3.6947216987609863; 0.53
3.709486961364746; 0.45
3.725149393081665; 0.44
3.7397968769073486; 0.49
3.7570528984069824; 0.4
3.7718260288238525; 0.44
3.7972240447998047; 0.41
3.8134751319885254; 0.39
3.832258939743042; 0.33
3.846320390701294; 0.32
3.8603768348693848; 0.36
3.8745412826538086; 0.29
3.890256404876709; 0.28
3.910590410232544; 0.33
3.9287829399108887; 0.29
3.9519741535186768; 0.39
3.971526861190796; 0.35
3.9856646060943604; 0.43
3.9998741149902344; 0.45
4.0189783573150635; 0.41
4.034782409667969; 0.49
4.052709579467773; 0.47
4.070183038711548; 0.55
4.083322763442993; 0.55
4.096775531768799; 0.6
4.11224365234375; 0.56
4.125855207443237; 0.63
4.13953423500061; 0.59
4.1545538902282715; 0.66
4.168091058731079; 0.68
4.182010650634766; 0.65
4.194944381713867; 0.73
4.208941698074341; 0.69
4.222470760345459; 0.77
4.235642671585083; 0.73
4.251605987548828; 0.75
4.265761137008667; 0.84
4.279449462890625; 0.79
4.295828819274902; 0.81
4.319204330444336; 0.91
4.3347625732421875; 0.92
4.350219249725342; 0.94
4.36721396446228; 0.97
4.391563177108765; 0.94
4.4155285358428955; 1.03
4.429104804992676; 0.98
4.444161653518677; 1.06
4.4588611125946045; 1.03
4.475028991699219; 1.0
4.493739128112793; 0.91
4.512724161148071; 0.93
4.526758670806885; 0.85
4.542344808578491; 0.87
4.560876131057739; 0.84
4.576196908950806; 0.81
4.606220006942749; 0.71
4.6193578243255615; 0.74
4.632528066635132; 0.66
4.645773887634277; 0.7
4.659260511398315; 0.62
4.674059629440308; 0.66
4.687628269195557; 0.57
4.705559015274048; 0.61
4.723347902297974; 0.54
4.73630952835083; 0.56
4.750340700149536; 0.49
4.766815423965454; 0.47
4.78079628944397; 0.51
4.795182704925537; 0.49
4.811798572540283; 0.47
4.82549524307251; 0.4
4.843750953674316; 0.43
4.858540773391724; 0.36
4.875868797302246; 0.39
4.892858266830444; 0.39
4.906830787658691; 0.3
4.920823335647583; 0.32
4.939018964767456; 0.29
4.954822063446045; 0.27
4.970678091049194; 0.25
4.9884161949157715; 0.32
5.004158020019531; 0.34
5.01818323135376; 0.31
5.038795232772827; 0.35
5.058337211608887; 0.42
5.083399534225464; 0.4
5.096501350402832; 0.47
5.109687328338623; 0.44
5.122751712799072; 0.44
5.136049509048462; 0.53
5.149126052856445; 0.48
5.162319183349609; 0.57
5.1760523319244385; 0.52
5.191345453262329; 0.57
5.208164930343628; 0.58
5.22629189491272; 0.66
5.241245269775391; 0.62
5.259329319000244; 0.71
5.275529146194458; 0.75
5.290050745010376; 0.69
5.305740118026733; 0.72
5.320873498916626; 0.74
5.339630126953125; 0.83
5.354221343994141; 0.78
5.373835802078247; 0.86
5.392775535583496; 0.88
5.412802219390869; 0.87
5.427556991577148; 0.93
5.446946382522583; 0.96
5.463095188140869; 0.99
5.478868007659912; 1.0
5.493925094604492; 0.98
5.508279800415039; 1.04
5.525259494781494; 0.98
5.543594121932983; 0.98
5.560485601425171; 0.97
5.586318016052246; 0.88
5.598851203918457; 0.89
5.611427545547485; 0.81
5.624666929244995; 0.86
5.637826204299927; 0.8
5.65023946762085; 0.75
5.663488149642944; 0.79
5.677448749542236; 0.7
5.69431209564209; 0.74
5.709388971328735; 0.65
5.726902723312378; 0.69
5.741689443588257; 0.6
5.759080648422241; 0.64
5.777310848236084; 0.59
5.79183554649353; 0.6
5.808980464935303; 0.58
5.822444200515747; 0.49
5.841304779052734; 0.53
5.855235576629639; 0.5
5.875338792800903; 0.41
5.894261837005615; 0.46
5.907879590988159; 0.39
5.92144775390625; 0.43
5.943040609359741; 0.41
5.9582929611206055; 0.39
5.97496771812439; 0.37
5.993341445922852; 0.3
6.007174730300903; 0.35
6.020826816558838; 0.26
6.039949655532837; 0.31
6.059677600860596; 0.28
6.085904121398926; 0.29
6.099056005477905; 0.37
6.111550569534302; 0.32
6.124802827835083; 0.39
6.138054609298706; 0.37
6.151127099990845; 0.42
6.16421914100647; 0.43
6.1772072315216064; 0.41
6.1909685134887695; 0.48
6.208914041519165; 0.45
6.224541902542114; 0.47
6.242332696914673; 0.57
6.259593725204468; 0.59
6.274383783340454; 0.59
6.292158842086792; 0.64
6.306164979934692; 0.6
6.322863578796387; 0.67
6.338884592056274; 0.69
6.354629278182983; 0.68
6.370202541351318; 0.7
6.38498592376709; 0.73
6.402030944824219; 0.74
6.415754556655884; 0.83
6.429250717163086; 0.79
6.4492247104644775; 0.85
6.464755296707153; 0.88
6.488088130950928; 0.86
6.50824761390686; 0.94
6.522879600524902; 0.97
6.5369017124176025; 0.92
6.5576441287994385; 0.95
6.574470281600952; 0.96
6.601209402084351; 0.98
6.613652229309082; 1.01
6.626147985458374; 0.95
6.6392621994018555; 0.88
6.652597904205322; 0.93
6.665738582611084; 0.85
6.678772211074829; 0.89
6.6927268505096436; 0.8
6.7106146812438965; 0.84
6.7262749671936035; 0.8
6.739770412445068; 0.75
6.757086753845215; 0.69
6.770663738250732; 0.73
6.788074016571045; 0.65
6.803042411804199; 0.63
6.822720050811768; 0.62
6.842337131500244; 0.56
6.85724401473999; 0.61
6.870675563812256; 0.52
6.88835597038269; 0.56
6.902905464172363; 0.48
6.916859865188599; 0.5
6.93088960647583; 0.5
6.9449663162231445; 0.42
6.966214179992676; 0.41
6.983488082885742; 0.38
7.001958131790161; 0.41
7.01722264289856; 0.4
7.03731894493103; 0.33
7.055358409881592; 0.37
7.0712974071502686; 0.35
7.093081474304199; 0.32
7.110736131668091; 0.25
7.123300313949585; 0.26
7.135866641998291; 0.3
7.148984670639038; 0.25
7.167351961135864; 0.34
7.184003591537476; 0.37
7.197158336639404; 0.33
7.217098951339722; 0.41
7.232994318008423; 0.44
7.247654438018799; 0.42
7.264508247375488; 0.48
7.279163599014282; 0.44
7.294676065444946; 0.46
7.308091402053833; 0.55
7.325488567352295; 0.57
7.3396546840667725; 0.59
7.361442804336548; 0.62
7.377037286758423; 0.64
7.393311500549316; 0.67
7.412283182144165; 0.64
7.4260478019714355; 0.72
7.439788103103638; 0.68
7.453529119491577; 0.76
7.470117568969727; 0.79
7.490464687347412; 0.82
7.506003379821777; 0.82
7.521686792373657; 0.82
7.5391845703125; 0.88
7.556782484054565; 0.84
7.570519208908081; 0.91
7.586568117141724; 0.93
7.602606534957886; 0.96
7.622359752655029; 0.92
7.63936185836792; 0.97
7.652281045913696; 1.01
7.665498733520508; 0.97
7.678819894790649; 1.04
7.697287559509277; 0.98
7.714606761932373; 0.9
7.728229522705078; 0.94
7.748970031738281; 0.9
7.766161203384399; 0.87
7.780896186828613; 0.84
7.798829078674316; 0.78
7.816057443618774; 0.72
7.829349040985107; 0.75
7.844655990600586; 0.73
7.861429214477539; 0.7
7.882329225540161; 0.67
7.899080991744995; 0.65
7.917232036590576; 0.58
7.934454917907715; 0.53
7.948132276535034; 0.58
7.961727619171143; 0.5
7.97527813911438; 0.55
7.990675926208496; 0.53
8.012906312942505; 0.5
8.0296950340271; 0.47
8.0537109375; 0.39
8.072739601135254; 0.41
8.0867178440094; 0.4
8.10417127609253; 0.39
8.119657278060913; 0.38
8.138707160949707; 0.29
8.166471004486084; 0.27
8.179722309112549; 0.32
8.192974090576172; 0.24
8.206328392028809; 0.3
8.220927000045776; 0.24
8.235613584518433; 0.25
8.249300003051758; 0.34
8.269926071166992; 0.37
8.287056922912598; 0.39
8.302712440490723; 0.42
8.320103645324707; 0.44
8.335203647613525; 0.47
8.351420879364014; 0.47
8.365378618240356; 0.44
8.383507013320923; 0.54
8.399690866470337; 0.56
8.41707730293274; 0.59
8.430495500564575; 0.55
8.447871923446655; 0.63
8.465345621109009; 0.66
8.47916030883789; 0.62
8.493175983428955; 0.65
8.506928205490112; 0.72
8.524378299713135; 0.74
8.540349006652832; 0.76
8.558899641036987; 0.74
8.577183246612549; 0.81
8.596147537231445; 0.79
8.609970569610596; 0.87
8.623579025268555; 0.82
8.641052722930908; 0.9
8.656847953796387; 0.89
8.68839406967163; 0.9
8.701567888259888; 0.98
8.714783668518066; 0.94
8.72803783416748; 1.02
8.744140386581421; 1.04
8.758734703063965; 0.96
8.772006750106812; 1.0
8.789370059967041; 0.98
8.802939653396606; 0.88
8.81722092628479; 0.89
8.833446979522705; 0.85
8.847001552581787; 0.87
8.86307144165039; 0.83
8.87745451927185; 0.76
8.89470100402832; 0.73
8.908052682876587; 0.77
8.923877954483032; 0.74
8.938042163848877; 0.71
8.95616102218628; 0.69
8.97094440460205; 0.67
8.987995147705078; 0.63
9.001633167266846; 0.54
9.015293598175049; 0.6
9.028973817825317; 0.51
9.047271728515625; 0.56
9.066751480102539; 0.46
9.082226514816284; 0.45
9.100728988647461; 0.49
9.119574546813965; 0.4
9.133217096328735; 0.45
9.146424770355225; 0.37
9.16829800605774; 0.34
9.195199728012085; 0.33
9.213794231414795; 0.36
9.227007865905762; 0.28
9.24030590057373; 0.33
9.253476858139038; 0.26
9.26762580871582; 0.31
9.28261399269104; 0.29
9.296518325805664; 0.23
9.314669370651245; 0.32
9.33360481262207; 0.28
9.348490238189697; 0.36
9.366600751876831; 0.33
9.382227659225464; 0.35
9.398373365402222; 0.38
9.414049625396729; 0.43
9.429171323776245; 0.47
9.4490647315979; 0.51
9.463143348693848; 0.47
9.483386039733887; 0.57
9.502501010894775; 0.55
9.516855239868164; 0.54
9.531456470489502; 0.63
9.550666332244873; 0.61
9.567700386047363; 0.68
9.586320638656616; 0.65
9.601722717285156; 0.74
9.620834827423096; 0.74
9.63914942741394; 0.79
9.654428958892822; 0.81
9.671344757080078; 0.83
9.689390659332275; 0.79
9.715904235839844; 0.82
9.734087705612183; 0.91
9.746649026870728; 0.92
9.759210348129272; 0.88
9.772403001785278; 0.97
9.788855791091919; 0.99
9.803382396697998; 0.95
9.816524982452393; 1.02
9.8373384475708; 1.04
9.854097843170166; 0.99
9.869113445281982; 0.96
9.88245701789856; 0.88
9.896993398666382; 0.91
9.91280746459961; 0.88
9.927301168441772; 0.82
9.944554805755615; 0.83
9.95842432975769; 0.73
9.974493741989136; 0.72
9.988748550415039; 0.75
10.006244421005249; 0.66
10.02345323562622; 0.64
10.037187576293945; 0.68
10.053181409835815; 0.65
10.071731090545654; 0.56
10.089271783828735; 0.6
10.109752178192139; 0.51
10.125245571136475; 0.49
10.143493890762329; 0.53
10.162686347961426; 0.44
10.176319599151611; 0.48
10.193512439727783; 0.44
10.21108365058899; 0.39
10.227799892425537; 0.36
10.25599479675293; 0.39
10.26912784576416; 0.33
10.281670570373535; 0.32
10.294856786727905; 0.36
10.312268018722534; 0.28
10.326680660247803; 0.33
10.33992862701416; 0.26
10.357246160507202; 0.24
10.374813556671143; 0.3
10.388287782669067; 0.23
10.405791759490967; 0.27
10.422435522079468; 0.34
10.439816236495972; 0.39
10.454453945159912; 0.37
10.471256971359253; 0.43
10.493987321853638; 0.4
10.510454416275024; 0.48
10.525989770889282; 0.5
10.5414297580719; 0.52
10.558646440505981; 0.55
10.57248854637146; 0.51
10.586147785186768; 0.58
10.600695133209229; 0.61
10.625774145126343; 0.59
10.643211364746094; 0.67
10.65792965888977; 0.64
10.682215213775635; 0.73
10.69584846496582; 0.68
10.710459470748901; 0.72
10.727681398391724; 0.74
10.74368667602539; 0.76
10.765988111495972; 0.83
10.784533739089966; 0.87
10.797718286514282; 0.84
10.810287952423096; 0.91
10.823537588119507; 0.87
10.840063333511353; 0.89
10.854674577713013; 0.97
10.867876529693604; 0.93
10.885437726974487; 1.01
10.90278697013855; 1.04
10.91619324684143; 0.96
10.933745861053467; 0.96
10.946995973587036; 0.94
10.964295864105225; 0.87
10.978865146636963; 0.89
10.99626612663269; 0.81
11.010467290878296; 0.84
11.031758546829224; 0.8
11.050719738006592; 0.71
11.068771839141846; 0.75
11.082517862319946; 0.66
11.096436738967896; 0.7
11.110042810440063; 0.62
11.123649597167969; 0.66
11.14270806312561; 0.56
11.16205644607544; 0.58
11.18082594871521; 0.53
11.195807695388794; 0.49
11.214700698852539; 0.53
11.22829294204712; 0.45
11.242465496063232; 0.49
11.263337135314941; 0.47
11.280183792114258; 0.43
11.308333396911621; 0.36
11.32087779045105; 0.4
11.334090948104858; 0.34
11.347188472747803; 0.33
11.365751266479492; 0.36
11.380374193191528; 0.33
11.393497705459595; 0.31
11.41074538230896; 0.25
11.431446075439453; 0.24
11.446108341217041; 0.28
11.463443994522095; 0.29
11.478269577026367; 0.32
11.49609375; 0.3
11.513431787490845; 0.32
11.526787281036377; 0.39
11.546229600906372; 0.36
11.559847593307495; 0.43
11.581605434417725; 0.47
11.600709199905396; 0.49
11.614306449890137; 0.47
11.627822160720825; 0.54
11.641659259796143; 0.49
11.656058311462402; 0.58
11.675254583358765; 0.53
11.69461703300476; 0.63
11.718192338943481; 0.6
11.737245798110962; 0.69
11.750860929489136; 0.67
11.765108585357666; 0.68
11.78309154510498; 0.72
11.802978515625; 0.75
11.83210301399231; 0.83
11.845316648483276; 0.79
11.857901334762573; 0.82
11.871225118637085; 0.89
11.888972520828247; 0.85
11.903892993927002; 0.93
11.917593240737915; 0.89
11.937211513519287; 0.92
11.956480741500854; 1.0
11.971714973449707; 1.01
11.988667964935303; 1.04
12.004957437515259; 1.0
12.019239902496338; 0.9
12.034940719604492; 0.86
12.050785303115845; 0.84
12.070261240005493; 0.87
12.085989236831665; 0.83
12.105650424957275; 0.75
12.12467098236084; 0.77
12.13841962814331; 0.73
12.152305126190186; 0.67
12.165978193283081; 0.71
12.181370973587036; 0.67
12.202306985855103; 0.58
12.220622539520264; 0.62
12.24422311782837; 0.52
12.263281106948853; 0.56
12.278437376022339; 0.54
12.297706127166748; 0.45
12.312496185302734; 0.5
12.339448690414429; 0.39
12.358186483383179; 0.39
12.37077021598816; 0.42
12.384043216705322; 0.34
12.397291898727417; 0.4
12.415145874023438; 0.35
12.429497480392456; 0.37
12.442686080932617; 0.3
12.460301876068115; 0.28
12.477684497833252; 0.32
12.49557876586914; 0.3
12.513224363327026; 0.24
12.527762174606323; 0.29
12.54473876953125; 0.26
12.559410333633423; 0.34
12.576237916946411; 0.35
12.593245267868042; 0.32
12.608253717422485; 0.4
12.62636685371399; 0.37
12.644559144973755; 0.45
12.659016132354736; 0.4
12.673728942871094; 0.44
12.688234090805054; 0.52
12.704704284667969; 0.54
12.726161241531372; 0.57
12.745927810668945; 0.57
12.769537687301636; 0.63
12.788499116897583; 0.6
12.802240133285522; 0.67
12.81635308265686; 0.7
12.833390474319458; 0.73
12.849194765090942; 0.75
12.876242637634277; 0.79
12.888771533966064; 0.75
12.901333808898926; 0.8
12.913883924484253; 0.85
12.927014827728271; 0.8
12.94330906867981; 0.82
12.958277940750122; 0.89
12.972249507904053; 0.92
12.991892576217651; 0.88
13.005757808685303; 0.96
13.020320653915405; 0.97
13.037151575088501; 1.0
13.051054239273071; 0.96
13.068289279937744; 0.95
13.081791639328003; 0.99
13.09939694404602; 0.89
13.114874362945557; 0.87
13.13846731185913; 0.84
13.1542649269104; 0.78
13.168941259384155; 0.77
13.185969352722168; 0.73
13.19964861869812; 0.77
13.213316202163696; 0.69
13.226939916610718; 0.73
13.246843576431274; 0.69
13.26441216468811; 0.68
13.281106948852539; 0.63
13.311276197433472; 0.61
13.324944972991943; 0.52
13.338536977767944; 0.56
13.352362871170044; 0.49
13.367238283157349; 0.48
13.381798028945923; 0.5
13.400628805160522; 0.43
13.418884754180908; 0.45
13.435216426849365; 0.44
13.465104818344116; 0.35
13.477683067321777; 0.39
13.490258932113647; 0.37
13.502861738204956; 0.3
13.51599407196045; 0.34
13.540374279022217; 0.27
13.560410022735596; 0.31
13.577778577804565; 0.24
13.595462560653687; 0.22
13.608938694000244; 0.3
13.626563310623169; 0.26
13.640063285827637; 0.33
13.657371520996094; 0.36
13.670844793319702; 0.33
13.689275026321411; 0.4
13.704279661178589; 0.42
13.720102787017822; 0.45
13.7344388961792; 0.41
13.753483533859253; 0.49
13.77038288116455; 0.52
13.793938159942627; 0.48
13.809614896774292; 0.5
13.82906723022461; 0.59
13.84455680847168; 0.62
13.859894275665283; 0.64
13.874388217926025; 0.61
13.888211488723755; 0.68
13.902550220489502; 0.68
13.921401262283325; 0.71
13.93714690208435; 0.76
13.953266143798828; 0.78
13.982879161834717; 0.79
13.995467901229858; 0.84
14.008726358413696; 0.8
14.021387577056885; 0.87
14.034607887268066; 0.85
14.053832530975342; 0.91
14.067584991455078; 0.88
14.085206985473633; 0.9
14.100698947906494; 0.92
14.11795163154602; 1.0
14.132766723632812; 0.96
14.150187492370605; 1.01
14.163821458816528; 0.94
14.181239128112793; 0.89
14.195947885513306; 0.89
14.212864398956299; 0.82
14.231083154678345; 0.85
14.248332262039185; 0.83
14.264257431030273; 0.79
14.279018640518188; 0.74
14.296147108078003; 0.75
14.309762239456177; 0.67
14.326311349868774; 0.63
14.342136859893799; 0.61
14.36446762084961; 0.57
14.386654376983643; 0.59
14.400626182556152; 0.52
14.417949914932251; 0.49
14.433874607086182; 0.48
14.456215858459473; 0.49
14.474669694900513; 0.48
14.487830877304077; 0.41
14.501007318496704; 0.46
14.514321327209473; 0.38
14.527582883834839; 0.42
14.545746803283691; 0.35
14.564846992492676; 0.39
14.578455209732056; 0.31
14.598825931549072; 0.31
14.612784624099731; 0.33
14.626255989074707; 0.27
14.644158840179443; 0.24
14.657546758651733; 0.29
14.67501425743103; 0.23
14.692793369293213; 0.27
14.709896564483643; 0.31
14.727707386016846; 0.33
14.744773626327515; 0.3
14.760594606399536; 0.32
14.778732299804688; 0.38
14.792461633682251; 0.39
14.806015014648438; 0.45
14.826274871826172; 0.42
14.842491865158081; 0.44
14.858352661132812; 0.47
14.87292218208313; 0.53
14.887626886367798; 0.57
14.901389360427856; 0.52
14.918925523757935; 0.61
14.934722900390625; 0.62
14.961758375167847; 0.68
14.974913597106934; 0.67
14.98805856704712; 0.7
15.000617980957031; 0.73
15.013781547546387; 0.7
15.026908159255981; 0.77
15.044846534729004; 0.77
15.065180778503418; 0.83
15.078336477279663; 0.8
15.09213137626648; 0.87
15.10617184638977; 0.84
15.120368242263794; 0.84
15.137778997421265; 0.87
15.15159010887146; 0.95
15.167551279067993; 0.97
15.182087659835815; 0.98
15.19941258430481; 1.01
15.212738513946533; 0.98
15.23338794708252; 0.93
15.247020244598389; 0.97
15.264000415802002; 0.94
15.28052306175232; 0.9
15.294224977493286; 0.81
15.307392358779907; 0.85
15.325115442276001; 0.77
15.343101978302002; 0.77
15.362031936645508; 0.72
15.37564492225647; 0.73
15.390859365463257; 0.65
15.409313678741455; 0.68
15.429135799407959; 0.63
15.45731496810913; 0.61
15.469815969467163; 0.53
15.482980966567993; 0.58
15.49616813659668; 0.53
15.509617328643799; 0.49
15.522089004516602; 0.51
15.534813404083252; 0.44
15.554420471191406; 0.47
15.568784236907959; 0.46
15.584119081497192; 0.39
15.600932836532593; 0.41
15.618105411529541; 0.4
15.632986307144165; 0.38
15.650370597839355; 0.37
15.665573358535767; 0.36
15.682340860366821; 0.34
15.697510242462158; 0.3
15.717342376708984; 0.25
15.735244512557983; 0.28
15.751007318496704; 0.25
15.769305229187012; 0.3
15.788325071334839; 0.26
15.802009105682373; 0.34
15.81932520866394; 0.3
15.835608720779419; 0.32
15.855891942977905; 0.4
15.86966061592102; 0.41
15.884568691253662; 0.39
15.902306079864502; 0.48
15.918259620666504; 0.5
15.940532684326172; 0.54
15.958687782287598; 0.5
15.971271991729736; 0.55
15.983802080154419; 0.6
15.997047424316406; 0.55
16.01036548614502; 0.63
16.023476362228394; 0.59
16.036293983459473; 0.67
16.061646461486816; 0.66
16.080342292785645; 0.74
16.099669933319092; 0.71
16.115256786346436; 0.73
16.128721237182617; 0.81
16.146260738372803; 0.8
16.15994668006897; 0.85
16.177295446395874; 0.89
16.19090247154236; 0.83
16.20906710624695; 0.92
16.224862575531006; 0.94
16.24810814857483; 0.94
16.264112949371338; 0.98
16.282140731811523; 0.96
16.295852422714233; 1.01
16.309459686279297; 0.92
16.326034784317017; 0.92
16.341710329055786; 0.85
16.360703468322754; 0.89
16.37857723236084; 0.79
16.393357038497925; 0.8
16.409135341644287; 0.81
16.42438006401062; 0.78
16.443017721176147; 0.68
16.4623703956604; 0.71
16.48056697845459; 0.62
16.49307632446289; 0.68
16.50630497932434; 0.59
16.51972484588623; 0.61
16.533031463623047; 0.61
16.551175594329834; 0.52
16.568114280700684; 0.54
16.58252477645874; 0.48
16.598865032196045; 0.45
16.616366386413574; 0.46
16.62994933128357; 0.45
16.647494792938232; 0.39
16.66096305847168; 0.43
16.678245067596436; 0.39
16.69171929359436; 0.37
16.70904517173767; 0.39
16.725204706192017; 0.37
16.74652600288391; 0.35
16.76224708557129; 0.33
16.779158115386963; 0.32
16.796220541000366; 0.3
16.809877395629883; 0.24
16.827767610549927; 0.28
16.843579530715942; 0.3
16.862436294555664; 0.26
16.876892566680908; 0.34
16.89630937576294; 0.36
16.91578459739685; 0.34
16.931719541549683; 0.36
16.954077005386353; 0.39
16.97209119796753; 0.46
16.984580278396606; 0.46
16.99712300300598; 0.45
17.010364294052124; 0.53
17.023699522018433; 0.48
17.036721229553223; 0.56
17.062772750854492; 0.58
17.076798915863037; 0.57
17.093708992004395; 0.59
17.108827829360962; 0.62
17.12224268913269; 0.7
17.14089059829712; 0.7
17.15560746192932; 0.75
17.171666860580444; 0.76
17.186137914657593; 0.72
17.20047426223755; 0.75
17.21720790863037; 0.77
17.233924865722656; 0.8
17.24953556060791; 0.81
17.2721951007843; 0.84
17.291456937789917; 0.9
17.31009602546692; 0.92
17.32885241508484; 0.98
17.346908569335938; 0.94
17.36420702934265; 1.02
17.379485368728638; 0.94
17.392743349075317; 0.97
17.409515857696533; 0.93
17.432913541793823; 0.82
17.46135902404785; 0.84
17.474541425704956; 0.76
17.487762212753296; 0.79
17.50112533569336; 0.75
17.51449942588806; 0.7
17.527491807937622; 0.73
17.54539942741394; 0.64
17.56900191307068; 0.67
17.582245349884033; 0.59
17.597654104232788; 0.59
17.617046356201172; 0.6
17.632240533828735; 0.51
17.653741598129272; 0.48
17.671011209487915; 0.52
17.68417453765869; 0.44
17.699371099472046; 0.48
17.71631097793579; 0.39
17.73688554763794; 0.43
17.753604650497437; 0.37
17.771294116973877; 0.34
17.790268182754517; 0.37
17.807663679122925; 0.31
17.827467441558838; 0.34
17.846978425979614; 0.26
17.864336490631104; 0.31
17.877989768981934; 0.23
17.892159461975098; 0.28
17.911507844924927; 0.22
17.931459188461304; 0.25
17.959821224212646; 0.29
17.972970008850098; 0.37
17.986159801483154; 0.32
17.9995334148407; 0.39
18.012800216674805; 0.37
18.02583909034729; 0.43
18.043978691101074; 0.41
18.069976806640625; 0.5
18.083234071731567; 0.47
18.100943088531494; 0.55
18.11832857131958; 0.57
18.132978916168213; 0.59
18.15088129043579; 0.6
18.164907932281494; 0.64
18.180542945861816; 0.65
18.193912506103516; 0.67
18.211344242095947; 0.65
18.22765302658081; 0.68
18.24595594406128; 0.76
18.261507987976074; 0.78
18.279808521270752; 0.8
18.29869031906128; 0.8
18.312450647354126; 0.82
18.33156418800354; 0.88
18.34842610359192; 0.91
18.36736512184143; 0.87
18.381805181503296; 0.95
18.396028518676758; 0.97
18.410373210906982; 0.92
18.428396224975586; 1.0
18.448201417922974; 0.95
18.476543426513672; 0.95
18.4891140460968; 0.91
18.5016930103302; 0.84
18.514859437942505; 0.88
18.528043508529663; 0.8
18.546210050582886; 0.81
18.57134747505188; 0.71
18.584598779678345; 0.76
18.602254390716553; 0.71
18.619599103927612; 0.65
18.634323835372925; 0.67
18.651583433151245; 0.58
18.668497800827026; 0.56
18.684329748153687; 0.54
18.698989629745483; 0.57
18.714508295059204; 0.56
18.730133771896362; 0.54
18.751350164413452; 0.51
18.765892028808594; 0.43
18.78415822982788; 0.47
18.80947971343994; 0.39
18.823702096939087; 0.43
18.84451675415039; 0.4
18.86338496208191; 0.32
18.88219380378723; 0.37
18.897266387939453; 0.35
18.911091804504395; 0.28
18.92945885658264; 0.32
18.94482731819153; 0.25
18.97713017463684; 0.26
18.99027395248413; 0.25
19.002837419509888; 0.22
19.016069173812866; 0.31
19.029354572296143; 0.27
19.04758858680725; 0.36
19.072286367416382; 0.33
19.08569645881653; 0.4
19.10308599472046; 0.42
19.120431661605835; 0.39
19.13510274887085; 0.48
19.152121782302856; 0.48
19.168447494506836; 0.49
19.18597412109375; 0.49
19.200767755508423; 0.53
19.217845678329468; 0.54
19.23657488822937; 0.62
19.253568410873413; 0.65
19.269326210021973; 0.66
19.287594079971313; 0.64
19.30156707763672; 0.72
19.315696239471436; 0.69
19.332436323165894; 0.77
19.34875726699829; 0.79
19.36910104751587; 0.75
19.388347148895264; 0.81
19.40302538871765; 0.86
19.421590566635132; 0.83
19.44159483909607; 0.92
19.469942808151245; 0.9
19.482408046722412; 0.97
19.49494695663452; 0.99
19.50820541381836; 0.94
19.521442413330078; 1.02
19.534475803375244; 0.93
19.55232858657837; 0.93
19.573459148406982; 0.86
19.586775064468384; 0.89
19.604178190231323; 0.81
19.62172245979309; 0.76
19.636327266693115; 0.75
19.65767502784729; 0.71
19.67524003982544; 0.68
19.68980622291565; 0.66
19.70543670654297; 0.68
19.720689296722412; 0.66
19.743242025375366; 0.58
19.75679659843445; 0.61
19.776333570480347; 0.53
19.795446634292603; 0.56
19.809165954589844; 0.48
19.830071687698364; 0.44
19.850927352905273; 0.43
19.869876384735107; 0.46
19.884309768676758; 0.39
19.902589082717896; 0.41
19.920377254486084; 0.39
19.937351942062378; 0.33
19.96560573577881; 0.29
19.97876763343811; 0.34
19.991318464279175; 0.26
20.004658937454224; 0.32
20.017947673797607; 0.25
20.031137704849243; 0.29
20.048986196517944; 0.27
20.07466745376587; 0.29
20.08812928199768; 0.24
20.104350090026855; 0.26
20.122883796691895; 0.36
20.13748788833618; 0.32
20.158849954605103; 0.35
20.17375874519348; 0.37
20.190526962280273; 0.39
20.204748153686523; 0.47
20.22268509864807; 0.43
20.244455814361572; 0.46
20.259095668792725; 0.5
20.27842092514038; 0.57
20.29587459564209; 0.6
20.311259031295776; 0.62
20.325441122055054; 0.59
20.345621585845947; 0.61
20.367382526397705; 0.65
20.386404037475586; 0.73
20.40144968032837; 0.76
20.41512155532837; 0.72
20.433789253234863; 0.81
20.453471183776855; 0.77
20.481688261032104; 0.87
20.494834661483765; 0.87
20.507386445999146; 0.84
20.520604372024536; 0.93
20.534018993377686; 0.87
20.552148580551147; 0.96
20.576350450515747; 0.93
20.590633392333984; 1.02
20.610388040542603; 0.93
20.627800464630127; 0.96
20.642804861068726; 0.87
20.660664319992065; 0.89
20.677902221679688; 0.85
20.691823720932007; 0.83
20.706430912017822; 0.75
20.723281621932983; 0.72
20.745232343673706; 0.74
20.763190746307373; 0.72
20.78108239173889; 0.63
20.799062967300415; 0.63
20.812885522842407; 0.59
20.826749563217163; 0.62
20.847254037857056; 0.54
20.866288661956787; 0.54
20.88520050048828; 0.52
20.900229454040527; 0.46
20.913965702056885; 0.5
20.92771577835083; 0.42
20.94261932373047; 0.4
20.962369680404663; 0.43
20.98059058189392; 0.37
21.000438690185547; 0.38
21.02873921394348; 0.31
21.041259288787842; 0.35
21.054485321044922; 0.28
21.067843198776245; 0.32
21.08614945411682; 0.31
21.109065771102905; 0.24
21.122700929641724; 0.28
21.140201807022095; 0.28
21.157885313034058; 0.22
21.175846338272095; 0.32
21.193893909454346; 0.35
21.209604501724243; 0.37
21.2257342338562; 0.39
21.243212699890137; 0.36
21.256840467453003; 0.43
21.278899908065796; 0.46
21.294659852981567; 0.49
21.312594652175903; 0.5
21.33159613609314; 0.52
21.345552682876587; 0.49
21.36298394203186; 0.52
21.378458261489868; 0.55
21.393064260482788; 0.63
21.408271312713623; 0.65
21.426943063735962; 0.62
21.4421808719635; 0.65
21.455987453460693; 0.72
21.47291326522827; 0.75
21.494341373443604; 0.78
21.510064363479614; 0.8
21.53257179260254; 0.84
21.551034688949585; 0.8
21.563567876815796; 0.88
21.576154232025146; 0.84
21.589296340942383; 0.87
21.607670307159424; 0.94
21.630329132080078; 0.91
21.644700050354004; 0.99
21.662797689437866; 1.02
21.68355703353882; 1.0
21.698323965072632; 0.97
21.715832948684692; 0.93
21.729078769683838; 0.84
21.74701762199402; 0.88
21.76222252845764; 0.84
21.778966665267944; 0.82
21.80187726020813; 0.77
21.815072298049927; 0.75
21.83539652824402; 0.66
21.85452437400818; 0.69
21.869714498519897; 0.66
21.887871265411377; 0.64
21.907123565673828; 0.57
21.925943613052368; 0.55
21.943137884140015; 0.5
21.958261966705322; 0.5
21.97197723388672; 0.51
21.985692739486694; 0.44
21.998852252960205; 0.48
22.01637840270996; 0.46
22.032116174697876; 0.44
22.04785442352295; 0.43
22.07428526878357; 0.39
22.09291696548462; 0.32
22.106167793273926; 0.35
22.118768453598022; 0.34
22.1320321559906; 0.27
22.150310754776; 0.32
22.173012495040894; 0.29
22.186529874801636; 0.23
22.2038996219635; 0.28
22.22144913673401; 0.29
22.239380598068237; 0.24
22.25650668144226; 0.29
22.271412134170532; 0.29
22.28926396369934; 0.38
22.306535243988037; 0.39
22.323563814163208; 0.41
22.34134793281555; 0.39
22.355350732803345; 0.45
22.377051830291748; 0.49
22.396236181259155; 0.46
22.410004377365112; 0.53
22.42449688911438; 0.56
22.44506001472473; 0.57
22.46453285217285; 0.56
22.481279134750366; 0.58
22.496565103530884; 0.62
22.510881900787354; 0.69
22.524818420410156; 0.66
22.53949236869812; 0.68
22.555840492248535; 0.69
22.574868202209473; 0.79
22.594475507736206; 0.75
22.61697506904602; 0.85
22.63548254966736; 0.88
22.648607969284058; 0.83
22.66112971305847; 0.91
22.674380779266357; 0.86
22.692726135253906; 0.93
22.716394424438477; 0.97
22.73011565208435; 0.99
22.747403860092163; 1.02
22.76526975631714; 0.96
22.77986454963684; 0.94
22.80042314529419; 0.94
22.815889835357666; 0.94
22.833478212356567; 0.94
22.847943782806396; 0.93
22.865599632263184; 0.93
22.886778354644775; 0.92
22.903029203414917; 0.93
22.920838117599487; 0.92
22.939435720443726; 0.92
22.952808618545532; 0.91
22.96633553504944; 0.9
22.984501361846924; 0.92
23.005992650985718; 0.91
23.022998332977295; 0.91
23.038076877593994; 0.9
23.053014993667603; 0.91
23.067306756973267; 0.89
23.081950664520264; 0.91
23.1016263961792; 0.9
23.118905305862427; 0.91
23.139110326766968; 0.89
23.16768765449524; 0.89
23.180840253829956; 0.89
23.19402050971985; 0.9
23.20722222328186; 0.9
23.225388526916504; 0.89
23.249211311340332; 0.9
23.262495517730713; 0.9
23.279314517974854; 0.89
23.296377658843994; 0.88
23.310628652572632; 0.9
23.32765245437622; 0.89
23.343084812164307; 0.89
23.360903024673462; 0.89
23.375385284423828; 0.89
23.39300799369812; 0.89
23.42380142211914; 0.89
23.441776275634766; 0.89
23.459492444992065; 0.89
23.472912549972534; 0.88
23.48686647415161; 0.88
23.505167722702026; 0.89
23.525858163833618; 0.89
23.540818691253662; 0.88
23.560301542282104; 0.89
23.574577569961548; 0.88
23.58793020248413; 0.88
23.603731155395508; 0.86
23.61913824081421; 0.89
23.635002851486206; 0.88
23.663628101348877; 0.88
23.682024240493774; 0.87
23.69520092010498; 0.88
23.708369731903076; 0.88
23.721428155899048; 0.86
23.73949909210205; 0.88
23.76266312599182; 0.86
23.775875091552734; 0.87
23.79866862297058; 0.88
23.814804077148438; 0.87
23.82942032814026; 0.87
23.84687089920044; 0.88
23.862161874771118; 0.87
23.877909421920776; 0.87
23.893169403076172; 0.87
23.907878398895264; 0.87
23.929986715316772; 0.86
23.945408821105957; 0.88
23.96384835243225; 0.87
23.982035636901855; 0.88
23.995404958724976; 0.87
24.009327173233032; 0.86
24.02894639968872; 0.87
24.05047631263733; 0.88
24.068224906921387; 0.88
24.083188772201538; 0.87
24.09817886352539; 0.87
24.111587524414062; 0.87
24.126164436340332; 0.87
24.14291787147522; 0.87
24.15991711616516; 0.87
24.176324367523193; 0.87
24.19787096977234; 0.87
24.21629786491394; 0.87
24.229459285736084; 0.87
24.242015838623047; 0.87
24.255208015441895; 0.87
24.27339220046997; 0.86
24.297841548919678; 0.86
24.311115026474; 0.86
24.331300973892212; 0.86
24.348502159118652; 0.88
24.36290693283081; 0.86
24.38052272796631; 0.87
24.395695209503174; 0.87
24.411487102508545; 0.86
24.426681756973267; 0.87
24.441530466079712; 0.87
24.46373963356018; 0.86
24.4792263507843; 0.86
24.497063875198364; 0.87
24.515900135040283; 0.87
24.53080916404724; 0.86
24.54899835586548; 0.86
24.565680742263794; 0.86
24.5847647190094; 0.86
24.601682662963867; 0.86
24.61503291130066; 0.87
24.62967801094055; 0.87
24.643137454986572; 0.86
24.658310651779175; 0.85
24.68034315109253; 0.87
24.69510507583618; 0.85
24.715325355529785; 0.85
24.742201566696167; 0.85
24.755384922027588; 0.86
24.76855492591858; 0.86
24.78169083595276; 0.86
24.799923181533813; 0.85
24.82514452934265; 0.84
24.83827519416809; 0.86
24.858543634414673; 0.86
24.875274896621704; 0.86
24.88994812965393; 0.84
24.906845092773438; 0.86
24.921249866485596; 0.86
24.93868589401245; 0.85
24.953948736190796; 0.85
24.96864938735962; 0.85
24.99976086616516; 0.86
25.017741441726685; 0.86
25.032447576522827; 0.86
25.04901647567749; 0.85
25.06240153312683; 0.86
25.080645322799683; 0.85
25.096118450164795; 0.86
25.1147518157959; 0.86
25.129706859588623; 0.85
25.14929461479187; 0.85
25.162883281707764; 0.85
25.17613387107849; 0.84
25.191906452178955; 0.85
25.21064853668213; 0.85
25.226014614105225; 0.85
25.249971866607666; 0.86
25.26835346221924; 0.86
25.281511545181274; 0.85
25.29471516609192; 0.84
25.30781650543213; 0.84
25.325974225997925; 0.85
25.350761651992798; 0.85
25.363934993743896; 0.86
25.380833387374878; 0.85
25.39778709411621; 0.85
25.41368865966797; 0.85
25.428916692733765; 0.86
25.44437074661255; 0.85
25.46206545829773; 0.85
25.476587533950806; 0.86
25.494232654571533; 0.84
25.516063690185547; 0.85
25.529446363449097; 0.84
25.54495120048523; 0.85
25.562767028808594; 0.83
25.576974391937256; 0.84
25.590649127960205; 0.83
25.609123706817627; 0.85
25.629846334457397; 0.85
25.644842386245728; 0.84
25.66394591331482; 0.85
25.677626132965088; 0.85
25.69114065170288; 0.85
25.705891370773315; 0.85
25.72557306289673; 0.84
25.743053674697876; 0.84
25.76347279548645; 0.85
25.789502143859863; 0.83
25.80271625518799; 0.84
25.81589674949646; 0.85
25.829054594039917; 0.86
25.847400426864624; 0.85
25.87554669380188; 0.84
25.889813661575317; 0.85
25.907536029815674; 0.84
25.92527151107788; 0.85
25.94186496734619; 0.84
25.95714545249939; 0.85
25.97217082977295; 0.83
25.98793625831604; 0.84
26.003127098083496; 0.83
26.020143270492554; 0.84
26.037761688232422; 0.85
26.05978512763977; 0.83
26.077644109725952; 0.84
26.095163822174072; 0.85
26.113640785217285; 0.84
26.127493143081665; 0.84
26.14468026161194; 0.83
26.16174006462097; 0.84
26.181036472320557; 0.84
26.200586557388306; 0.83
26.21577763557434; 0.83
26.22957944869995; 0.84
26.24349093437195; 0.83
26.25867462158203; 0.83
26.27779507637024; 0.85
26.293811798095703; 0.84
26.30870246887207; 0.83
26.333444356918335; 0.84
26.346635580062866; 0.84
26.359835624694824; 0.84
26.372350454330444; 0.84
26.385552883148193; 0.84
26.40374732017517; 0.83
26.430769205093384; 0.84
26.44447350502014; 0.83
26.458138942718506; 0.84
26.472390174865723; 0.83
26.486699104309082; 0.83
26.501022577285767; 0.84
26.51839566230774; 0.84
26.533113718032837; 0.84
26.54840660095215; 0.84
26.5627760887146; 0.83
26.583687782287598; 0.84
26.606119871139526; 0.84
26.62202525138855; 0.83
26.642250776290894; 0.84
26.660208225250244; 0.82
26.675803661346436; 0.84
26.690330982208252; 0.84
26.71149230003357; 0.83
26.7308132648468; 0.83
26.748241186141968; 0.83
26.765114307403564; 0.85
26.77898073196411; 0.82
26.793102502822876; 0.83
26.808115482330322; 0.82
26.82729744911194; 0.82
26.843239545822144; 0.83
26.859413862228394; 0.84
26.886086225509644; 0.83
26.898611068725586; 0.83
26.911147356033325; 0.83
26.92431330680847; 0.84
26.937498092651367; 0.83
26.956238985061646; 0.83
26.98083519935608; 0.84
26.994699716567993; 0.83
27.014225006103516; 0.83
27.03020143508911; 0.84
27.045276403427124; 0.84
27.062378406524658; 0.83
27.076334953308105; 0.83
27.08980679512024; 0.83
27.104451179504395; 0.84
27.11918354034424; 0.83
27.134499549865723; 0.83
27.163808345794678; 0.84
27.17929196357727; 0.83
27.197288274765015; 0.82
27.212207078933716; 0.84
27.226197719573975; 0.82
27.24567937850952; 0.83
27.267825603485107; 0.84
27.287073373794556; 0.83
27.300873041152954; 0.83
27.316038846969604; 0.83
27.329934120178223; 0.84
27.344995498657227; 0.82
27.36400818824768; 0.82
27.37999391555786; 0.84
27.396207094192505; 0.84
27.4286789894104; 0.84
27.441248178482056; 0.83
27.45444655418396; 0.82
27.46768283843994; 0.83
27.485906839370728; 0.83
27.516720294952393; 0.83
27.530441761016846; 0.84
27.55151891708374; 0.82
27.569814205169678; 0.83
27.58578085899353; 0.83
27.60331416130066; 0.83
27.618577241897583; 0.83
27.634477376937866; 0.82
27.651453256607056; 0.83
27.665405988693237; 0.84
27.683444261550903; 0.84
27.698442459106445; 0.84
27.714024543762207; 0.83
27.734127044677734; 0.83
27.747495889663696; 0.84
27.76119565963745; 0.83
27.77965259552002; 0.83
27.798667669296265; 0.83
27.813796520233154; 0.82
27.827100038528442; 0.83
27.841957330703735; 0.83
27.855331897735596; 0.83
27.870495319366455; 0.83
27.88931941986084; 0.83
27.90651845932007; 0.84
27.926759958267212; 0.83
27.95128297805786; 0.83
27.964452981948853; 0.83
27.978339433670044; 0.82
28.004887580871582; 0.83
28.035706758499146; 0.82
28.050649404525757; 0.83
28.06907844543457; 0.82
28.085203886032104; 0.83
28.098498106002808; 0.82
28.115695238113403; 0.83
28.130337715148926; 0.83
28.14556622505188; 0.83
28.160019874572754; 0.82
28.17689800262451; 0.83
28.193588733673096; 0.83
28.214552879333496; 0.82
28.232616186141968; 0.83
28.250476837158203; 0.83
28.263796091079712; 0.84
28.277063846588135; 0.83
28.293582916259766; 0.82
28.309000968933105; 0.82
28.330915212631226; 0.82
28.34532380104065; 0.83
28.359399795532227; 0.82
28.37285804748535; 0.83
28.38617515563965; 0.83
28.400700330734253; 0.82
28.422444581985474; 0.83
28.43893337249756; 0.83
28.457334280014038; 0.82
28.48094153404236; 0.83
28.494096517562866; 0.82
28.508766889572144; 0.83
28.535383939743042; 0.82
28.563993453979492; 0.82
28.58256506919861; 0.82
28.599360466003418; 0.81
28.616556644439697; 0.82
28.63118267059326; 0.82
28.64812684059143; 0.81
28.66117262840271; 0.83
28.678273916244507; 0.82
28.69578266143799; 0.83
28.713067531585693; 0.82
28.732847452163696; 0.81
28.74943208694458; 0.83
28.76513171195984; 0.82
28.783015727996826; 0.82
28.804620027542114; 0.82
28.81811547279358; 0.82
28.836320400238037; 0.82
28.857749223709106; 0.83
28.876317024230957; 0.82
28.891624212265015; 0.82
28.910099506378174; 0.81
28.923595905303955; 0.82
28.93828845024109; 0.82
28.957897424697876; 0.83
28.975373029708862; 0.82
28.995740175247192; 0.82
29.01960062980652; 0.83
29.032771110534668; 0.82
29.046638011932373; 0.83
29.073286533355713; 0.82
29.1019606590271; 0.83
29.120779037475586; 0.82
29.137868642807007; 0.82
29.156150102615356; 0.82
29.1697359085083; 0.82
29.186922788619995; 0.82
29.200117111206055; 0.82
29.217086791992188; 0.81
29.23027515411377; 0.81
29.247193574905396; 0.82
29.271183252334595; 0.82
29.28618550300598; 0.83
29.304444313049316; 0.82
29.32233190536499; 0.83
29.335716485977173; 0.82
29.349783897399902; 0.82
29.368358850479126; 0.8
29.389142990112305; 0.82
29.4042706489563; 0.82
29.423846006393433; 0.83
29.437267780303955; 0.81
29.450682640075684; 0.82
29.467411994934082; 0.81
29.484297037124634; 0.82
29.50085973739624; 0.81
29.524235248565674; 0.82
29.539982557296753; 0.82
29.553139209747314; 0.82
29.566330194473267; 0.82
29.57971429824829; 0.82
29.597989082336426; 0.82
29.626961946487427; 0.82
29.640398025512695; 0.82
29.6575665473938; 0.82
29.678244829177856; 0.82
29.69304609298706; 0.82
29.710495471954346; 0.82
29.725709199905396; 0.82
29.740971088409424; 0.81
29.755204916000366; 0.82
29.771674156188965; 0.82
29.803431749343872; 0.82
29.81892681121826; 0.82
29.83586835861206; 0.82
29.85260272026062; 0.82
29.866026401519775; 0.82
29.882538080215454; 0.8
29.898082494735718; 0.82
29.9167320728302; 0.82
29.933618545532227; 0.81
29.94709849357605; 0.81
29.961918592453003; 0.81
29.975438833236694; 0.82
29.99015998840332; 0.81
30.01310634613037; 0.8
30.029033660888672; 0.82
30.05343198776245; 0.81
30.070986032485962; 0.81
30.084307193756104; 0.82
30.096848487854004; 0.81
30.110074758529663; 0.82
30.128262042999268; 0.81
30.15813159942627; 0.82
30.171417713165283; 0.82
30.19167184829712; 0.81
30.208359003067017; 0.81
30.223461627960205; 0.82
30.24118208885193; 0.82
30.25645923614502; 0.8
30.271222352981567; 0.82
30.28631567955017; 0.82
30.302876710891724; 0.82
30.325870990753174; 0.81
30.34136724472046; 0.81
30.35908031463623; 0.81
30.377821922302246; 0.82
30.391273975372314; 0.82
30.405508041381836; 0.82
30.42577290534973; 0.82
30.444427490234375; 0.81
30.461364030838013; 0.82
30.47633934020996; 0.82
30.49111843109131; 0.83
30.504523754119873; 0.82
30.519649267196655; 0.81
30.538626670837402; 0.81
30.555968046188354; 0.81
30.576685190200806; 0.81
30.59946632385254; 0.81
30.612033367156982; 0.8
30.624573469161987; 0.82
30.6377170085907; 0.82
30.655916929244995; 0.81
30.684467554092407; 0.81
30.701183080673218; 0.82
30.721644163131714; 0.81
30.739315271377563; 0.81
30.75423789024353; 0.82
30.77198314666748; 0.81
30.787708520889282; 0.81
30.800788640975952; 0.81
30.814570903778076; 0.81
30.83222460746765; 0.81
30.864291429519653; 0.81
30.879883766174316; 0.82
30.899757862091064; 0.8
30.91314458847046; 0.81
30.92649507522583; 0.82
30.943342924118042; 0.81
30.959784030914307; 0.81
30.978245735168457; 0.81
30.99321675300598; 0.8
31.012925148010254; 0.8
31.026296854019165; 0.82
31.039836883544922; 0.81
31.05651330947876; 0.82
31.074268341064453; 0.81
31.090424299240112; 0.81
31.115946769714355; 0.81
31.12848210334778; 0.8
31.141021728515625; 0.81
31.154219150543213; 0.82
31.167418241500854; 0.81
31.185649871826172; 0.81
31.21592950820923; 0.81
31.229127883911133; 0.81
31.243634462356567; 0.82
31.258262872695923; 0.8
31.27494215965271; 0.81
31.290302991867065; 0.82
31.308995246887207; 0.82
31.32434606552124; 0.82
31.338526725769043; 0.81
31.355700492858887; 0.81
31.372968196868896; 0.81
31.39636516571045; 0.81
31.412166357040405; 0.82
31.43005394935608; 0.81
31.443503856658936; 0.81
31.457210302352905; 0.81
31.474388599395752; 0.81
31.496801614761353; 0.81
31.51192855834961; 0.81
31.531705141067505; 0.8
31.547805309295654; 0.81
31.56402325630188; 0.81
31.58015751838684; 0.8
31.601145267486572; 0.81
31.614349603652954; 0.81
31.627528190612793; 0.81
31.64006805419922; 0.81
31.65327262878418; 0.82
31.666441917419434; 0.81
31.684587717056274; 0.82
31.71255135536194; 0.8
31.72982668876648; 0.81
31.747552394866943; 0.81
31.763116598129272; 0.81
31.78096866607666; 0.81
31.79820418357849; 0.81
31.811352014541626; 0.81
31.82806968688965; 0.81
31.84264898300171; 0.81
31.860336542129517; 0.82
31.892576932907104; 0.81
31.910720109939575; 0.81
31.930309295654297; 0.8
31.948590755462646; 0.81
31.96290421485901; 0.81
31.982282876968384; 0.81
32.00371599197388; 0.8
32.02232098579407; 0.81
32.038002490997314; 0.81
32.056769609451294; 0.81
32.074729919433594; 0.81
32.096139669418335; 0.82
32.111019134521484; 0.8
32.13380241394043; 0.8
32.14639163017273; 0.79
32.1596360206604; 0.81
32.17281222343445; 0.82
32.18597197532654; 0.82
32.204314947128296; 0.81
32.23452043533325; 0.81
32.247647285461426; 0.82
32.26638221740723; 0.81
32.28191089630127; 0.81
32.29812002182007; 0.81
32.31356477737427; 0.81
32.329055070877075; 0.82
32.34599423408508; 0.81
32.3603630065918; 0.81
32.378978967666626; 0.81
32.41135358810425; 0.8
32.426926612854004; 0.8
32.56225514411926; 0.81
32.57719850540161; 0.81
32.595088720321655; 0.8
32.613922119140625; 0.8
32.63642120361328; 0.8
32.65629267692566; 0.8
32.67002749443054; 0.81
32.68320393562317; 0.8
32.70148968696594; 0.81
32.722373485565186; 0.81
32.75073170661926; 0.81
32.7639217376709; 0.79
32.776374101638794; 0.79
32.79004788398743; 0.8
32.80848217010498; 0.7
32.83788704872131; 0.72
32.85383701324463; 0.7
32.867639780044556; 0.61
32.883023262023926; 0.59
32.897913455963135; 0.64
32.911585330963135; 0.54
32.925264835357666; 0.58
32.93980622291565; 0.56
32.95590949058533; 0.5
32.97140288352966; 0.45
32.984994411468506; 0.5
33.002742528915405; 0.42
33.02393937110901; 0.4
33.04259133338928; 0.4
33.05593180656433; 0.42
33.07359337806702; 0.35
33.09442949295044; 0.37
33.10905337333679; 0.38
33.12831377983093; 0.3
33.14532971382141; 0.28
33.165361404418945; 0.27
33.18025016784668; 0.31
33.19689893722534; 0.29
33.21245265007019; 0.21
33.235586643218994; 0.26
33.253628730773926; 0.2
33.283509254455566; 0.24
33.296656370162964; 0.18
33.309865951538086; 0.24
33.323023080825806; 0.19
33.34116840362549; 0.27
33.369709491729736; 0.24
33.38852334022522; 0.34
33.405813217163086; 0.31
33.42313075065613; 0.31
33.440959215164185; 0.39
33.458580017089844; 0.41
33.474189043045044; 0.43
33.49027466773987; 0.46
33.507426738739014; 0.42
33.52087211608887; 0.5
33.54435062408447; 0.5
33.56259799003601; 0.51
33.58259057998657; 0.53
33.59826064109802; 0.56
33.61192774772644; 0.62
33.629236459732056; 0.65
33.645543575286865; 0.67
33.66519594192505; 0.68
33.68052577972412; 0.66
33.69563841819763; 0.69
33.709256649017334; 0.77
33.723894119262695; 0.76
33.74103569984436; 0.8
33.759215354919434; 0.78
33.77513289451599; 0.81
33.79682683944702; 0.88
33.80988812446594; 0.84
33.823060035705566; 0.91
33.836225271224976; 0.92
33.84932613372803; 0.88
33.86785817146301; 0.86
33.89619421958923; 0.84
33.913220167160034; 0.81
33.93087673187256; 0.72
33.94835090637207; 0.69
33.96311140060425; 0.65
33.97944188117981; 0.63
33.994616985321045; 0.62
34.01033401489258; 0.63
34.02388334274292; 0.59
34.04145264625549; 0.59
34.060084104537964; 0.51
34.084718465805054; 0.53
34.0984320640564; 0.45
34.1158926486969; 0.43
34.133729219436646; 0.47
34.147595167160034; 0.39
34.16642427444458; 0.43
34.1834135055542; 0.4
34.202486515045166; 0.39
34.21713137626648; 0.33
34.23220157623291; 0.32
34.245909452438354; 0.35
34.260048389434814; 0.28
34.27640438079834; 0.25
34.294760942459106; 0.31
34.31090474128723; 0.3
34.33066391944885; 0.21
34.34526586532593; 0.21
34.357858180999756; 0.22
34.37051033973694; 0.25
34.3838791847229; 0.19
34.40214729309082; 0.26
34.435935258865356; 0.3
34.449455976486206; 0.26
34.46705341339111; 0.34
34.485233783721924; 0.29
34.49957609176636; 0.38
34.51660418510437; 0.35
34.53317975997925; 0.39
34.54713225364685; 0.43
34.565205812454224; 0.45
34.58483171463013; 0.43
34.60796332359314; 0.51
34.62198257446289; 0.47
34.63786244392395; 0.48
34.65289354324341; 0.52
34.67001128196716; 0.54
34.68378686904907; 0.62
34.700987815856934; 0.59
34.71776843070984; 0.6
34.736889600753784; 0.69
34.75152659416199; 0.65
34.76770544052124; 0.74
34.782217025756836; 0.69
34.796761989593506; 0.77
34.814786195755005; 0.79
34.83096981048584; 0.81
34.85056495666504; 0.77
34.87113833427429; 0.87
34.88816261291504; 0.82
34.903467416763306; 0.9
34.917941093444824; 0.87
34.94001245498657; 0.95
34.968958139419556; 0.84
34.98242449760437; 0.88
34.99705791473389; 0.8
35.02206754684448; 0.74
35.038609981536865; 0.79
35.05300450325012; 0.77
35.0705144405365; 0.72
35.083314418792725; 0.65
35.103105783462524; 0.65
35.11649966239929; 0.64
35.13443374633789; 0.63
35.153522968292236; 0.55
35.175535917282104; 0.56
35.19376587867737; 0.54
35.21138119697571; 0.46
35.23007678985596; 0.5
35.24416208267212; 0.43
35.26244807243347; 0.39
35.28129839897156; 0.41
35.300912380218506; 0.42
35.3154079914093; 0.35
35.34136509895325; 0.39
35.36393404006958; 0.38
35.39126443862915; 0.35
35.41052055358887; 0.28
35.426626443862915; 0.3
35.4518609046936; 0.29
35.469990968704224; 0.21
35.48258352279663; 0.22
35.49517560005188; 0.26
35.50830340385437; 0.19
35.52655482292175; 0.21
35.55849528312683; 0.26
35.578015089035034; 0.23
35.59949064254761; 0.33
35.61935782432556; 0.33
35.63291621208191; 0.35
35.64797496795654; 0.33
35.66235303878784; 0.34
35.67824649810791; 0.37
35.691397190093994; 0.41
35.70655584335327; 0.39
35.72562289237976; 0.42
35.75319170951843; 0.51
35.77545428276062; 0.53
35.79187607765198; 0.55
35.81136608123779; 0.53
35.82546067237854; 0.58
35.843382358551025; 0.57
35.85900831222534; 0.62
35.88203191757202; 0.63
35.89788246154785; 0.7
35.912819623947144; 0.73
35.92819952964783; 0.72
35.94688963890076; 0.78
35.96792125701904; 0.74
35.98420286178589; 0.78
36.00751352310181; 0.82
36.0270049571991; 0.82
36.04018807411194; 0.89
36.0538330078125; 0.84
36.06704139709473; 0.86
36.08588147163391; 0.95
36.1150541305542; 0.93
36.13314175605774; 0.89
36.150869369506836; 0.79
36.16712951660156; 0.77
36.180663108825684; 0.81
36.1952109336853; 0.72
36.21386098861694; 0.76
36.23065710067749; 0.73
36.24361515045166; 0.69
36.258397579193115; 0.68
36.276395320892334; 0.59
36.29559350013733; 0.61
36.31144881248474; 0.59
36.329376459121704; 0.55
36.348355770111084; 0.52
36.3630952835083; 0.52
36.37708330154419; 0.46
36.39313578605652; 0.45
36.40891671180725; 0.4
36.42770838737488; 0.44
36.4448459148407; 0.37
36.45878219604492; 0.41
36.47473669052124; 0.39
36.48864197731018; 0.32
36.50840520858765; 0.36
36.5247061252594; 0.34
36.542962312698364; 0.32
36.564351320266724; 0.31
36.57687449455261; 0.24
36.59005093574524; 0.22
36.60324716567993; 0.21
36.61714005470276; 0.25
36.63711953163147; 0.26
36.66758155822754; 0.2
36.686498403549194; 0.28
36.70418071746826; 0.31
36.72441625595093; 0.33
36.749709606170654; 0.33
36.76379108428955; 0.29
36.781484842300415; 0.38
36.80119299888611; 0.35
36.81476044654846; 0.36
36.83160209655762; 0.38
36.85163712501526; 0.44
36.86551785469055; 0.46
36.88732099533081; 0.43
36.90100598335266; 0.52
36.91490817070007; 0.49
36.93444466590881; 0.56
36.95246458053589; 0.53
36.96809506416321; 0.56
36.98222374916077; 0.63
36.999239921569824; 0.65
37.01613211631775; 0.63
37.034128189086914; 0.67
37.053683280944824; 0.68
37.07037115097046; 0.71
37.08674478530884; 0.74
37.10093712806702; 0.81
37.120564460754395; 0.78
37.13974571228027; 0.86
37.16017293930054; 0.89
37.18463110923767; 0.86
37.197864294052124; 0.94
37.21122479438782; 0.9
37.22503066062927; 0.96
37.24401378631592; 0.87
37.272390365600586; 0.8
37.28827238082886; 0.77
37.30235743522644; 0.79
37.31671690940857; 0.78
37.33185005187988; 0.69
37.345545053482056; 0.72
37.3616464138031; 0.7
37.37907433509827; 0.61
37.39357924461365; 0.66
37.41141223907471; 0.56
37.427682876586914; 0.54
37.44531226158142; 0.53
37.462504148483276; 0.55
37.47808837890625; 0.53
37.4917893409729; 0.46
37.51779770851135; 0.48
37.53582572937012; 0.4
37.55036020278931; 0.44
37.5654091835022; 0.36
37.58697867393494; 0.4
37.6074595451355; 0.36
37.62630271911621; 0.34
37.64357924461365; 0.29
37.65805459022522; 0.33
37.673447608947754; 0.32
37.69096636772156; 0.27
37.70637774467468; 0.29
37.72502303123474; 0.21
37.74851417541504; 0.25
37.7659113407135; 0.24
37.77845883369446; 0.2
37.79110622406006; 0.28
37.804352045059204; 0.24
37.822734117507935; 0.25
37.85927104949951; 0.3
37.87317943572998; 0.39
37.88678860664368; 0.33
37.90156674385071; 0.38
37.91872310638428; 0.38
37.93356513977051; 0.43
37.951202392578125; 0.43
37.9658842086792; 0.5
37.982755184173584; 0.53
37.99842953681946; 0.54
38.01667642593384; 0.56
38.03758502006531; 0.6
38.05266094207764; 0.63
38.068883419036865; 0.65
38.08694887161255; 0.62
38.11366271972656; 0.64
38.128148555755615; 0.7
38.14571928977966; 0.69
38.171098470687866; 0.77
38.191715717315674; 0.82
38.20708394050598; 0.79
38.22109866142273; 0.8
38.235039710998535; 0.88
38.252302169799805; 0.9
38.26754856109619; 0.92
38.28511667251587; 0.95
38.320361614227295; 0.97
38.357279777526855; 0.83
38.37248682975769; 0.86
38.386465072631836; 0.78
38.3996262550354; 0.81
38.41244387626648; 0.72
38.42619061470032; 0.76
38.44610929489136; 0.66
38.47773718833923; 0.62
38.4949369430542; 0.59
38.51636862754822; 0.56
38.53067326545715; 0.6
38.54341006278992; 0.52
38.56061124801636; 0.55
38.5765163898468; 0.48
38.59366965293884; 0.51
38.61587691307068; 0.49
38.629295349121094; 0.41
38.6433379650116; 0.45
38.67415952682495; 0.36
38.69654393196106; 0.34
38.714579582214355; 0.38
38.7304527759552; 0.36
38.74378824234009; 0.3
38.76579523086548; 0.28
38.782981634140015; 0.32
38.80341577529907; 0.31
38.81933331489563; 0.28
38.836766958236694; 0.29
38.854352951049805; 0.28
38.86935901641846; 0.24
38.89370608329773; 0.21
38.911683320999146; 0.2
38.927510023117065; 0.29
38.9581036567688; 0.31
38.97071552276611; 0.34
38.98382830619812; 0.29
38.99674391746521; 0.38
39.009803771972656; 0.39
39.028202295303345; 0.35
39.05645966529846; 0.44
39.07968521118164; 0.48
39.096195459365845; 0.5
39.1190459728241; 0.53
39.1322820186615; 0.49
39.15056872367859; 0.57
39.164302349090576; 0.53
39.18220925331116; 0.57
39.20319890975952; 0.58
39.2215690612793; 0.67
39.242701053619385; 0.7
39.26503086090088; 0.74
39.28210496902466; 0.76
39.3011679649353; 0.72
39.31501054763794; 0.8
39.329367876052856; 0.79
39.3480327129364; 0.84
39.371689558029175; 0.87
39.39353680610657; 0.84
39.416998624801636; 0.87
39.439974784851074; 0.95
39.45434522628784; 0.9
39.47115898132324; 0.94
39.48713755607605; 0.88
39.50222659111023; 0.82
39.52240014076233; 0.79
39.54860186576843; 0.79
39.56114315986633; 0.7
39.5743191242218; 0.75
39.5875985622406; 0.67
39.60648274421692; 0.63
39.639753580093384; 0.64
39.66448616981506; 0.54
39.68051266670227; 0.53
39.69369649887085; 0.56
39.709253549575806; 0.53
39.7236168384552; 0.46
39.739354848861694; 0.44
39.75301551818848; 0.47
39.773088455200195; 0.39
39.78652548789978; 0.44
39.80062794685364; 0.38
39.81751775741577; 0.39
39.836015939712524; 0.33
39.84947109222412; 0.37
39.87358832359314; 0.29
39.89008927345276; 0.27
39.9075243473053; 0.26
39.922622203826904; 0.25
39.942923069000244; 0.29
39.95866537094116; 0.27
39.974868059158325; 0.26
39.989726543426514; 0.25
40.00471377372742; 0.19
40.01883840560913; 0.21
40.03449773788452; 0.29
40.04769682884216; 0.25
40.06670784950256; 0.32
40.08325743675232; 0.35
40.10449504852295; 0.34
40.12433171272278; 0.39
40.15367770195007; 0.39
40.17092418670654; 0.39
40.18420076370239; 0.48
40.19749164581299; 0.49
40.21625781059265; 0.45
40.24547839164734; 0.53
40.26191473007202; 0.54
40.27796220779419; 0.54
40.2924108505249; 0.61
40.30780506134033; 0.64
40.322474241256714; 0.61
40.33621406555176; 0.69
40.35028266906738; 0.65
40.3642852306366; 0.73
40.3793728351593; 0.75
40.397550106048584; 0.78
40.41148018836975; 0.73
40.43164849281311; 0.76
40.44590926170349; 0.84
40.4661545753479; 0.8
40.480148792266846; 0.88
40.49710965156555; 0.85
40.51543188095093; 0.89
40.533334493637085; 0.95
40.55134868621826; 0.92
40.57002329826355; 0.91
40.58667755126953; 0.9
40.608545780181885; 0.86
40.63138675689697; 0.81
40.64770174026489; 0.79
40.6630220413208; 0.75
40.679433822631836; 0.74
40.69556260108948; 0.7
40.7168607711792; 0.62
40.73636841773987; 0.59
40.75291442871094; 0.56
40.77883267402649; 0.57
40.79217338562012; 0.49
40.80550003051758; 0.54
40.81869673728943; 0.46
40.83189535140991; 0.51
40.85016489028931; 0.48
40.88271379470825; 0.44
40.89688324928284; 0.39
40.91398000717163; 0.4
40.93049955368042; 0.39
40.94508457183838; 0.32
40.96016883850098; 0.35
40.9758825302124; 0.35
40.991458892822266; 0.33
41.00447392463684; 0.3
41.01785469055176; 0.27
41.03617715835571; 0.29
41.052555322647095; 0.27
41.06703019142151; 0.26
41.082242250442505; 0.19
41.10177230834961; 0.23
41.11558818817139; 0.28
41.12997603416443; 0.22
41.14511275291443; 0.3
41.163633584976196; 0.27
41.17904019355774; 0.29
41.194313287734985; 0.35
41.207520961761475; 0.33
41.22408986091614; 0.39
41.238807678222656; 0.37
41.252825021743774; 0.44
41.2680287361145; 0.45
41.28513813018799; 0.48
41.30085730552673; 0.5
41.31599950790405; 0.52
41.33041596412659; 0.48
41.34457850456238; 0.57
41.36007499694824; 0.59
41.37517762184143; 0.6
41.38908314704895; 0.57
41.41623401641846; 0.67
41.42879796028137; 0.64
41.441335678100586; 0.65
41.4546058177948; 0.72
41.468167781829834; 0.74
41.50164580345154; 0.78
41.519439697265625; 0.75
41.5359251499176; 0.77
41.551586389541626; 0.79
41.566776275634766; 0.87
41.58139133453369; 0.9
41.594757318496704; 0.85
41.61274528503418; 0.87
41.62729024887085; 0.9
41.64427995681763; 0.92
41.660213232040405; 0.88
41.675372838974; 0.9
41.68870162963867; 0.81
41.70672082901001; 0.85
41.72157025337219; 0.76
41.73463010787964; 0.8
41.751787424087524; 0.77
41.772087812423706; 0.74
41.79379987716675; 0.67
41.81643199920654; 0.61
41.8303279876709; 0.65
41.84724140167236; 0.62
41.86399221420288; 0.59
41.88080096244812; 0.54
41.89565682411194; 0.55
41.91048812866211; 0.51
41.92503476142883; 0.46
41.94158601760864; 0.43
41.95742201805115; 0.41
41.97385287284851; 0.39
41.98724627494812; 0.44
42.00184488296509; 0.36
42.018688678741455; 0.37
42.03407096862793; 0.33
42.04779124259949; 0.38
42.06590294837952; 0.29
42.08265018463135; 0.28
42.095829248428345; 0.33
42.10897922515869; 0.26
42.12220358848572; 0.31
42.13582992553711; 0.3
42.164329290390015; 0.28
42.19154357910156; 0.26
42.206380128860474; 0.24
42.220133781433105; 0.19
42.23589468002319; 0.24
42.249842166900635; 0.29
42.2650887966156; 0.27
42.279160261154175; 0.28
42.29294180870056; 0.35
42.30929446220398; 0.37
42.32605981826782; 0.39
42.34516191482544; 0.36
42.35855031013489; 0.43
42.378572940826416; 0.46
42.39198422431946; 0.42
42.41306138038635; 0.47
42.43086814880371; 0.47
42.44662141799927; 0.5
42.45982789993286; 0.57
42.47823643684387; 0.54
42.49398589134216; 0.56
42.51039242744446; 0.59
42.524991035461426; 0.61
42.54236888885498; 0.64
42.55724740028381; 0.73
42.5723922252655; 0.74
42.58792853355408; 0.77
42.60681748390198; 0.72
42.623544216156006; 0.74
42.64065194129944; 0.77
42.666975021362305; 0.82
42.686086654663086; 0.89
42.69860506057739; 0.85
42.711186170578; 0.89
42.724889039993286; 0.95
42.743908405303955; 0.9
42.77719473838806; 0.87
42.79390072822571; 0.83
42.810375928878784; 0.81
42.82455134391785; 0.84
42.83994698524475; 0.74
42.85534644126892; 0.72
42.870375633239746; 0.76
42.884891986846924; 0.71
42.902230739593506; 0.71
42.91629481315613; 0.62
42.9298141002655; 0.66
42.947975873947144; 0.64
42.965720891952515; 0.6
42.9814236164093; 0.58
43.01432967185974; 0.54
43.03963923454285; 0.44
43.05347514152527; 0.49
43.06891584396362; 0.47
43.090346336364746; 0.45
43.11025786399841; 0.37
43.12786269187927; 0.4
43.14965796470642; 0.39
43.16986274719238; 0.3
43.19103789329529; 0.28
43.20604610443115; 0.26
43.22010254859924; 0.31
43.240912199020386; 0.28
43.26056981086731; 0.22
43.276768922805786; 0.2
43.298839807510376; 0.2
43.31490635871887; 0.2
43.332260608673096; 0.26
43.352861166000366; 0.29
43.371760845184326; 0.33
43.3843789100647; 0.29
43.39704990386963; 0.36
43.411643266677856; 0.38
43.42996692657471; 0.35
43.46334648132324; 0.39
43.47816491127014; 0.45
43.49699807167053; 0.41
43.51439619064331; 0.48
43.52794814109802; 0.54
43.54324412345886; 0.55
43.558777809143066; 0.58
43.573657274246216; 0.53
43.588696002960205; 0.54
43.60388994216919; 0.63
43.62039017677307; 0.66
43.63530254364014; 0.68
43.64944100379944; 0.64
43.66410970687866; 0.73
43.68238186836243; 0.7
43.69799304008484; 0.71
43.71108818054199; 0.79
43.728266954422; 0.82
43.74370837211609; 0.82
43.76080060005188; 0.86
43.77566456794739; 0.81
43.79238486289978; 0.83
43.81059765815735; 0.92
43.826215982437134; 0.95
43.839818716049194; 0.9
43.855918884277344; 0.93
43.87246870994568; 0.89
43.89032816886902; 0.88
43.90684270858765; 0.87
43.923054695129395; 0.83
43.93691539764404; 0.77
43.9529755115509; 0.75
43.97007513046265; 0.7
43.98567199707031; 0.68
44.003748178482056; 0.64
44.0219304561615; 0.67
44.03451156616211; 0.6
44.04743218421936; 0.59
44.060706615448; 0.6
44.0747013092041; 0.53
44.094401836395264; 0.56
44.12299656867981; 0.46
44.13840937614441; 0.48
44.15332341194153; 0.49
44.16993522644043; 0.47
44.18389701843262; 0.39
44.20206952095032; 0.37
44.21612477302551; 0.41
44.23113250732422; 0.39
44.244744062423706; 0.35
44.25898861885071; 0.37
44.277780055999756; 0.35
44.293081283569336; 0.33
44.308289766311646; 0.26
44.32193470001221; 0.31
44.340588331222534; 0.23
44.35607028007507; 0.23
44.37012195587158; 0.27
44.38753914833069; 0.26
44.40437173843384; 0.2
44.423946142196655; 0.21
44.44252562522888; 0.28
44.461968660354614; 0.25
44.481027126312256; 0.34
44.503490924835205; 0.37
44.51916790008545; 0.39
44.5330171585083; 0.34
44.55175971984863; 0.4
44.570561170578; 0.45
44.58881950378418; 0.41
44.608006715774536; 0.5
44.6251745223999; 0.53
44.64285707473755; 0.49
44.65889501571655; 0.54
44.68229055404663; 0.54
44.7010452747345; 0.63
44.71421265602112; 0.59
44.72688174247742; 0.66
44.740100622177124; 0.68
44.759390115737915; 0.65
44.79301691055298; 0.72
44.81327795982361; 0.78
44.83227014541626; 0.76
44.85229134559631; 0.84
44.86749315261841; 0.86
44.88298773765564; 0.87
44.90371918678284; 0.85
44.92354083061218; 0.94
44.9375274181366; 0.93
44.95223522186279; 0.92
44.971675395965576; 0.95
44.98886251449585; 0.93
45.007617712020874; 0.81
45.02086400985718; 0.85
45.039899587631226; 0.76
45.0583062171936; 0.72
45.07237505912781; 0.74
45.08862519264221; 0.73
45.10437607765198; 0.65
45.12110447883606; 0.62
45.140626430511475; 0.64
45.156256914138794; 0.63
45.17977857589722; 0.6
45.19523215293884; 0.58
45.21210217475891; 0.55
45.2308931350708; 0.47
45.24719858169556; 0.43
45.26113963127136; 0.48
45.27835011482239; 0.42
45.29771137237549; 0.44
45.31636667251587; 0.38
45.33302187919617; 0.33
45.35008096694946; 0.33
45.37289834022522; 0.32
45.4025092124939; 0.32
45.41504955291748; 0.25
45.42914533615112; 0.3
45.462228775024414; 0.22
45.49536156654358; 0.25
45.5139319896698; 0.19
45.52881622314453; 0.26
45.545584201812744; 0.27
45.56022763252258; 0.29
45.615203857421875; 0.27
45.629324197769165; 0.35
45.644524812698364; 0.31
45.681628465652466; 0.41
45.695239305496216; 0.38
45.70971179008484; 0.4
45.72844862937927; 0.43
45.74332332611084; 0.44
45.764474391937256; 0.5
45.77878713607788; 0.55
45.79276084899902; 0.51
45.81475210189819; 0.53
45.83531832695007; 0.63
45.850367307662964; 0.64
45.87000823020935; 0.62
45.8937304019928; 0.64
45.917142152786255; 0.74
45.943119287490845; 0.72
45.96527147293091; 0.74
45.9802041053772; 0.83
46.00330853462219; 0.85
46.025237798690796; 0.88
46.03972029685974; 0.87
46.062092542648315; 0.87
46.08275818824768; 0.96
46.10301446914673; 0.93
46.11928367614746; 0.88
46.14435410499573; 0.88
46.162858724594116; 0.8
46.17538666725159; 0.84
46.18794083595276; 0.79
46.2013463973999; 0.73
46.22014856338501; 0.76
46.253406047821045; 0.7
46.26755094528198; 0.68
46.281269788742065; 0.59
46.30271768569946; 0.56
46.3196337223053; 0.54
46.33521509170532; 0.51
46.35084629058838; 0.52
46.36675810813904; 0.46
46.38555192947388; 0.51
46.39983773231506; 0.41
46.417890787124634; 0.47
46.441601037979126; 0.38
46.457194089889526; 0.39
46.47934675216675; 0.37
46.499958515167236; 0.38
46.51429343223572; 0.3
46.52878761291504; 0.3
46.545674562454224; 0.26
46.56375598907471; 0.25
46.58039855957031; 0.25
46.60106086730957; 0.23
46.62649083137512; 0.27
46.642972469329834; 0.26
46.663556814193726; 0.23
46.68896174430847; 0.28
46.70509076118469; 0.3
46.72510647773743; 0.27
46.753429651260376; 0.3
46.76654243469238; 0.38
46.779056787490845; 0.34
46.79233980178833; 0.41
46.81069040298462; 0.43
46.84332585334778; 0.42
46.85791635513306; 0.5
46.871535301208496; 0.46
46.89216136932373; 0.49
46.90945482254028; 0.52
46.92483186721802; 0.59
46.95146465301514; 0.63
46.96871089935303; 0.58
46.98953080177307; 0.67
47.005019426345825; 0.63
47.02223038673401; 0.72
47.04654407501221; 0.69
47.06533193588257; 0.75
47.0793251991272; 0.74
47.101173400878906; 0.84
47.11555576324463; 0.8
47.129414796829224; 0.82
47.14755082130432; 0.82
47.16388392448425; 0.85
47.18376708030701; 0.94
47.19836378097534; 0.96
47.213704109191895; 0.91
47.227619647979736; 0.94
47.241493940353394; 0.93
47.25710964202881; 0.91
47.27682614326477; 0.81
47.29516673088074; 0.84
47.31069254875183; 0.8
47.34095215797424; 0.69
47.35465478897095; 0.72
47.36723256111145; 0.69
47.3798463344574; 0.62
47.393619537353516; 0.67
47.41270136833191; 0.58
47.44774913787842; 0.59
47.46563172340393; 0.51
47.482041120529175; 0.48
47.4964804649353; 0.51
47.510560512542725; 0.43
47.527700901031494; 0.43
47.54210162162781; 0.4
47.55773210525513; 0.44
47.57230544090271; 0.36
47.58764934539795; 0.35
47.6042377948761; 0.37
47.626248836517334; 0.32
47.64123463630676; 0.35
47.65741539001465; 0.34
47.67301654815674; 0.31
47.69209337234497; 0.24
47.70617938041687; 0.29
47.724311113357544; 0.27
47.74656009674072; 0.2
47.761192083358765; 0.25
47.775381565093994; 0.19
47.78998374938965; 0.25
47.803749799728394; 0.28
47.82958960533142; 0.28
47.84744620323181; 0.27
47.86821746826172; 0.36
47.89797830581665; 0.39
47.91054177284241; 0.36
47.9231481552124; 0.43
47.93638730049133; 0.44
47.95141124725342; 0.45
47.97101354598999; 0.43
48.001280069351196; 0.54
48.01547050476074; 0.49
48.03364157676697; 0.58
48.04871606826782; 0.55
48.06290650367737; 0.6
48.076764822006226; 0.61
48.09421896934509; 0.68
48.10851168632507; 0.63
48.126450538635254; 0.66
48.13994312286377; 0.74
48.1574604511261; 0.7
48.17968797683716; 0.79
48.201847314834595; 0.82
48.22502326965332; 0.84
48.24419283866882; 0.81
48.25788331031799; 0.9
48.27250599861145; 0.91
48.29161214828491; 0.88
48.30669379234314; 0.96
48.327375411987305; 0.98
48.3413245677948; 0.9
48.35663962364197; 0.88
48.370394468307495; 0.88
48.38602924346924; 0.79
48.40438222885132; 0.81
48.426896810531616; 0.79
48.45691919326782; 0.74
48.478171586990356; 0.67
48.49208354949951; 0.64
48.5046923160553; 0.67
48.51777720451355; 0.59
48.5361852645874; 0.56
48.56693625450134; 0.51
48.581623554229736; 0.55
48.595248222351074; 0.47
48.61390662193298; 0.44
48.635284423828125; 0.48
48.65044546127319; 0.4
48.667805910110474; 0.44
48.68567132949829; 0.42
48.70161843299866; 0.39
48.71564054489136; 0.35
48.73289966583252; 0.36
48.75549006462097; 0.35
48.7717924118042; 0.28
48.78809452056885; 0.25
48.80288219451904; 0.29
48.817537784576416; 0.29
48.83595514297485; 0.21
48.854653120040894; 0.26
48.8716402053833; 0.25
48.89117932319641; 0.19
48.9057343006134; 0.26
48.919633865356445; 0.29
48.93454647064209; 0.25
48.94848656654358; 0.32
48.963504791259766; 0.35
48.983798027038574; 0.32
49.00359916687012; 0.39
49.02633333206177; 0.43
49.05417990684509; 0.46
49.07019782066345; 0.42
49.08344650268555; 0.45
49.09701323509216; 0.51
49.115692377090454; 0.53
49.14703178405762; 0.52
49.161877393722534; 0.54
49.17618441581726; 0.62
49.19645929336548; 0.65
49.21426868438721; 0.68
49.230101108551025; 0.71
49.248541831970215; 0.67
49.26473665237427; 0.7
49.27922201156616; 0.78
49.29690599441528; 0.75
49.31051278114319; 0.82
49.335633516311646; 0.79
49.352365493774414; 0.81
49.377172231674194; 0.85
49.392163038253784; 0.91
49.40615224838257; 0.94
49.41995859146118; 0.9
49.438562631607056; 0.94
49.46041464805603; 0.91
49.47933888435364; 0.85
49.49498748779297; 0.86
49.50882315635681; 0.77
49.522791624069214; 0.8
49.53794479370117; 0.79
49.55783271789551; 0.7
49.57560205459595; 0.72
49.59641671180725; 0.62
49.625181436538696; 0.59
49.638381481170654; 0.62
49.65155220031738; 0.54
49.6649808883667; 0.58
49.683377265930176; 0.52
49.716599225997925; 0.47
49.732372522354126; 0.5
49.74619746208191; 0.42
49.7645537853241; 0.4
49.786133766174316; 0.38
49.801860332489014; 0.36
49.81849551200867; 0.36
49.832926750183105; 0.32
49.85032343864441; 0.31
49.86617875099182; 0.29
49.88360238075256; 0.28
49.90656638145447; 0.31
49.92396306991577; 0.24
49.94021463394165; 0.22
49.955047369003296; 0.26
49.972097873687744; 0.22
49.98693370819092; 0.25
50.00418210029602; 0.26
50.02064561843872; 0.29
50.04404330253601; 0.25
50.05890941619873; 0.29
50.07387685775757; 0.36
50.08764600753784; 0.31
50.10698962211609; 0.4
50.127803564071655; 0.42
50.143887758255005; 0.44
50.16288876533508; 0.42
50.190396547317505; 0.45
50.20912003517151; 0.53
50.22229480743408; 0.5
50.235472202301025; 0.5
50.24864721298218; 0.53
50.26688861846924; 0.61
50.302973985672; 0.66
50.31777024269104; 0.68
50.331427335739136; 0.65
50.34875464439392; 0.67
50.368252992630005; 0.76
50.38138794898987; 0.71
50.39498257637024; 0.77
50.4124915599823; 0.82
50.42600703239441; 0.78
50.4406521320343; 0.87
50.4578537940979; 0.82
50.477097511291504; 0.91
50.504103660583496; 0.94
50.527971267700195; 0.97
50.54652738571167; 0.91
50.564215898513794; 0.91
50.57862901687622; 0.82
50.60103225708008; 0.86
50.618603229522705; 0.82
50.63488984107971; 0.79
50.65003442764282; 0.75
50.664766788482666; 0.68
50.67848181724548; 0.72
50.692508935928345; 0.65
50.707908630371094; 0.62
50.731709718704224; 0.63
50.74662971496582; 0.55
50.76685428619385; 0.55
50.794931173324585; 0.48
50.808146715164185; 0.52
50.82089376449585; 0.45
50.83403658866882; 0.48
50.85232424736023; 0.46
50.885993003845215; 0.37
50.90443658828735; 0.36
50.918519258499146; 0.39
50.93893599510193; 0.35
50.95342516899109; 0.3
50.96693277359009; 0.34
50.984535455703735; 0.33
50.99817991256714; 0.24
51.01601958274841; 0.29
51.03094244003296; 0.22
51.04833745956421; 0.27
51.06852960586548; 0.19
51.090768814086914; 0.19
51.10440516471863; 0.27
51.1229465007782; 0.28
51.141703605651855; 0.25
51.15591216087341; 0.33
51.17393374443054; 0.29
51.19067168235779; 0.38
51.20647311210632; 0.39
51.22469353675842; 0.37
51.23885917663574; 0.43
51.26728701591492; 0.47
51.284611225128174; 0.47
51.30528736114502; 0.51
51.3239951133728; 0.48
51.355834007263184; 0.55
51.374303340911865; 0.58
51.38689351081848; 0.63
51.39950203895569; 0.59
51.4128201007843; 0.61
51.43125534057617; 0.71
51.46868824958801; 0.76
51.483336448669434; 0.71
51.497862815856934; 0.79
51.5121591091156; 0.74
51.526992321014404; 0.77
51.5417046546936; 0.85
51.55834698677063; 0.88
51.57426714897156; 0.89
51.59079146385193; 0.93
51.61109399795532; 0.91
51.625118017196655; 0.96
51.639026165008545; 0.92
51.66061282157898; 0.9
51.6769380569458; 0.92
51.6983916759491; 0.88
51.718934774398804; 0.78
51.73452925682068; 0.75
51.758522033691406; 0.76
51.77864217758179; 0.67
51.79785084724426; 0.64
51.812416553497314; 0.65
51.8278923034668; 0.65
51.84227132797241; 0.63
51.85659456253052; 0.56
51.877474308013916; 0.59
51.89544653892517; 0.5
51.91627478599548; 0.52
51.94469141960144; 0.43
51.957199811935425; 0.47
51.96981716156006; 0.43
51.983274936676025; 0.38
52.00148272514343; 0.42
52.03541350364685; 0.39
52.0547308921814; 0.3
52.06893849372864; 0.35
52.0893988609314; 0.33
52.10944056510925; 0.27
52.12603044509888; 0.24
52.14176535606384; 0.22
52.15617251396179; 0.28
52.17305517196655; 0.26
52.18864369392395; 0.26
52.2029128074646; 0.18
52.22170948982239; 0.27
52.24041533470154; 0.22
52.25672125816345; 0.25
52.27450919151306; 0.27
52.29486656188965; 0.29
52.30864906311035; 0.38
52.325737953186035; 0.4
52.344924449920654; 0.36
52.366146087646484; 0.39
52.385759115219116; 0.48
52.40241193771362; 0.43
52.416717529296875; 0.51
52.431435346603394; 0.54
52.4524610042572; 0.53
52.46749544143677; 0.53
52.48822021484375; 0.59
52.51201891899109; 0.66
52.53051972389221; 0.67
52.543017864227295; 0.64
52.55625128746033; 0.72
52.56963610649109; 0.69
52.587751626968384; 0.7
52.624671459198; 0.81
52.63922691345215; 0.83
52.652974367141724; 0.79
52.66859674453735; 0.83
52.68304443359375; 0.89
52.70018458366394; 0.91
52.71665024757385; 0.92
52.73103642463684; 0.95
52.747621059417725; 0.98
52.760703325271606; 0.9
52.776896715164185; 0.87
52.794678688049316; 0.88
52.819045066833496; 0.8
52.833048582077026; 0.83
52.853203773498535; 0.73
52.86943531036377; 0.7
52.89010190963745; 0.67
52.906009674072266; 0.7
52.923240423202515; 0.61
52.943018198013306; 0.57
52.963523149490356; 0.61
52.97996139526367; 0.56
52.99549198150635; 0.5
53.01063799858093; 0.54
53.02396273612976; 0.47
53.050666093826294; 0.47
53.066962242126465; 0.43
53.086535930633545; 0.43
53.11547374725342; 0.41
53.12800168991089; 0.36
53.1420533657074; 0.34
53.155380964279175; 0.38
53.17387819290161; 0.29
53.207653760910034; 0.29
53.23227596282959; 0.25
53.246718645095825; 0.29
53.26428437232971; 0.26
53.28446960449219; 0.26
53.29936647415161; 0.18
53.32002878189087; 0.2
53.33288288116455; 0.28
53.35337710380554; 0.24
53.36675691604614; 0.32
53.38536095619202; 0.28
53.40016531944275; 0.37
53.42135453224182; 0.39
53.438414335250854; 0.37
53.458619356155396; 0.43
53.476120710372925; 0.45
53.492095708847046; 0.48
53.507636308670044; 0.51
53.52665305137634; 0.47
53.546966791152954; 0.56
53.56176996231079; 0.58
53.57798528671265; 0.61
53.59449243545532; 0.63
53.61263132095337; 0.6
53.62657141685486; 0.68
53.64234757423401; 0.7
53.65968084335327; 0.73
53.675177335739136; 0.75
53.69215679168701; 0.77
53.71552872657776; 0.76
53.734028816223145; 0.84
53.74802350997925; 0.78
53.76058578491211; 0.87
53.773715019226074; 0.88
53.791987657547; 0.86
53.82584810256958; 0.97
53.84855914115906; 0.97
53.863632917404175; 0.95
53.87741780281067; 0.85
53.8938627243042; 0.83
53.91127848625183; 0.78
53.92695236206055; 0.81
53.944098711013794; 0.79
53.9637496471405; 0.75
53.97848391532898; 0.73
53.9975860118866; 0.64
54.01242971420288; 0.67
54.026676177978516; 0.65
54.04690432548523; 0.56
54.06877160072327; 0.53
54.08504009246826; 0.49
54.10576868057251; 0.53
54.12877631187439; 0.44
54.14497375488281; 0.41
54.16257929801941; 0.44
54.17940592765808; 0.44
54.196751832962036; 0.42
54.21600103378296; 0.38
54.23184108734131; 0.34
54.24630284309387; 0.32
54.260507106781006; 0.35
54.275912046432495; 0.34
54.296876430511475; 0.32
54.31617450714111; 0.24
54.33805799484253; 0.22
54.36783313751221; 0.25
54.38038396835327; 0.19
54.39365482330322; 0.25
54.407281160354614; 0.2
54.42177605628967; 0.29
54.44503617286682; 0.31
54.47909951210022; 0.37
54.49737310409546; 0.39
54.51546049118042; 0.4
54.52935791015625; 0.37
54.5448477268219; 0.39
54.558574199676514; 0.45
54.57246804237366; 0.41
54.58616304397583; 0.5
54.60412120819092; 0.52
54.61800169944763; 0.48
54.63320779800415; 0.56
54.64703869819641; 0.52
54.660956621170044; 0.59
54.67790174484253; 0.58
54.69542384147644; 0.59
54.71977138519287; 0.69
54.7402663230896; 0.67
54.755595207214355; 0.68
54.769094944000244; 0.76
54.790417194366455; 0.78
54.8183696269989; 0.76
54.834511041641235; 0.78
54.84990668296814; 0.81
54.87181735038757; 0.84
54.89404034614563; 0.87
54.917404651641846; 0.9
54.935832023620605; 0.98
54.959025144577026; 0.93
54.99090576171875; 0.91
55.0040864944458; 0.9
55.01665639877319; 0.9
55.030011892318726; 0.89
55.0486204624176; 0.9
55.08138871192932; 0.89
55.105154037475586; 0.87
55.12070655822754; 0.89
55.134421825408936; 0.88
55.148682832717896; 0.88
55.16365671157837; 0.88
55.178484201431274; 0.87
55.19762945175171; 0.87
55.21432137489319; 0.87
55.23007273674011; 0.88
55.244993686676025; 0.87
55.262906551361084; 0.87
55.28694295883179; 0.88
55.30298590660095; 0.87
55.320310831069946; 0.87
55.33629107475281; 0.87
55.35654377937317; 0.87
55.37046575546265; 0.86
55.38873481750488; 0.87
55.405179500579834; 0.88
55.42552995681763; 0.87
55.44214606285095; 0.87
55.461618423461914; 0.86
55.48350811004639; 0.86
55.4991455078125; 0.86
55.51689076423645; 0.86
55.53309369087219; 0.85
55.555458784103394; 0.86
55.58796691894531; 0.86
55.600595235824585; 0.85
55.615548610687256; 0.86
55.62901973724365; 0.86
55.64220070838928; 0.86
55.66048073768616; 0.85
55.693270206451416; 0.86
55.71335315704346; 0.85
55.728333950042725; 0.85
55.745646715164185; 0.85
55.76549553871155; 0.86
55.77869439125061; 0.85
55.792696952819824; 0.85
55.80903220176697; 0.84
55.82332801818848; 0.84
55.83747577667236; 0.84
55.853917360305786; 0.85
55.8679404258728; 0.84
55.893596172332764; 0.83
55.907711029052734; 0.85
55.93114972114563; 0.85
55.95299744606018; 0.85
55.97099685668945; 0.85
55.98574733734131; 0.85
56.00445890426636; 0.84
56.02704668045044; 0.85
56.04695391654968; 0.84
56.06155276298523; 0.84
56.077308177948; 0.84
56.091363191604614; 0.85
56.10537791252136; 0.85
56.12286615371704; 0.84
56.138875007629395; 0.85
56.15393614768982; 0.84
56.18491744995117; 0.84
56.20313310623169; 0.84
56.215672969818115; 0.85
56.228240728378296; 0.84
56.24150729179382; 0.84
56.259721994400024; 0.84
56.29253578186035; 0.83
56.316102266311646; 0.84
56.33142161369324; 0.84
56.34928631782532; 0.83
56.367100954055786; 0.85
56.38430976867676; 0.84
56.3998761177063; 0.84
56.416399240493774; 0.84
56.433659076690674; 0.84
56.44964361190796; 0.83
56.46773600578308; 0.83
56.494086265563965; 0.84
56.50812005996704; 0.84
56.53045320510864; 0.83
56.54985451698303; 0.83
56.563693046569824; 0.83
56.57834839820862; 0.84
56.59666442871094; 0.84
56.61931657791138; 0.83
56.64281511306763; 0.83
56.65687894821167; 0.84
56.67221546173096; 0.83
56.68661904335022; 0.84
56.70198345184326; 0.83
56.722139835357666; 0.84
56.737449169158936; 0.83
56.753838300704956; 0.84
56.79033660888672; 0.84
56.80354928970337; 0.84
56.81676983833313; 0.84
56.83053398132324; 0.84
56.84874176979065; 0.82
56.88656449317932; 0.82
56.90561389923096; 0.83
56.91927194595337; 0.84
56.93481230735779; 0.83
56.950066804885864; 0.83
56.96429967880249; 0.82
56.98078918457031; 0.82
56.99514174461365; 0.82
57.00966477394104; 0.83
57.02492070198059; 0.82
57.03977394104004; 0.82
57.057950496673584; 0.82
57.08285641670227; 0.83
57.0986852645874; 0.83
57.11874055862427; 0.84
57.135926246643066; 0.82
57.153339862823486; 0.83
57.173089027404785; 0.82
57.19119715690613; 0.82
57.207812786102295; 0.83
57.228437662124634; 0.82
57.248366355895996; 0.83
57.26577544212341; 0.83
57.281301736831665; 0.82
57.3041467666626; 0.82
57.32173466682434; 0.83
57.339932441711426; 0.83
57.37085962295532; 0.82
57.384050369262695; 0.81
57.39659094810486; 0.84
57.40918302536011; 0.83
57.422133922576904; 0.83
57.44095706939697; 0.82
57.47905087471008; 0.83
57.493873834609985; 0.83
57.50762391090393; 0.82
57.52743363380432; 0.83
57.54500389099121; 0.83
57.559741258621216; 0.82
57.57673931121826; 0.83
57.592124938964844; 0.83
57.608354806900024; 0.82
57.62213587760925; 0.82
57.63595795631409; 0.82
57.65395474433899; 0.82
57.68044829368591; 0.82
57.70306658744812; 0.82
57.72340750694275; 0.83
57.74324941635132; 0.81
57.7578182220459; 0.81
57.77712368965149; 0.82
57.79682111740112; 0.81
57.814512729644775; 0.82
57.83261704444885; 0.81
57.84618544578552; 0.82
57.86368465423584; 0.82
57.87896203994751; 0.82
57.89968276023865; 0.81
57.9148473739624; 0.82
57.92975616455078; 0.82
57.955416202545166; 0.83
57.96800231933594; 0.81
57.98059344291687; 0.82
57.99310564994812; 0.82
58.00755763053894; 0.82
58.02589964866638; 0.82
58.05867147445679; 0.82
58.08182692527771; 0.82
58.098278760910034; 0.82
58.11721181869507; 0.82
58.13610863685608; 0.82
58.15569257736206; 0.82
58.17366671562195; 0.82
58.18888211250305; 0.81
58.20446252822876; 0.81
58.22017240524292; 0.82
58.23782992362976; 0.82
58.261717557907104; 0.82
58.27749538421631; 0.82
58.29423642158508; 0.82
58.31606602668762; 0.82
58.33046007156372; 0.83
58.344324827194214; 0.82
58.366065979003906; 0.82
58.38261675834656; 0.82
58.40252375602722; 0.8
58.41713356971741; 0.82
58.43165159225464; 0.82
58.44867730140686; 0.82
58.46441721916199; 0.82
58.48024773597717; 0.82
58.50621008872986; 0.73
58.5262188911438; 0.82
58.54253602027893; 0.8
58.56936073303223; 0.82
58.58193278312683; 0.82
58.594489097595215; 0.81
58.60787653923035; 0.81
58.62665605545044; 0.8
58.6596143245697; 0.82
58.68759894371033; 0.81
58.70228624343872; 0.82
58.719714879989624; 0.8
58.73893880844116; 0.82
58.75421595573425; 0.82
58.77094054222107; 0.75
58.78970718383789; 0.81
58.808396100997925; 0.82
58.82356381416321; 0.8
58.84217190742493; 0.81
58.86718392372131; 0.81
58.88280940055847; 0.81
58.89642834663391; 0.82
58.91448378562927; 0.82
58.92915654182434; 0.81
58.94318604469299; 0.74
58.9578652381897; 0.8
58.97632598876953; 0.81
58.998533725738525; 0.81
59.019322872161865; 0.81
59.03434753417969; 0.81
59.05103373527527; 0.8
59.071725606918335; 0.81
59.08893632888794; 0.81
59.105666637420654; 0.81
59.12204360961914; 0.81
59.142985105514526; 0.81
59.169633626937866; 0.82
59.182151794433594; 0.81
59.195340156555176; 0.81
59.20936703681946; 0.8
59.2276074886322; 0.8
59.26551365852356; 0.8
59.285544872283936; 0.81
59.299288749694824; 0.82
59.313063859939575; 0.81
59.32836127281189; 0.81
59.34247183799744; 0.81
59.357614517211914; 0.81
59.37616539001465; 0.82
59.390894651412964; 0.81
59.40819716453552; 0.81
59.42423868179321; 0.8
59.44244027137756; 0.8
59.46014451980591; 0.81
59.482234716415405; 0.8
59.49860215187073; 0.81
59.519466400146484; 0.81
59.53369164466858; 0.81
59.54747986793518; 0.81
59.56631398200989; 0.81
59.5823609828949; 0.81
59.6015522480011; 0.82
59.61618161201477; 0.81
59.63115954399109; 0.81
59.64512538909912; 0.8
59.662062883377075; 0.81
59.67798829078674; 0.8
59.69862651824951; 0.81
59.71739912033081; 0.81
59.737141609191895; 0.8
59.76568794250488; 0.81
59.77819561958313; 0.8
59.79080367088318; 0.81
59.80412316322327; 0.81
59.82273077964783; 0.8
59.86077404022217; 0.8
59.88496518135071; 0.8
59.899112939834595; 0.8
59.91411089897156; 0.81
59.92886257171631; 0.81
59.94413685798645; 0.81
59.958300828933716; 0.81
59.976088762283325; 0.81
59.993703842163086; 0.8
60.007243394851685; 0.81
60.02213382720947; 0.8
60.04053544998169; 0.81
60.06545400619507; 0.81
60.080198526382446; 0.81
60.103042125701904; 0.8
60.124364376068115; 0.81
60.13831067085266; 0.81
60.152045488357544; 0.81
60.17075443267822; 0.81
60.186904191970825; 0.8
60.20358204841614; 0.8
60.218966007232666; 0.8
60.2343430519104; 0.8
60.250104665756226; 0.81
60.26660752296448; 0.81
60.286009788513184; 0.79
60.30375361442566; 0.79
60.31987547874451; 0.81
60.341259479522705; 0.81
60.36626219749451; 0.79
60.378790855407715; 0.8
60.39142894744873; 0.8
60.404767751693726; 0.79
60.422926902770996; 0.81
60.45580196380615; 0.81
60.481263160705566; 0.79
60.498377323150635; 0.8
60.51975703239441; 0.81
60.538132667541504; 0.8
60.55300688743591; 0.79
60.56723070144653; 0.8
60.581305742263794; 0.79
60.59893465042114; 0.8
60.61259841918945; 0.8
60.63152718544006; 0.81
60.646218061447144; 0.8
60.667153120040894; 0.79
60.68202996253967; 0.8
60.695979595184326; 0.79
60.71315956115723; 0.8
60.733997106552124; 0.81
60.74868440628052; 0.8
60.766496896743774; 0.8
60.78438758850098; 0.81
60.80259323120117; 0.8
60.81826138496399; 0.81
60.83414316177368; 0.79
60.8481023311615; 0.8
60.863117933273315; 0.79
60.878997802734375; 0.8
60.89852046966553; 0.79
60.91474366188049; 0.81
60.93909478187561; 0.8
60.963621377944946; 0.79
60.976866483688354; 0.8
60.990885734558105; 0.81
61.00414061546326; 0.8
61.02246022224426; 0.8
61.06038212776184; 0.8
61.08148169517517; 0.8
61.096046686172485; 0.8
61.11384725570679; 0.79
61.13252830505371; 0.8
61.14655303955078; 0.79
61.16718602180481; 0.8
61.18284630775452; 0.8
61.200647592544556; 0.8
61.21577024459839; 0.8
61.2319278717041; 0.8
61.25120687484741; 0.8
61.272971630096436; 0.8
61.29397177696228; 0.79
61.31094765663147; 0.79
61.32843375205994; 0.8
61.34473991394043; 0.8
61.3631374835968; 0.8
61.379146337509155; 0.8
61.39874315261841; 0.79
61.413501262664795; 0.8
61.42839336395264; 0.79
61.44295024871826; 0.79
61.45696997642517; 0.8
61.4730269908905; 0.79
61.49039936065674; 0.79
61.505563497543335; 0.8
61.52201271057129; 0.8
61.54304575920105; 0.8
61.55960416793823; 0.8
61.57214045524597; 0.79
61.58600854873657; 0.81
61.60021996498108; 0.79
61.61832356452942; 0.8
61.65410351753235; 0.8
61.6783881187439; 0.8
61.69295835494995; 0.8
61.7108838558197; 0.8
61.72852826118469; 0.8
61.741947412490845; 0.79
61.7559335231781; 0.8
61.77237796783447; 0.79
61.78572058677673; 0.8
61.801966190338135; 0.8
61.8183057308197; 0.8
61.83771324157715; 0.8
61.86824679374695; 0.8
61.884886264801025; 0.8
61.90598177909851; 0.8
61.920337200164795; 0.8
61.93418312072754; 0.8
61.95153021812439; 0.79
61.967673540115356; 0.78
61.98691010475159; 0.8
62.0056312084198; 0.8
62.019598722457886; 0.79
62.03930425643921; 0.79
62.05593156814575; 0.8
62.07413053512573; 0.8
62.08910846710205; 0.81
62.10490560531616; 0.79
62.12547969818115; 0.79
62.14983606338501; 0.79
62.162354469299316; 0.79
62.17553377151489; 0.79
62.1897075176239; 0.8
62.20800185203552; 0.79
62.240752935409546; 0.79
62.268375873565674; 0.79
62.28385138511658; 0.8
62.29954123497009; 0.8
62.31365394592285; 0.8
62.32812523841858; 0.78
62.342769622802734; 0.8
62.35851526260376; 0.79
62.375558376312256; 0.8
62.3888680934906; 0.8
62.40301275253296; 0.8
62.4203417301178; 0.8
62.44457125663757; 0.8
62.45990705490112; 0.8
62.476184368133545; 0.8
62.497109174728394; 0.81
62.51127552986145; 0.79
62.525399923324585; 0.79
62.54274940490723; 0.8
62.56000638008118; 0.8
62.57907581329346; 0.79
62.59382438659668; 0.79
62.60826897621155; 0.79
62.623032569885254; 0.79
62.63788866996765; 0.8
62.65115022659302; 0.79
62.67005181312561; 0.79
62.68604755401611; 0.8
62.702507734298706; 0.79
62.72122597694397; 0.79
62.73848819732666; 0.79
62.751612424850464; 0.79
62.76473903656006; 0.8
62.777942180633545; 0.78
62.79609823226929; 0.79
62.83396768569946; 0.79
62.85675644874573; 0.79
62.87049078941345; 0.79
62.88821816444397; 0.79
62.906511306762695; 0.79
62.92016053199768; 0.8
62.937912702560425; 0.79
62.95221734046936; 0.8
62.96994137763977; 0.79
62.98493313789368; 0.8
63.00300931930542; 0.79
63.01573133468628; 0.79
63.034539461135864; 0.79
63.04842567443848; 0.8
63.06980085372925; 0.8
63.089812994003296; 0.78
63.106078147888184; 0.8
63.120638608932495; 0.79
63.139429330825806; 0.78
63.15473484992981; 0.79
63.17481565475464; 0.79
63.18861699104309; 0.79
63.204089641571045; 0.79
63.218257188797; 0.79
63.23218870162964; 0.79
63.24933409690857; 0.79
63.26807188987732; 0.79
63.285314321517944; 0.79
63.3067946434021; 0.8
63.32457160949707; 0.79
63.337764263153076; 0.79
63.350958585739136; 0.79
63.36447739601135; 0.79
63.382625341415405; 0.79
63.41546654701233; 0.79
63.44063687324524; 0.8
63.45845293998718; 0.78
63.47658443450928; 0.79
63.494481325149536; 0.79
63.50804877281189; 0.78
63.52169942855835; 0.78
63.535059452056885; 0.79
63.55025553703308; 0.8
63.56541681289673; 0.79
63.58047389984131; 0.78
63.59914541244507; 0.79
63.622339487075806; 0.78
63.63868236541748; 0.79
63.65313506126404; 0.79
63.67025327682495; 0.79
63.6856849193573; 0.78
63.69999957084656; 0.79
63.71739196777344; 0.79
63.73418736457825; 0.79
63.749443769454956; 0.79
63.77128601074219; 0.8
63.78517246246338; 0.79
63.80494713783264; 0.79
63.826303005218506; 0.79
63.84183692932129; 0.8
63.858168601989746; 0.79
63.87723684310913; 0.78
63.88978433609009; 0.78
63.902886629104614; 0.8
63.91605567932129; 0.79
63.92920637130737; 0.79
63.947468996047974; 0.78
63.98545432090759; 0.79
64.01025700569153; 0.78
64.02407813072205; 0.79
64.0388970375061; 0.8
64.05199098587036; 0.79
64.06573152542114; 0.79
64.08057832717896; 0.79
64.0985836982727; 0.8
64.11328339576721; 0.79
64.1308205127716; 0.79
64.14527988433838; 0.79
64.16073298454285; 0.8
64.17420434951782; 0.79
64.19326543807983; 0.78
64.20772218704224; 0.79
64.22436928749084; 0.79
64.24208569526672; 0.78
64.2605311870575; 0.77
64.27476358413696; 0.79
64.29171776771545; 0.79
64.30814552307129; 0.79
64.32808446884155; 0.79
64.34646654129028; 0.79
64.36231899261475; 0.79
64.3765435218811; 0.78
64.39075446128845; 0.79
64.40845322608948; 0.79
64.42579960823059; 0.79
64.44145488739014; 0.79
64.45811653137207; 0.79
64.47875595092773; 0.79
64.49611592292786; 0.79
64.50924515724182; 0.79
64.52180600166321; 0.8
64.53492999076843; 0.79
64.55319547653198; 0.78
64.59124898910522; 0.8
64.61723828315735; 0.79
64.6320526599884; 0.78
64.64735412597656; 0.78
64.6607015132904; 0.79
64.67432618141174; 0.78
64.68914699554443; 0.78
64.70295834541321; 0.79
64.72110033035278; 0.79
64.73854374885559; 0.78
64.75476741790771; 0.78
64.77270269393921; 0.79
64.79237031936646; 0.79
64.81017231941223; 0.78
64.83314394950867; 0.79
64.85116481781006; 0.79
64.8707582950592; 0.8
64.88679790496826; 0.79
64.9045639038086; 0.79
64.92240285873413; 0.79
64.94219541549683; 0.79
64.9585976600647; 0.77
64.97358584403992; 0.76
64.99136161804199; 0.71
65.00619316101074; 0.68
65.02294421195984; 0.65
65.03883957862854; 0.62
65.06686639785767; 0.59
65.08519625663757; 0.54
65.09831213951111; 0.53
65.11145043373108; 0.58
65.12467813491821; 0.51
65.14271903038025; 0.53
65.17554044723511; 0.43
65.20812797546387; 0.39
65.22235012054443; 0.39
65.23698616027832; 0.42
65.25237536430359; 0.4
65.26613974571228; 0.35
65.28128433227539; 0.32
65.30009770393372; 0.31
65.31561660766602; 0.34
65.3301293849945; 0.33
65.34520649909973; 0.26
65.36315441131592; 0.32
65.38344168663025; 0.22
65.40006804466248; 0.22
65.4147789478302; 0.21
65.43665432929993; 0.19
65.45138025283813; 0.26
65.46608114242554; 0.24
65.48131203651428; 0.2
65.50065660476685; 0.17
65.51649594306946; 0.17
65.5377824306488; 0.15
65.5524365901947; 0.14
65.56842589378357; 0.14
65.58350324630737; 0.18
65.59970378875732; 0.15
65.61668276786804; 0.12
65.63598275184631; 0.13
65.6518783569336; 0.13
65.67745471000671; 0.17
65.6956992149353; 0.11
65.7088668346405; 0.17
65.72135996818542; 0.17
65.73473048210144; 0.17
