0.0009846687316894531; 0.7747978832951944
0.015363216400146484; 0.7747978832951944
0.029874801635742188; 0.7747978832951944
0.04413247108459473; 0.7747978832951944
0.05954122543334961; 0.7747978832951944
0.09023785591125488; 0.7747978832951944
0.11683130264282227; 0.7635770594965674
0.1341087818145752; 0.7635770594965674
0.16408729553222656; 0.7747978832951944
0.19503307342529297; 0.7635770594965674
0.21121430397033691; 0.7747978832951944
0.22820305824279785; 0.7635770594965674
0.24698209762573242; 0.7635770594965674
0.2653498649597168; 0.7747978832951944
0.2808387279510498; 0.7747978832951944
0.296933650970459; 0.7635770594965674
0.31508612632751465; 0.7747978832951944
0.33191967010498047; 0.7635770594965674
0.35004663467407227; 0.7747978832951944
0.3632326126098633; 0.7635770594965674
0.37636256217956543; 0.7747978832951944
0.38887500762939453; 0.7747978832951944
0.4019341468811035; 0.7635770594965674
0.41563963890075684; 0.7747978832951944
0.4295055866241455; 0.7747978832951944
0.44248080253601074; 0.7747978832951944
0.45515894889831543; 0.7635770594965674
0.46781396865844727; 0.7747978832951944
0.4805107116699219; 0.7635770594965674
0.49335765838623047; 0.7747978832951944
0.5075020790100098; 0.7747978832951944
0.5214107036590576; 0.7747978832951944
0.5353965759277344; 0.7747978832951944
0.5533781051635742; 0.7747978832951944
0.5704975128173828; 0.7747978832951944
0.5861263275146484; 0.7635770594965674
0.6033644676208496; 0.7747978832951944
0.6200227737426758; 0.7747978832951944
0.6333401203155518; 0.7747978832951944
0.6479635238647461; 0.7635770594965674
0.6646528244018555; 0.7747978832951944
0.681976318359375; 0.7635770594965674
0.6969954967498779; 0.7747978832951944
0.7143888473510742; 0.7747978832951944
0.730776309967041; 0.7747978832951944
0.7440764904022217; 0.7747978832951944
0.7578551769256592; 0.7747978832951944
0.7722063064575195; 0.7635770594965674
0.7882876396179199; 0.7747978832951944
0.8043532371520996; 0.7747978832951944
0.8276493549346924; 0.7747978832951944
0.8462197780609131; 0.7635770594965674
0.8594391345977783; 0.7635770594965674
0.8726282119750977; 0.7747978832951944
0.8932065963745117; 0.7747978832951944
0.9087636470794678; 0.7635770594965674
0.925391435623169; 0.7747978832951944
0.9485740661621094; 0.7635770594965674
0.9641585350036621; 0.7747978832951944
0.9773337841033936; 0.7747978832951944
0.9905645847320557; 0.7747978832951944
1.0120794773101807; 0.7747978832951944
1.0268845558166504; 0.7747978832951944
1.041182041168213; 0.7747978832951944
1.0589396953582764; 0.7747978832951944
1.0764129161834717; 0.7747978832951944
1.0912256240844727; 0.7747978832951944
1.1088111400604248; 0.7747978832951944
1.1244099140167236; 0.7747978832951944
1.1377787590026855; 0.7747978832951944
1.1524722576141357; 0.7747978832951944
1.1852893829345703; 0.7747978832951944
1.2062456607818604; 0.7747978832951944
1.2249572277069092; 0.7747978832951944
1.2412559986114502; 0.7747978832951944
1.255556344985962; 0.7747978832951944
1.2738511562347412; 0.7747978832951944
1.2924871444702148; 0.7747978832951944
1.3109705448150635; 0.7747978832951944
1.33229398727417; 0.7747978832951944
1.3510961532592773; 0.7635770594965674
1.3643438816070557; 0.7747978832951944
1.3775169849395752; 0.7747978832951944
1.3966257572174072; 0.7747978832951944
1.411848783493042; 0.7635770594965674
1.4289164543151855; 0.7747978832951944
1.4613165855407715; 0.7635770594965674
1.4744670391082764; 0.7747978832951944
1.487015724182129; 0.7747978832951944
1.502025842666626; 0.7635770594965674
1.5159988403320312; 0.7635770594965674
1.5328657627105713; 0.7747978832951944
1.5467770099639893; 0.7747978832951944
1.5616230964660645; 0.7747978832951944
1.5791354179382324; 0.7747978832951944
1.5939509868621826; 0.7635770594965674
1.6115713119506836; 0.7747978832951944
1.6271965503692627; 0.7747978832951944
1.6404805183410645; 0.7635770594965674
1.6552717685699463; 0.7747978832951944
1.672835111618042; 0.7747978832951944
1.6888127326965332; 0.7747978832951944
1.7046623229980469; 0.7635770594965674
1.7218139171600342; 0.7747978832951944
1.7381348609924316; 0.7747978832951944
1.752692461013794; 0.7747978832951944
1.7660553455352783; 0.7747978832951944
1.7793655395507812; 0.7747978832951944
1.8004887104034424; 0.7747978832951944
1.8169171810150146; 0.7747978832951944
1.8353545665740967; 0.7747978832951944
1.8577499389648438; 0.7747978832951944
1.8750174045562744; 0.7747978832951944
1.8899190425872803; 0.7747978832951944
1.9079866409301758; 0.7747978832951944
1.92982816696167; 0.7747978832951944
1.9457335472106934; 0.7747978832951944
1.976775884628296; 0.7747978832951944
1.9947865009307861; 0.7747978832951944
2.007909059524536; 0.7747978832951944
2.0204129219055176; 0.7635770594965674
2.033489465713501; 0.7635770594965674
2.047759771347046; 0.7747978832951944
2.064587354660034; 0.7635770594965674
2.0780813694000244; 0.7747978832951944
2.0909111499786377; 0.7747978832951944
2.1044344902038574; 0.7747978832951944
2.1173598766326904; 0.7747978832951944
2.131880044937134; 0.7747978832951944
2.147991895675659; 0.7635770594965674
2.161235809326172; 0.7747978832951944
2.17677640914917; 0.7747978832951944
2.190121650695801; 0.7635770594965674
2.208658218383789; 0.7747978832951944
2.2236082553863525; 0.7747978832951944
2.238788604736328; 0.7747978832951944
2.25235915184021; 0.7635770594965674
2.268148899078369; 0.7747978832951944
2.2837491035461426; 0.7747978832951944
2.299363374710083; 0.7747978832951944
2.3147058486938477; 0.7747978832951944
2.329631805419922; 0.7747978832951944
2.343167304992676; 0.7747978832951944
2.3568475246429443; 0.7747978832951944
2.370857000350952; 0.7747978832951944
2.3942086696624756; 0.7747978832951944
2.410679817199707; 0.7747978832951944
2.4321470260620117; 0.7635770594965674
2.4510176181793213; 0.7747978832951944
2.464303731918335; 0.7747978832951944
2.4775547981262207; 0.7747978832951944
2.493657350540161; 0.7747978832951944
2.512876510620117; 0.7747978832951944
2.5607714653015137; 0.7747978832951944
2.578794479370117; 0.7747978832951944
2.591947317123413; 0.7747978832951944
2.605276107788086; 0.7747978832951944
2.628074884414673; 0.7635770594965674
2.6423490047454834; 0.7635770594965674
2.6556267738342285; 0.7747978832951944
2.6766724586486816; 0.7747978832951944
2.6934573650360107; 0.7747978832951944
2.7066006660461426; 0.7747978832951944
2.7233588695526123; 0.7747978832951944
2.7396438121795654; 0.7635770594965674
2.756998062133789; 0.7747978832951944
2.7714221477508545; 0.7635770594965674
2.788890838623047; 0.7747978832951944
2.8055357933044434; 0.7747978832951944
2.8202803134918213; 0.7635770594965674
2.835683822631836; 0.7747978832951944
2.853666067123413; 0.7747978832951944
2.867032051086426; 0.7747978832951944
2.8803505897521973; 0.7747978832951944
2.8934714794158936; 0.7635770594965674
2.9099371433258057; 0.7747978832951944
2.9283077716827393; 0.7635770594965674
2.9505107402801514; 0.7747978832951944
2.9693756103515625; 0.7747978832951944
2.982696533203125; 0.7635770594965674
2.9973256587982178; 0.7747978832951944
3.016371250152588; 0.7747978832951944
3.0316243171691895; 0.7747978832951944
3.088711977005005; 0.7747978832951944
3.1067163944244385; 0.7635770594965674
3.1198341846466064; 0.7747978832951944
3.1330063343048096; 0.7747978832951944
3.146106719970703; 0.7635770594965674
3.1592462062835693; 0.7635770594965674
3.1773717403411865; 0.7747978832951944
3.1915502548217773; 0.7747978832951944
3.205662727355957; 0.7747978832951944
3.223712921142578; 0.7635770594965674
3.2374770641326904; 0.7635770594965674
3.2553646564483643; 0.7747978832951944
3.271615982055664; 0.7747978832951944
3.2859232425689697; 0.7747978832951944
3.3009495735168457; 0.7747978832951944
3.3192756175994873; 0.7747978832951944
3.3353352546691895; 0.7747978832951944
3.350050449371338; 0.7635770594965674
3.365739107131958; 0.7747978832951944
3.3804471492767334; 0.7747978832951944
3.3970606327056885; 0.7747978832951944
3.4107677936553955; 0.7635770594965674
3.424267053604126; 0.7747978832951944
3.442237377166748; 0.7747978832951944
3.4604060649871826; 0.7635770594965674
3.4773120880126953; 0.7747978832951944
3.498551607131958; 0.7747978832951944
3.5122151374816895; 0.7635770594965674
3.5255188941955566; 0.7747978832951944
3.539391040802002; 0.7635770594965674
3.5586869716644287; 0.7747978832951944
3.5763957500457764; 0.7747978832951944
3.624668836593628; 0.7747978832951944
3.6430490016937256; 0.7635770594965674
3.65619158744812; 0.7635770594965674
3.6694176197052; 0.7747978832951944
3.6826462745666504; 0.7747978832951944
3.696568727493286; 0.7747978832951944
3.713723659515381; 0.7747978832951944
3.7284488677978516; 0.7635770594965674
3.7458996772766113; 0.7747978832951944
3.7591662406921387; 0.7747978832951944
3.775782585144043; 0.7747978832951944
3.7906594276428223; 0.7635770594965674
3.8062710762023926; 0.7635770594965674
3.8196771144866943; 0.7747978832951944
3.8347854614257812; 0.7747978832951944
3.852097511291504; 0.7635770594965674
3.8719990253448486; 0.7747978832951944
3.887511968612671; 0.7747978832951944
3.9055044651031494; 0.7747978832951944
3.9227116107940674; 0.7747978832951944
3.9359233379364014; 0.7747978832951944
3.9492101669311523; 0.7747978832951944
3.962390899658203; 0.7635770594965674
3.9799962043762207; 0.7747978832951944
4.0045812129974365; 0.7747978832951944
4.020418643951416; 0.7747978832951944
4.036118268966675; 0.7747978832951944
4.052871942520142; 0.7747978832951944
4.0668768882751465; 0.7747978832951944
4.08305811882019; 0.7635770594965674
4.1020667552948; 0.7635770594965674
4.118236541748047; 0.7635770594965674
4.170464277267456; 0.7747978832951944
4.188168048858643; 0.7747978832951944
4.201369762420654; 0.7747978832951944
4.218197822570801; 0.7747978832951944
4.231520175933838; 0.7747978832951944
4.246393918991089; 0.7747978832951944
4.2609686851501465; 0.7747978832951944
4.274344444274902; 0.7860187070938214
4.2945170402526855; 0.7747978832951944
4.311507940292358; 0.7747978832951944
4.326390266418457; 0.7747978832951944
4.344025611877441; 0.7747978832951944
4.358212232589722; 0.7747978832951944
4.375055313110352; 0.7747978832951944
4.390002727508545; 0.7747978832951944
4.406646966934204; 0.7635770594965674
4.43372106552124; 0.7747978832951944
4.449578046798706; 0.7747978832951944
4.467944383621216; 0.7635770594965674
4.484920978546143; 0.7747978832951944
4.4982171058654785; 0.7635770594965674
4.515011787414551; 0.7747978832951944
4.530549764633179; 0.7747978832951944
4.546476364135742; 0.7747978832951944
4.567633628845215; 0.7747978832951944
4.581422328948975; 0.7635770594965674
4.596381664276123; 0.7747978832951944
4.609508752822876; 0.7747978832951944
4.626373529434204; 0.7747978832951944
4.642477035522461; 0.7747978832951944
4.693888902664185; 0.7747978832951944
4.712296962738037; 0.7747978832951944
4.725433111190796; 0.7747978832951944
4.738551378250122; 0.7747978832951944
4.751755237579346; 0.7635770594965674
4.765066623687744; 0.7747978832951944
4.778393030166626; 0.7747978832951944
4.792105436325073; 0.7747978832951944
4.8125529289245605; 0.7635770594965674
4.829944133758545; 0.7747978832951944
4.8453779220581055; 0.7635770594965674
4.863245248794556; 0.7747978832951944
4.8776655197143555; 0.7635770594965674
4.895447731018066; 0.7747978832951944
4.912562131881714; 0.7747978832951944
4.926029920578003; 0.7747978832951944
4.952470302581787; 0.7747978832951944
4.9683592319488525; 0.7635770594965674
4.983532428741455; 0.7747978832951944
5.000553131103516; 0.7747978832951944
5.014023065567017; 0.7747978832951944
5.028234958648682; 0.7747978832951944
5.050383806228638; 0.7747978832951944
5.069068193435669; 0.7747978832951944
5.086268663406372; 0.7635770594965674
5.099480628967285; 0.7747978832951944
5.114356279373169; 0.7747978832951944
5.131164073944092; 0.7747978832951944
5.147494077682495; 0.7747978832951944
5.183784008026123; 0.7635770594965674
5.202138423919678; 0.7635770594965674
5.21530294418335; 0.7635770594965674
5.229793310165405; 0.7747978832951944
5.242799758911133; 0.7747978832951944
5.255885601043701; 0.7747978832951944
5.277695178985596; 0.7747978832951944
5.2921226024627686; 0.7747978832951944
5.3114447593688965; 0.7747978832951944
5.328126430511475; 0.7747978832951944
5.343249082565308; 0.7747978832951944
5.360363721847534; 0.7747978832951944
5.3745622634887695; 0.7747978832951944
5.390640735626221; 0.7747978832951944
5.405365943908691; 0.7747978832951944
5.422557353973389; 0.7747978832951944
5.439028739929199; 0.7747978832951944
5.455918312072754; 0.7747978832951944
5.471507787704468; 0.7747978832951944
5.489667892456055; 0.7747978832951944
5.503153085708618; 0.7747978832951944
5.519036054611206; 0.7747978832951944
5.53267765045166; 0.7747978832951944
5.549838542938232; 0.7635770594965674
5.567958354949951; 0.7747978832951944
5.584869384765625; 0.7747978832951944
5.59971022605896; 0.7747978832951944
5.613022804260254; 0.7747978832951944
5.626962423324585; 0.7635770594965674
5.648772954940796; 0.7747978832951944
5.665924787521362; 0.7635770594965674
5.702712059020996; 0.7747978832951944
5.718881368637085; 0.7747978832951944
5.7323973178863525; 0.7747978832951944
5.74658989906311; 0.7635770594965674
5.764630317687988; 0.7635770594965674
5.778546571731567; 0.7747978832951944
5.791758060455322; 0.7747978832951944
5.808637619018555; 0.7747978832951944
5.825631380081177; 0.7747978832951944
5.838290214538574; 0.7747978832951944
5.856322288513184; 0.7747978832951944
5.872810125350952; 0.7747978832951944
5.890170335769653; 0.7747978832951944
5.904564619064331; 0.7747978832951944
5.922125816345215; 0.7747978832951944
5.948709011077881; 0.7635770594965674
5.966835975646973; 0.7747978832951944
5.984873294830322; 0.7747978832951944
6.001873731613159; 0.7747978832951944
6.01538610458374; 0.7635770594965674
6.033200263977051; 0.7747978832951944
6.0534093379974365; 0.7747978832951944
6.068909168243408; 0.7747978832951944
6.092221260070801; 0.7747978832951944
6.112064838409424; 0.7747978832951944
6.125353097915649; 0.7747978832951944
6.139644145965576; 0.7747978832951944
6.158578634262085; 0.7747978832951944
6.1735570430755615; 0.7747978832951944
6.1992716789245605; 0.7635770594965674
6.217209339141846; 0.7747978832951944
6.230347156524658; 0.7747978832951944
6.243525981903076; 0.7747978832951944
6.256693363189697; 0.7747978832951944
6.27013635635376; 0.7747978832951944
6.284254312515259; 0.7747978832951944
6.297544956207275; 0.7747978832951944
6.314485549926758; 0.7747978832951944
6.336040735244751; 0.7747978832951944
6.350802659988403; 0.7635770594965674
6.36838173866272; 0.7747978832951944
6.383818864822388; 0.7747978832951944
6.399016857147217; 0.7747978832951944
6.41392183303833; 0.7747978832951944
6.430649995803833; 0.7747978832951944
6.44922947883606; 0.7747978832951944
6.463243007659912; 0.7747978832951944
6.48439621925354; 0.7747978832951944
6.501926898956299; 0.7747978832951944
6.516932249069214; 0.7635770594965674
6.530309200286865; 0.7635770594965674
6.545250654220581; 0.7747978832951944
6.565702676773071; 0.7747978832951944
6.582924842834473; 0.7747978832951944
6.599464654922485; 0.7635770594965674
6.6145851612091064; 0.7747978832951944
6.629294157028198; 0.7747978832951944
6.643347263336182; 0.7747978832951944
6.662232160568237; 0.7635770594965674
6.682750225067139; 0.7747978832951944
6.719170093536377; 0.7635770594965674
6.732322692871094; 0.7747978832951944
6.746399641036987; 0.7747978832951944
6.759573221206665; 0.7635770594965674
6.7734527587890625; 0.7747978832951944
6.787568092346191; 0.7747978832951944
6.800977468490601; 0.7747978832951944
6.821106910705566; 0.7635770594965674
6.838086366653442; 0.7635770594965674
6.85318660736084; 0.7747978832951944
6.870805501937866; 0.7747978832951944
6.886140823364258; 0.7747978832951944
6.900591135025024; 0.7747978832951944
6.914172649383545; 0.7747978832951944
6.931568384170532; 0.7747978832951944
6.945378541946411; 0.7747978832951944
6.966940641403198; 0.7635770594965674
6.9823877811431885; 0.7747978832951944
6.99685263633728; 0.7635770594965674
7.012411117553711; 0.7747978832951944
7.027348518371582; 0.7635770594965674
7.041184902191162; 0.7747978832951944
7.056357383728027; 0.7747978832951944
7.076251268386841; 0.7747978832951944
7.092717885971069; 0.7747978832951944
7.1095592975616455; 0.7747978832951944
7.131891250610352; 0.7747978832951944
7.145328044891357; 0.7747978832951944
7.159226417541504; 0.7635770594965674
7.176901340484619; 0.7747978832951944
7.194104433059692; 0.7747978832951944
7.225827932357788; 0.7635770594965674
7.245962142944336; 0.7635770594965674
7.2591352462768555; 0.7635770594965674
7.271634340286255; 0.7747978832951944
7.284663677215576; 0.7747978832951944
7.298017978668213; 0.7635770594965674
7.314854621887207; 0.7747978832951944
7.329840660095215; 0.7635770594965674
7.346229791641235; 0.7635770594965674
7.3635804653167725; 0.7635770594965674
7.377874135971069; 0.7747978832951944
7.3956592082977295; 0.7747978832951944
7.409878492355347; 0.7747978832951944
7.42765474319458; 0.7747978832951944
7.4419848918914795; 0.7747978832951944
7.459475040435791; 0.7635770594965674
7.490217208862305; 0.7747978832951944
7.506084203720093; 0.7747978832951944
7.52416467666626; 0.7747978832951944
7.539237976074219; 0.7635770594965674
7.552794694900513; 0.7747978832951944
7.56671667098999; 0.7747978832951944
7.5801873207092285; 0.7747978832951944
7.600494384765625; 0.7747978832951944
7.6156227588653564; 0.7747978832951944
7.638155698776245; 0.7747978832951944
7.657091856002808; 0.7747978832951944
7.671533823013306; 0.7635770594965674
7.68561577796936; 0.7635770594965674
7.704160928726196; 0.7747978832951944
7.724439859390259; 0.7747978832951944
7.766145467758179; 0.7635770594965674
7.779407739639282; 0.7747978832951944
7.793551445007324; 0.7747978832951944
7.820625305175781; 0.7747978832951944
7.836738109588623; 0.7747978832951944
7.8510894775390625; 0.7747978832951944
7.87159538269043; 0.7747978832951944
7.888674736022949; 0.7635770594965674
7.903131723403931; 0.7747978832951944
7.921116828918457; 0.7635770594965674
7.936700105667114; 0.7635770594965674
7.951696157455444; 0.7747978832951944
7.965781211853027; 0.7747978832951944
7.983016490936279; 0.7747978832951944
8.006664514541626; 0.7747978832951944
8.022178888320923; 0.7747978832951944
8.040106058120728; 0.7747978832951944
8.057133197784424; 0.7747978832951944
8.070956468582153; 0.7635770594965674
8.08444333076477; 0.7635770594965674
8.097890138626099; 0.7635770594965674
8.113321781158447; 0.7747978832951944
8.132445096969604; 0.7747978832951944
8.150044202804565; 0.7747978832951944
8.166946649551392; 0.7635770594965674
8.191174030303955; 0.7747978832951944
8.204610586166382; 0.7747978832951944
8.218398809432983; 0.7747978832951944
8.236542701721191; 0.7747978832951944
8.252798318862915; 0.7747978832951944
8.290942192077637; 0.7635770594965674
8.308928489685059; 0.7747978832951944
8.322164535522461; 0.7635770594965674
8.335519790649414; 0.7747978832951944
8.362590312957764; 0.7747978832951944
8.379401206970215; 0.7747978832951944
8.392409324645996; 0.7747978832951944
8.409600734710693; 0.7747978832951944
8.427086591720581; 0.7747978832951944
8.440551519393921; 0.7747978832951944
8.457825660705566; 0.7635770594965674
8.473368406295776; 0.7747978832951944
8.490482091903687; 0.7747978832951944
8.503718614578247; 0.7635770594965674
8.521422386169434; 0.7747978832951944
8.53577709197998; 0.7635770594965674
8.557254314422607; 0.7747978832951944
8.575801849365234; 0.7747978832951944
8.593786001205444; 0.7635770594965674
8.607261896133423; 0.7635770594965674
8.621359825134277; 0.7747978832951944
8.639031171798706; 0.7747978832951944
8.657362222671509; 0.7635770594965674
8.674126148223877; 0.7747978832951944
8.68929409980774; 0.7635770594965674
8.707558393478394; 0.7747978832951944
8.72404932975769; 0.7523562356979404
8.739507913589478; 0.8084603546910754
8.783960819244385; 0.7747978832951944
8.802380323410034; 0.7635770594965674
8.814919471740723; 0.7635770594965674
8.828622817993164; 0.7635770594965674
8.850608348846436; 0.9094477688787184
8.864994764328003; 0.9767727116704804
8.8792884349823; 1.0553184782608693
8.892326354980469; 1.1787475400457663
8.909341812133789; 1.1787475400457663
8.930166959762573; 1.3133974256292904
8.945596694946289; 1.6275804919908465
8.963405132293701; 2.031530148741419
8.97915530204773; 2.1774008581235695
8.995388269424438; 1.8295553203661326
9.009227275848389; 1.5041514302059495
9.029783010482788; 0.6513688215102974
9.053922414779663; 0.0005610411899313181
9.071585655212402; -0.010659782608695682
9.087990045547485; 0.0005610411899313181
9.106690406799316; 0.0005610411899313181
9.120416402816772; 0.0005610411899313181
9.138015747070312; 0.0005610411899313181
9.153319358825684; 0.0005610411899313181
9.17155647277832; 0.0005610411899313181
9.18677282333374; 0.0005610411899313181
9.200016260147095; 0.0005610411899313181
9.215070247650146; 0.0005610411899313181
9.228796482086182; 0.0005610411899313181
9.24906039237976; 0.0005610411899313181
9.26587700843811; 0.0005610411899313181
9.284889698028564; 0.0005610411899313181
9.299743890762329; 0.0005610411899313181
9.320411443710327; 0.0005610411899313181
9.333073377609253; 0.0005610411899313181
9.34622836112976; 0.0005610411899313181
9.361226320266724; 0.0005610411899313181
9.388185977935791; 0.0005610411899313181
9.403194427490234; 0.0005610411899313181
9.416480541229248; 0.0005610411899313181
9.437016010284424; 0.0005610411899313181
9.45511269569397; 0.0005610411899313181
9.468645811080933; 0.0005610411899313181
9.48657488822937; 0.0005610411899313181
9.500553846359253; 0.0005610411899313181
9.518370151519775; 0.0005610411899313181
9.532809972763062; 0.0005610411899313181
9.549635171890259; 0.0005610411899313181
9.575971364974976; 0.0005610411899313181
9.597044944763184; 0.0005610411899313181
9.61506462097168; 0.0005610411899313181
9.629066467285156; 0.0005610411899313181
9.642884492874146; 0.0005610411899313181
9.660956621170044; 0.0005610411899313181
9.679466724395752; 0.0005610411899313181
9.698063850402832; 0.0005610411899313181
9.713285684585571; 0.0005610411899313181
9.72736930847168; 0.0005610411899313181
9.74425745010376; 0.0005610411899313181
9.760674953460693; 0.0005610411899313181
9.784911394119263; 0.0005610411899313181
9.79813027381897; 0.0005610411899313181
9.81072473526001; 0.0005610411899313181
9.823466300964355; 0.0005610411899313181
9.839793682098389; 0.0005610411899313181
9.85274887084961; 0.0005610411899313181
9.865766763687134; 0.0005610411899313181
9.878446340560913; 0.0005610411899313181
9.9022798538208; 0.0005610411899313181
9.917844533920288; 0.0005610411899313181
9.935902833938599; 0.0005610411899313181
9.951319694519043; 0.0005610411899313181
9.970659255981445; 0.0005610411899313181
9.987923860549927; 0.0005610411899313181
10.002578258514404; 0.0005610411899313181
10.02033281326294; 0.0005610411899313181
10.03461217880249; 0.0005610411899313181
10.051384210586548; 0.0005610411899313181
10.077277660369873; 0.0005610411899313181
10.092421054840088; 0.0005610411899313181
10.110140085220337; 0.0005610411899313181
10.125139474868774; 0.0005610411899313181
10.143717527389526; 0.0005610411899313181
10.160177230834961; 0.0005610411899313181
10.176217794418335; 0.0005610411899313181
10.198613166809082; 0.0005610411899313181
10.213540077209473; 0.0005610411899313181
10.238638162612915; 0.0005610411899313181
10.255379676818848; 0.0005610411899313181
10.27730417251587; 0.0005610411899313181
10.29488492012024; 0.0005610411899313181
10.30741262435913; 0.0005610411899313181
10.32059645652771; 0.0005610411899313181
10.333785772323608; 0.0005610411899313181
10.346854209899902; 0.0005610411899313181
10.359954118728638; 0.0005610411899313181
10.372966527938843; 0.0005610411899313181
10.390846490859985; 0.0005610411899313181
10.40498661994934; 0.0005610411899313181
10.418025016784668; 0.0005610411899313181
10.435621738433838; 0.0005610411899313181
10.453730344772339; 0.0005610411899313181
10.468004703521729; 0.0005610411899313181
10.485028743743896; 0.0005610411899313181
10.499547481536865; 0.0005610411899313181
10.515421628952026; 0.0005610411899313181
10.529230833053589; 0.0005610411899313181
10.543538093566895; 0.0005610411899313181
10.563645362854004; -0.010659782608695682
10.588047742843628; 0.0005610411899313181
10.605021715164185; 0.0005610411899313181
10.62133264541626; 0.0005610411899313181
10.634732484817505; 0.0005610411899313181
10.649465560913086; 0.0005610411899313181
10.667047023773193; 0.0005610411899313181
10.683117151260376; 0.0005610411899313181
10.702181816101074; 0.0005610411899313181
10.717197895050049; 0.0005610411899313181
10.73380708694458; 0.0005610411899313181
10.754033088684082; 0.0005610411899313181
10.770718574523926; 0.0005610411899313181
10.79174542427063; 0.0005610411899313181
10.804289817810059; 0.0005610411899313181
10.817441463470459; 0.0005610411899313181
10.830621242523193; 0.0005610411899313181
10.84363317489624; 0.0005610411899313181
10.856755256652832; 0.0005610411899313181
10.86980676651001; 0.0005610411899313181
10.888197898864746; 0.0005610411899313181
10.906078100204468; 0.0005610411899313181
10.919084548950195; 0.0005610411899313181
10.935926675796509; 0.0005610411899313181
10.9535231590271; 0.0005610411899313181
10.971053838729858; 0.0005610411899313181
10.988614082336426; 0.0005610411899313181
11.005083799362183; 0.0005610411899313181
11.020181655883789; 0.0005610411899313181
11.035150527954102; 0.0005610411899313181
11.052305459976196; 0.0005610411899313181
11.072479009628296; 0.0005610411899313181
11.08705759048462; 0.0005610411899313181
11.106554508209229; 0.0005610411899313181
11.125264406204224; 0.0005610411899313181
11.138672351837158; 0.0005610411899313181
11.156570672988892; 0.0005610411899313181
11.17199420928955; 0.0005610411899313181
11.194375991821289; 0.0005610411899313181
11.212895154953003; 0.0005610411899313181
11.225980043411255; 0.0005610411899313181
11.240954875946045; 0.0005610411899313181
11.260268211364746; 0.0005610411899313181
11.279823780059814; 0.0005610411899313181
11.300447940826416; 0.0005610411899313181
11.312963962554932; 0.0005610411899313181
11.326110601425171; 0.0005610411899313181
11.339171648025513; 0.0005610411899313181
11.352216958999634; 0.0005610411899313181
11.36527681350708; 0.0005610411899313181
11.377944946289062; 0.0005610411899313181
11.400675773620605; 0.0005610411899313181
11.419196844100952; 0.0005610411899313181
11.436048030853271; 0.0005610411899313181
11.453562498092651; 0.0005610411899313181
11.472393274307251; 0.0005610411899313181
11.49061107635498; 0.0005610411899313181
11.5062415599823; 0.0005610411899313181
11.522290706634521; 0.0005610411899313181
11.539278268814087; 0.0005610411899313181
11.552922487258911; 0.0005610411899313181
11.574268102645874; 0.0005610411899313181
11.588062286376953; 0.0005610411899313181
11.609654188156128; 0.0005610411899313181
11.626600980758667; 0.0005610411899313181
11.64005708694458; 0.0005610411899313181
11.660573482513428; 0.0005610411899313181
11.675242185592651; 0.0005610411899313181
11.693801164627075; 0.0005610411899313181
11.708256959915161; 0.0005610411899313181
11.722961664199829; 0.0005610411899313181
11.73961067199707; 0.0005610411899313181
11.756460666656494; 0.0005610411899313181
11.778216123580933; 0.0005610411899313181
11.790837049484253; 0.0005610411899313181
11.803992509841919; 0.0005610411899313181
11.816517114639282; 0.0005610411899313181
11.82973575592041; 0.0005610411899313181
11.84273099899292; 0.0005610411899313181
11.855759859085083; 0.0005610411899313181
11.86868667602539; 0.0005610411899313181
11.88645625114441; 0.0005610411899313181
11.908025979995728; 0.0005610411899313181
11.921081304550171; 0.0005610411899313181
11.94128966331482; 0.0005610411899313181
11.960233449935913; 0.0005610411899313181
11.97469449043274; 0.0005610411899313181
11.992330312728882; 0.0005610411899313181
12.006555318832397; 0.0005610411899313181
12.02438735961914; 0.0005610411899313181
12.039798736572266; 0.0005610411899313181
12.05530071258545; 0.0005610411899313181
12.081992149353027; 0.0005610411899313181
12.098981618881226; 0.0005610411899313181
12.117005586624146; 0.0005610411899313181
12.132152557373047; 0.0005610411899313181
12.150423765182495; 0.0005610411899313181
12.170320987701416; 0.0005610411899313181
12.186359167098999; 0.0005610411899313181
12.205517768859863; 0.0005610411899313181
12.22058367729187; 0.0005610411899313181
12.240080833435059; 0.0005610411899313181
12.257986307144165; 0.0005610411899313181
12.273620843887329; 0.0005610411899313181
12.293803930282593; 0.0005610411899313181
12.30698823928833; 0.0005610411899313181
12.320134401321411; 0.0005610411899313181
12.333289623260498; 0.0005610411899313181
12.346301555633545; 0.0005610411899313181
12.359405755996704; 0.0005610411899313181
12.3724205493927; 0.0005610411899313181
12.39458417892456; 0.0005610411899313181
12.409558296203613; 0.0005610411899313181
12.423146486282349; 0.0005610411899313181
12.440845727920532; 0.0005610411899313181
12.456482648849487; 0.0005610411899313181
12.469911336898804; 0.0005610411899313181
12.487157583236694; 0.0005610411899313181
12.500443458557129; 0.0005610411899313181
12.521239519119263; 0.0005610411899313181
12.535727500915527; 0.0005610411899313181
12.553511381149292; 0.0005610411899313181
12.571424007415771; 0.0005610411899313181
12.586445808410645; 0.0005610411899313181
12.6020188331604; 0.0005610411899313181
12.623073101043701; 0.0005610411899313181
12.636482954025269; 0.0005610411899313181
12.649946451187134; 0.0005610411899313181
12.666834115982056; 0.0005610411899313181
12.685301780700684; 0.0005610411899313181
12.704023361206055; 0.0005610411899313181
12.724269390106201; 0.0005610411899313181
12.73893404006958; 0.0005610411899313181
12.755536079406738; 0.0005610411899313181
12.772475481033325; 0.0005610411899313181
12.79275631904602; 0.0005610411899313181
12.805274486541748; 0.0005610411899313181
12.819074153900146; 0.0005610411899313181
12.831614971160889; 0.0005610411899313181
12.844569444656372; 0.0005610411899313181
12.857675790786743; 0.0005610411899313181
12.870885610580444; 0.0005610411899313181
12.888681888580322; 0.0005610411899313181
12.910233974456787; 0.0005610411899313181
12.924415111541748; 0.0005610411899313181
12.942606449127197; 0.0005610411899313181
12.960643768310547; 0.0005610411899313181
12.975528478622437; 0.0005610411899313181
13.004486799240112; 0.0005610411899313181
13.021943092346191; 0.0005610411899313181
13.036417245864868; 0.0005610411899313181
13.054068565368652; 0.0005610411899313181
13.071779012680054; 0.0005610411899313181
13.088578224182129; 0.0005610411899313181
13.104166746139526; 0.0005610411899313181
13.123050212860107; 0.0005610411899313181
13.136480569839478; 0.0005610411899313181
13.150310516357422; 0.0005610411899313181
13.168060779571533; 0.0005610411899313181
13.190701723098755; 0.0005610411899313181
13.205630540847778; 0.0005610411899313181
13.224305868148804; 0.0005610411899313181
13.241612911224365; 0.0005610411899313181
13.259213209152222; 0.0005610411899313181
13.282154560089111; 0.0005610411899313181
13.299830198287964; 0.0005610411899313181
13.313955545425415; 0.0005610411899313181
13.327079057693481; 0.0005610411899313181
13.340016841888428; 0.0005610411899313181
13.353080034255981; 0.0005610411899313181
13.366097211837769; 0.0005610411899313181
13.379036664962769; 0.0005610411899313181
13.396387338638306; 0.01178186498855832
13.410467624664307; 0.0005610411899313181
13.423955202102661; 0.0005610411899313181
13.440923929214478; 0.0005610411899313181
13.458739280700684; 0.0005610411899313181
13.476680278778076; 0.0005610411899313181
13.49436354637146; 0.0005610411899313181
13.509754657745361; 0.0005610411899313181
13.524932622909546; 0.0005610411899313181
13.53992748260498; 0.0005610411899313181
13.556609630584717; 0.0005610411899313181
13.583460569381714; 0.0005610411899313181
13.611116647720337; 0.0005610411899313181
13.630060195922852; 0.0005610411899313181
13.643494129180908; 0.0005610411899313181
13.660702466964722; 0.0005610411899313181
13.676069974899292; 0.0005610411899313181
13.691261768341064; 0.0005610411899313181
13.706265926361084; 0.0005610411899313181
13.72608757019043; 0.0005610411899313181
13.742875337600708; 0.0005610411899313181
13.75949740409851; 0.0005610411899313181
13.779759168624878; 0.0005610411899313181
13.79228162765503; 0.0005610411899313181
13.805440902709961; 0.0005610411899313181
13.819819927215576; 0.0005610411899313181
13.832852602005005; 0.0005610411899313181
13.845911979675293; 0.0005610411899313181
13.858917713165283; 0.0005610411899313181
13.871596574783325; 0.0005610411899313181
13.892153263092041; 0.0005610411899313181
13.91263461112976; -0.010659782608695682
13.92600393295288; 0.0005610411899313181
13.94314694404602; 0.0005610411899313181
13.960312604904175; 0.0005610411899313181
13.975170135498047; 0.0005610411899313181
13.99244236946106; 0.0005610411899313181
14.007970809936523; 0.0005610411899313181
14.02189564704895; 0.0005610411899313181
14.036353826522827; 0.0005610411899313181
14.053616762161255; 0.0005610411899313181
14.06814980506897; 0.0005610411899313181
14.08961534500122; 0.0005610411899313181
14.107295989990234; 0.0005610411899313181
14.125700235366821; 0.0005610411899313181
14.139185190200806; 0.0005610411899313181
14.152687311172485; 0.0005610411899313181
14.169208526611328; 0.0005610411899313181
14.188949584960938; 0.0005610411899313181
14.21525526046753; 0.0005610411899313181
14.229073762893677; 0.0005610411899313181
14.243865013122559; 0.0005610411899313181
14.260490417480469; 0.0005610411899313181
14.27759313583374; 0.0005610411899313181
14.297446012496948; 0.0005610411899313181
14.309996604919434; 0.0005610411899313181
14.323160409927368; 0.0005610411899313181
14.33670711517334; 0.0005610411899313181
14.349873065948486; 0.0005610411899313181
14.36288046836853; 0.0005610411899313181
14.375906944274902; 0.0005610411899313181
14.393919706344604; 0.0005610411899313181
14.412664651870728; 0.0005610411899313181
14.426252126693726; 0.0005610411899313181
14.446168184280396; 0.0005610411899313181
14.463357210159302; 0.0005610411899313181
14.477989673614502; 0.0005610411899313181
14.497641324996948; 0.0005610411899313181
14.514776229858398; 0.0005610411899313181
14.527823448181152; 0.0005610411899313181
14.542266130447388; 0.0005610411899313181
14.559018850326538; 0.0005610411899313181
14.576164484024048; 0.0005610411899313181
14.591697216033936; 0.0005610411899313181
14.609662771224976; 0.0005610411899313181
14.628300666809082; 0.0005610411899313181
14.642868041992188; 0.0005610411899313181
14.659960746765137; 0.0005610411899313181
14.679363250732422; 0.0005610411899313181
14.702039241790771; 0.0005610411899313181
14.720516443252563; 0.0005610411899313181
14.735642671585083; 0.0005610411899313181
14.749595403671265; 0.0005610411899313181
14.770328521728516; 0.0005610411899313181
14.787176847457886; 0.0005610411899313181
14.810330629348755; 0.0005610411899313181
14.822874546051025; 0.0005610411899313181
14.836061716079712; 0.0005610411899313181
14.84913158416748; 0.0005610411899313181
14.862164974212646; 0.0005610411899313181
14.875182867050171; 0.0005610411899313181
14.892983675003052; 0.0005610411899313181
14.913581132888794; 0.0005610411899313181
14.926623344421387; 0.0005610411899313181
14.943959712982178; 0.0005610411899313181
14.962489604949951; 0.0005610411899313181
14.980026245117188; 0.0005610411899313181
14.999232530593872; 0.0005610411899313181
15.015639305114746; 0.0005610411899313181
15.0297110080719; 0.0005610411899313181
15.04548454284668; 0.0005610411899313181
15.06066608428955; 0.0005610411899313181
15.08090353012085; 0.0005610411899313181
15.098546266555786; 0.0005610411899313181
15.11844778060913; 0.0005610411899313181
15.137255191802979; 0.0005610411899313181
15.15078616142273; 0.0005610411899313181
15.168386459350586; 0.0005610411899313181
15.185561656951904; 0.0005610411899313181
15.205815315246582; 0.0005610411899313181
15.219177961349487; 0.0005610411899313181
15.232474088668823; 0.0005610411899313181
15.248186826705933; 0.0005610411899313181
15.2641761302948; 0.0005610411899313181
15.287325382232666; 0.0005610411899313181
15.299890756607056; 0.0005610411899313181
15.313029289245605; 0.0005610411899313181
15.326211929321289; 0.0005610411899313181
15.33924913406372; 0.0005610411899313181
15.35240387916565; 0.0005610411899313181
15.365419149398804; 0.0005610411899313181
15.378084659576416; -0.010659782608695682
15.39585256576538; 0.0005610411899313181
15.422523498535156; 0.0005610411899313181
15.435750246047974; 0.0005610411899313181
15.450878858566284; 0.0005610411899313181
15.467858791351318; 0.0005610411899313181
15.482321977615356; 0.0005610411899313181
15.500255346298218; 0.0005610411899313181
15.517250061035156; 0.0005610411899313181
15.53058934211731; 0.0005610411899313181
15.546150207519531; 0.0005610411899313181
15.563815116882324; 0.0005610411899313181
15.581169366836548; 0.0005610411899313181
15.59702181816101; 0.0005610411899313181
15.61265230178833; 0.0005610411899313181
15.629303932189941; 0.0005610411899313181
15.64639949798584; 0.0005610411899313181
15.660234451293945; 0.0005610411899313181
15.67891001701355; 0.0005610411899313181
15.69901418685913; 0.0005610411899313181
15.71394658088684; 0.0005610411899313181
15.728904962539673; 0.0005610411899313181
15.743674278259277; 0.0005610411899313181
15.762102127075195; 0.0005610411899313181
15.781609535217285; 0.0005610411899313181
15.802528858184814; 0.0005610411899313181
15.815682649612427; 0.0005610411899313181
15.828845977783203; 0.0005610411899313181
15.841835737228394; 0.0005610411899313181
15.854892015457153; 0.0005610411899313181
15.867923498153687; 0.0005610411899313181
15.880624532699585; 0.0005610411899313181
15.898374080657959; 0.0005610411899313181
15.915802717208862; 0.0005610411899313181
15.928815841674805; 0.0005610411899313181
15.949419260025024; 0.04544433638443932
15.966151475906372; 0.0005610411899313181
15.98095965385437; -0.010659782608695682
15.998047590255737; -0.010659782608695682
16.01301670074463; 0.01178186498855832
16.030330896377563; 0.4493939931350113
16.044227123260498; 0.24741916475972534
16.061702251434326; 0.42695234553775735
16.080153942108154; 0.7074729405034323
16.09705662727356; 0.8757852974828374
16.11279058456421; 1.0440976544622425
16.130637407302856; 1.0889809496567504
16.145768880844116; 1.1563058924485123
16.16276240348816; 1.1675267162471394
16.18141269683838; 1.1338642448512584
16.19726538658142; 0.9992143592677344
16.21945071220398; 0.8309020022883293
16.23936128616333; 0.7523562356979404
16.253219842910767; 0.7411354118993134
16.27001976966858; 0.5840438787185354
16.286667108535767; 0.5391605835240274
16.30653953552246; 0.6738104691075514
16.319104433059692; 0.7523562356979404
16.331641674041748; 0.6850312929061784
16.34481430053711; 0.6625896453089244
16.359190464019775; 0.7411354118993134
16.372253894805908; 0.7747978832951944
16.385441064834595; 0.7860187070938214
16.415411233901978; 0.7635770594965674
16.430346965789795; 0.7747978832951944
16.450132846832275; 0.7635770594965674
16.46574091911316; 0.7635770594965674
16.478939294815063; 0.7747978832951944
16.496217012405396; 0.7747978832951944
16.511595726013184; 0.7747978832951944
16.52697443962097; 0.7747978832951944
16.544687271118164; 0.7747978832951944
16.562630653381348; 0.7635770594965674
16.58028268814087; 0.7635770594965674
16.595651388168335; 0.7747978832951944
16.609772443771362; 0.7747978832951944
16.6334388256073; 0.7635770594965674
16.650369882583618; 0.7635770594965674
16.663953065872192; 0.7635770594965674
16.68107271194458; 0.7747978832951944
16.698075532913208; 0.7635770594965674
16.71699833869934; 0.7635770594965674
16.732078313827515; 0.7747978832951944
16.748358964920044; 0.7635770594965674
16.768706798553467; 0.7635770594965674
16.78523898124695; 0.7747978832951944
16.80557107925415; 0.7747978832951944
16.81813073158264; 0.7747978832951944
16.830622911453247; 0.7747978832951944
16.8437602519989; 0.7747978832951944
16.856816053390503; 0.7635770594965674
16.869954109191895; 0.7635770594965674
16.882962465286255; 0.7747978832951944
16.900824069976807; 0.7747978832951944
16.92020320892334; 0.7747978832951944
16.934988737106323; 0.7747978832951944
16.953492641448975; 0.7635770594965674
16.97058916091919; 0.7747978832951944
16.98585534095764; 0.7747978832951944
17.00493836402893; 0.7747978832951944
17.0208477973938; 0.7747978832951944
17.034453868865967; 0.7747978832951944
17.049472093582153; 0.7747978832951944
17.066667079925537; 0.7635770594965674
17.087873220443726; 0.7747978832951944
17.106037139892578; 0.7747978832951944
17.12398910522461; 0.7635770594965674
17.140923738479614; 0.7747978832951944
17.154349088668823; 0.7635770594965674
17.175234079360962; 0.7747978832951944
17.1966392993927; 0.7747978832951944
17.21588706970215; 0.7747978832951944
17.233880758285522; 0.7747978832951944
17.25230598449707; 0.7635770594965674
17.271965742111206; 0.7747978832951944
17.295186042785645; 0.7747978832951944
17.3076753616333; 0.7747978832951944
17.32015562057495; 0.7747978832951944
17.333327531814575; 0.7747978832951944
17.346421480178833; 0.7635770594965674
17.35958743095398; 0.7747978832951944
17.372594594955444; 0.7635770594965674
17.385274648666382; 0.7747978832951944
17.406100749969482; 0.7635770594965674
17.42138433456421; 0.7747978832951944
17.43562626838684; 0.7747978832951944
17.453959226608276; 0.7747978832951944
17.471436977386475; 0.7747978832951944
17.4859299659729; 0.7747978832951944
17.503660917282104; 0.7747978832951944
17.525527000427246; 0.7747978832951944
17.54242706298828; 0.7747978832951944
17.561073780059814; 0.7635770594965674
17.57703971862793; 0.7747978832951944
17.598432540893555; 0.7747978832951944
17.614210844039917; 0.7747978832951944
17.63418960571289; 0.7747978832951944
17.647613048553467; 0.7635770594965674
17.661945104599; 0.7635770594965674
17.680476427078247; 0.7747978832951944
17.698697566986084; 0.7635770594965674
17.71609139442444; 0.7635770594965674
17.729461669921875; 0.7747978832951944
17.74420976638794; 0.7747978832951944
17.758634567260742; 0.7747978832951944
17.775447368621826; 0.7747978832951944
17.793570518493652; 0.7747978832951944
17.809849739074707; 0.7747978832951944
17.839325189590454; 0.7747978832951944
17.851823329925537; 0.7747978832951944
17.86500597000122; 0.7747978832951944
17.87833070755005; 0.7747978832951944
17.896400213241577; 0.7747978832951944
17.921353340148926; 0.7747978832951944
17.934526920318604; 0.7747978832951944
17.95566415786743; 0.7747978832951944
17.97334599494934; 0.7747978832951944
17.987840175628662; 0.7747978832951944
18.005504846572876; 0.7747978832951944
18.01993703842163; 0.7635770594965674
18.037739992141724; 0.7747978832951944
18.05479073524475; 0.7635770594965674
18.068636894226074; 0.7747978832951944
18.09007978439331; 0.7635770594965674
18.105758666992188; 0.7747978832951944
18.13130259513855; 0.7747978832951944
18.146533250808716; 0.7635770594965674
18.164947509765625; 0.7747978832951944
18.184689044952393; 0.7747978832951944
18.20136070251465; 0.7747978832951944
18.22054362297058; 0.7747978832951944
18.235599279403687; 0.7747978832951944
18.252079248428345; 0.7747978832951944
18.269054651260376; 0.7635770594965674
18.287885904312134; 0.7747978832951944
18.30534315109253; 0.7747978832951944
18.324289798736572; 0.7747978832951944
18.34410548210144; 0.7635770594965674
18.357255697250366; 0.7635770594965674
18.369774341583252; 0.7635770594965674
18.382800102233887; 0.7747978832951944
18.40096879005432; 0.7747978832951944
18.424923181533813; 0.7747978832951944
18.439329624176025; 0.7635770594965674
18.45634174346924; 0.7747978832951944
18.473945140838623; 0.7747978832951944
18.491543292999268; 0.7635770594965674
18.509114980697632; 0.7747978832951944
18.52333378791809; 0.7747978832951944
18.541218996047974; 0.7747978832951944
18.5566143989563; 0.7747978832951944
18.571932315826416; 0.7747978832951944
18.593443393707275; 0.7747978832951944
18.608227491378784; 0.7747978832951944
18.627983808517456; 0.7747978832951944
18.64513397216797; 0.7747978832951944
18.660176515579224; 0.7635770594965674
18.674418449401855; 0.7747978832951944
18.693145275115967; 0.7747978832951944
18.714721202850342; 0.7747978832951944
18.736107110977173; 0.7747978832951944
18.75605845451355; 0.7747978832951944
18.76986026763916; 0.7635770594965674
18.7890408039093; 0.7747978832951944
18.80635356903076; 0.7747978832951944
18.82496666908264; 0.7635770594965674
18.845006227493286; 0.7747978832951944
18.858129739761353; 0.7747978832951944
18.871267318725586; 0.7635770594965674
18.885649919509888; 0.7635770594965674
18.903863191604614; 0.7747978832951944
18.92578887939453; 0.7747978832951944
18.939154148101807; 0.7747978832951944
18.95931887626648; 0.7747978832951944
18.97661828994751; 0.7747978832951944
18.991135120391846; 0.7747978832951944
19.00898003578186; 0.7747978832951944
19.022938013076782; 0.7747978832951944
19.039896965026855; 0.7747978832951944
19.054458618164062; 0.7747978832951944
19.07233214378357; 0.7747978832951944
19.09059429168701; 0.7747978832951944
19.10808277130127; 0.7635770594965674
19.123724937438965; 0.7747978832951944
19.14187002182007; 0.7747978832951944
19.155279874801636; 0.7747978832951944
19.168485403060913; 0.7747978832951944
19.18657088279724; 0.7747978832951944
19.204432249069214; 0.7747978832951944
19.222928285598755; 0.7747978832951944
19.241713285446167; 0.7747978832951944
19.256619215011597; 0.7747978832951944
19.270872116088867; 0.7747978832951944
19.290290594100952; 0.7747978832951944
19.30617880821228; 0.7747978832951944
19.328137636184692; 0.7747978832951944
19.341569900512695; 0.7747978832951944
19.354745864868164; 0.7747978832951944
19.367905616760254; 0.7635770594965674
19.38090229034424; 0.7747978832951944
19.39895534515381; 0.7747978832951944
19.425081729888916; 0.7747978832951944
19.440508604049683; 0.7747978832951944
19.45840048789978; 0.7635770594965674
19.47563648223877; 0.7635770594965674
19.48835563659668; 0.7747978832951944
19.50695252418518; 0.7747978832951944
19.523454904556274; 0.7747978832951944
19.53876543045044; 0.7747978832951944
19.554020404815674; 0.7747978832951944
19.569506645202637; 0.7747978832951944
19.585232257843018; 0.7747978832951944
19.606540203094482; 0.7747978832951944
19.624691009521484; 0.7747978832951944
19.64423704147339; 0.7747978832951944
19.657810926437378; 0.7747978832951944
19.671693086624146; 0.7747978832951944
19.689748764038086; 0.7747978832951944
19.70738935470581; 0.7747978832951944
19.72431707382202; 0.7747978832951944
19.739720344543457; 0.7747978832951944
19.75450110435486; 0.7747978832951944
19.76909303665161; 0.7747978832951944
19.78808569908142; 0.7635770594965674
19.803770065307617; 0.7747978832951944
19.825608015060425; 0.7747978832951944
19.83811354637146; 0.7635770594965674
19.851240158081055; 0.7747978832951944
19.86441206932068; 0.7747978832951944
19.87737512588501; 0.7635770594965674
19.890388011932373; 0.7747978832951944
19.91387176513672; 0.7635770594965674
19.92849349975586; 0.7747978832951944
19.948516607284546; 0.7747978832951944
19.96228814125061; 0.7747978832951944
19.97770094871521; 0.7747978832951944
19.990893363952637; 0.7747978832951944
20.008765935897827; 0.7747978832951944
20.025243043899536; 0.7747978832951944
20.04265832901001; 0.7635770594965674
20.05712652206421; 0.7747978832951944
20.075026988983154; 0.7747978832951944
20.093441247940063; 0.7635770594965674
20.108389139175415; 0.7747978832951944
20.126455068588257; 0.7635770594965674
20.14149260520935; 0.7747978832951944
20.15821647644043; 0.7747978832951944
20.171690464019775; 0.7747978832951944
20.192437648773193; 0.7747978832951944
20.20800495147705; 0.7635770594965674
20.22670269012451; 0.7635770594965674
20.24118661880493; 0.7635770594965674
20.26142692565918; 0.7747978832951944
20.27635884284973; 0.7635770594965674
20.29227590560913; 0.7747978832951944
20.310704469680786; 0.7635770594965674
20.332271575927734; 0.7747978832951944
20.35322594642639; 0.7747978832951944
20.366518020629883; 0.7747978832951944
20.37966012954712; 0.7635770594965674
20.393028736114502; 0.7747978832951944
20.406172037124634; 0.7747978832951944
20.429130792617798; 0.7635770594965674
20.444201469421387; 0.7747978832951944
20.458137035369873; 0.7747978832951944
20.476147174835205; 0.7747978832951944
20.494202613830566; 0.7747978832951944
20.50739359855652; 0.7747978832951944
20.52802586555481; 0.7747978832951944
20.546406745910645; 0.7747978832951944
20.567822217941284; 0.7747978832951944
20.5812566280365; 0.7747978832951944
20.59859848022461; 0.7747978832951944
20.61804175376892; 0.7747978832951944
20.63291311264038; 0.7747978832951944
20.646122217178345; 0.7747978832951944
20.66645836830139; 0.7747978832951944
20.681786060333252; 0.7635770594965674
20.702563762664795; 0.7747978832951944
20.722713947296143; 0.7635770594965674
20.73896861076355; 0.7635770594965674
20.76078748703003; 0.7635770594965674
20.774154663085938; 0.7747978832951944
20.789172172546387; 0.7747978832951944
20.802913188934326; 0.7747978832951944
20.818549156188965; 0.7747978832951944
20.83668327331543; 0.7635770594965674
20.851506233215332; 0.7635770594965674
20.871676206588745; 0.7635770594965674
20.884203910827637; 0.7747978832951944
20.897351026535034; 0.7747978832951944
20.90986466407776; 0.7747978832951944
20.92299795150757; 0.7635770594965674
20.94117546081543; 0.7747978832951944
20.966232776641846; 0.7747978832951944
20.97959041595459; 0.7747978832951944
21.00022268295288; 0.7635770594965674
21.017014503479004; 0.7747978832951944
21.03223991394043; 0.7747978832951944
21.049359560012817; 0.7747978832951944
21.06336259841919; 0.7747978832951944
21.08081293106079; 0.7747978832951944
21.09433674812317; 0.7747978832951944
21.11361789703369; 0.7747978832951944
21.13549017906189; 0.7747978832951944
21.151605129241943; 0.7747978832951944
21.173197031021118; 0.7747978832951944
21.190147876739502; 0.7635770594965674
21.205787658691406; 0.7747978832951944
21.22318458557129; 0.7747978832951944
21.239412307739258; 0.7860187070938214
21.26041269302368; 0.7747978832951944
21.273861169815063; 0.7747978832951944
21.288389921188354; 0.7747978832951944
21.302178859710693; 0.7747978832951944
21.321293592453003; 0.7747978832951944
21.339523792266846; 0.7635770594965674
21.363719701766968; 0.7747978832951944
21.378896713256836; 0.7747978832951944
21.392117261886597; 0.7747978832951944
21.405719995498657; 0.7635770594965674
21.41895604133606; 0.7747978832951944
21.437215328216553; 0.7747978832951944
21.47148299217224; 0.7747978832951944
21.486558198928833; 0.7747978832951944
21.502665519714355; 0.7635770594965674
21.52216148376465; 0.7747978832951944
21.536662340164185; 0.7747978832951944
21.552920818328857; 0.7747978832951944
21.569125175476074; 0.7747978832951944
21.58469271659851; 0.7747978832951944
21.60116982460022; 0.7747978832951944
21.61660861968994; 0.7747978832951944
21.640374660491943; 0.7747978832951944
21.656334161758423; 0.7747978832951944
21.671965837478638; 0.7747978832951944
21.69187569618225; 0.7747978832951944
21.70833730697632; 0.7747978832951944
21.727699756622314; 0.7747978832951944
21.743339776992798; 0.7635770594965674
21.76404094696045; 0.7747978832951944
21.781139135360718; 0.7747978832951944
21.794532775878906; 0.7635770594965674
21.80973720550537; 0.7747978832951944
21.823737859725952; 0.7747978832951944
21.84281063079834; 0.7747978832951944
21.85869836807251; 0.7635770594965674
21.88103461265564; 0.7747978832951944
21.894228219985962; 0.7747978832951944
21.907398223876953; 0.7747978832951944
21.92183208465576; 0.7747978832951944
21.948691844940186; 0.7747978832951944
21.976617336273193; 0.7747978832951944
21.989802837371826; 0.7747978832951944
22.00679874420166; 0.7747978832951944
22.0243022441864; 0.7635770594965674
22.038676500320435; 0.7747978832951944
22.05598258972168; 0.7747978832951944
22.069999933242798; 0.7747978832951944
22.08730411529541; 0.7747978832951944
22.100781679153442; 0.7747978832951944
22.12317728996277; 0.7747978832951944
22.139084339141846; 0.7747978832951944
22.157393217086792; 0.7747978832951944
22.18527626991272; 0.7747978832951944
22.21033024787903; 0.7747978832951944
22.226945877075195; 0.7635770594965674
22.241714239120483; 0.7747978832951944
22.25856351852417; 0.7747978832951944
22.272331714630127; 0.7747978832951944
22.289001941680908; 0.7747978832951944
22.307917833328247; 0.7747978832951944
22.32686495780945; 0.7747978832951944
22.34184241294861; 0.7747978832951944
22.368800401687622; 0.7747978832951944
22.382481813430786; 0.7747978832951944
22.400707960128784; 0.7747978832951944
22.416934728622437; 0.7747978832951944
22.43872904777527; 0.7747978832951944
22.462294578552246; 0.7635770594965674
22.474912881851196; 0.7747978832951944
22.489200592041016; 0.7747978832951944
22.518303871154785; 0.7747978832951944
22.543119192123413; 0.7747978832951944
22.558199644088745; 0.7747978832951944
22.575579166412354; 0.7635770594965674
22.592879056930542; 0.7747978832951944
22.606165170669556; 0.7747978832951944
22.624224185943604; 0.7747978832951944
22.639198064804077; 0.7747978832951944
22.65474796295166; 0.7747978832951944
22.669509649276733; 0.7747978832951944
22.687390565872192; 0.7747978832951944
22.705399751663208; 0.7747978832951944
22.72409701347351; 0.7747978832951944
22.74196481704712; 0.7747978832951944
22.76034116744995; 0.7747978832951944
22.777513027191162; 0.7747978832951944
22.79101276397705; 0.7747978832951944
22.809118509292603; 0.7747978832951944
22.825076818466187; 0.7747978832951944
22.843873023986816; 0.7747978832951944
22.858940601348877; 0.7747978832951944
22.873623609542847; 0.7747978832951944
22.887935638427734; 0.7747978832951944
22.905031204223633; 0.7747978832951944
22.922553300857544; 0.7747978832951944
22.938833236694336; 0.7747978832951944
22.95811104774475; 0.7747978832951944
22.970764636993408; 0.7747978832951944
22.98459243774414; 0.7635770594965674
22.998909950256348; 0.7747978832951944
23.025835514068604; 0.7747978832951944
23.054160356521606; 0.7747978832951944
23.07109045982361; 0.7747978832951944
23.091541528701782; 0.7747978832951944
23.10830783843994; 0.7747978832951944
23.12397789955139; 0.7747978832951944
23.14179754257202; 0.7747978832951944
23.157254695892334; 0.7747978832951944
23.172016143798828; 0.7747978832951944
23.186865091323853; 0.7747978832951944
23.204906225204468; 0.7747978832951944
23.223783493041992; 0.7747978832951944
23.23898935317993; 0.7747978832951944
23.254660844802856; 0.7747978832951944
23.27175736427307; 0.7635770594965674
23.290815353393555; 0.7747978832951944
23.303974151611328; 0.7747978832951944
23.321779489517212; 0.7747978832951944
23.339810132980347; 0.7747978832951944
23.358437299728394; 0.7747978832951944
23.37199306488037; 0.7747978832951944
23.38724184036255; 0.7747978832951944
23.40135169029236; 0.7747978832951944
23.420610666275024; 0.7747978832951944
23.43655562400818; 0.7747978832951944
23.459153652191162; 0.7747978832951944
23.471736669540405; 0.7747978832951944
23.48424243927002; 0.7747978832951944
23.49742341041565; 0.7747978832951944
23.51091241836548; 0.7747978832951944
23.52952790260315; 0.7635770594965674
23.555951595306396; 0.7747978832951944
23.571710348129272; 0.7747978832951944
23.58608603477478; 0.7747978832951944
23.59914779663086; 0.7747978832951944
23.614832401275635; 0.7747978832951944
23.62913417816162; 0.7747978832951944
23.644558906555176; 0.7747978832951944
23.65814232826233; 0.7747978832951944
23.674591302871704; 0.7747978832951944
23.688984632492065; 0.7747978832951944
23.70588731765747; 0.7747978832951944
23.718872785568237; 0.7747978832951944
23.737014532089233; 0.7747978832951944
23.752424240112305; 0.7747978832951944
23.76611018180847; 0.7747978832951944
23.784630060195923; 0.7635770594965674
23.798603773117065; 0.7747978832951944
23.812140226364136; 0.7747978832951944
23.825642108917236; 0.7747978832951944
23.8413188457489; 0.7747978832951944
23.856573581695557; 0.7747978832951944
23.873801469802856; 0.7747978832951944
23.889491319656372; 0.7747978832951944
23.904744863510132; 0.7747978832951944
23.919482231140137; 0.7747978832951944
23.932674884796143; 0.7747978832951944
23.948033571243286; 0.7747978832951944
23.966277837753296; 0.7747978832951944
23.981940746307373; 0.7747978832951944
23.99655270576477; 0.7747978832951944
24.009739637374878; 0.7747978832951944
24.022942781448364; 0.7747978832951944
24.03610587120056; 0.7747978832951944
24.054272174835205; 0.7747978832951944
24.08229422569275; 0.7747978832951944
24.09812903404236; 0.7747978832951944
24.114346265792847; 0.7635770594965674
24.12965178489685; 0.7747978832951944
24.142716884613037; 0.7747978832951944
24.15588688850403; 0.7747978832951944
24.17097568511963; 0.7635770594965674
24.183942556381226; 0.7747978832951944
24.197779893875122; 0.7747978832951944
24.211994886398315; 0.7747978832951944
24.225261211395264; 0.7747978832951944
24.240873336791992; 0.7747978832951944
24.254014015197754; 0.7747978832951944
24.272740602493286; 0.7747978832951944
24.287834405899048; 0.7635770594965674
24.30711269378662; 0.7747978832951944
24.323423385620117; 0.7747978832951944
24.33971667289734; 0.7747978832951944
24.354390621185303; 0.7747978832951944
24.368532419204712; 0.7747978832951944
24.384074449539185; 0.7747978832951944
24.39918327331543; 0.7747978832951944
24.413655996322632; 0.7747978832951944
24.427095890045166; 0.7747978832951944
24.441331386566162; 0.7747978832951944
24.456974267959595; 0.7747978832951944
24.47010350227356; 0.7635770594965674
24.485247373580933; 0.7747978832951944
24.50232768058777; 0.7635770594965674
24.51573419570923; 0.7747978832951944
24.533777952194214; 0.7747978832951944
24.54696297645569; 0.7747978832951944
24.56014657020569; 0.7747978832951944
24.57336950302124; 0.7747978832951944
24.58634090423584; 0.7747978832951944
24.615760326385498; 0.7747978832951944
24.62984824180603; 0.7747978832951944
24.644745111465454; 0.7747978832951944
24.662612199783325; 0.7747978832951944
24.678080320358276; 0.7747978832951944
24.69710898399353; 0.7635770594965674
24.71488094329834; 0.7747978832951944
24.728771686553955; 0.7635770594965674
24.745750904083252; 0.7747978832951944
24.76093578338623; 0.7747978832951944
24.777673482894897; 0.7747978832951944
24.79664373397827; 0.7747978832951944
24.811535358428955; 0.7747978832951944
24.831586360931396; 0.7747978832951944
24.848427057266235; 0.7747978832951944
24.86215567588806; 0.7747978832951944
24.879980087280273; 0.7747978832951944
24.897186279296875; 0.7635770594965674
24.91335368156433; 0.7747978832951944
24.92906904220581; 0.7747978832951944
24.94364619255066; 0.7747978832951944
24.958535194396973; 0.7747978832951944
24.972028493881226; 0.7747978832951944
24.988452911376953; 0.7747978832951944
25.00475025177002; 0.7747978832951944
25.021666288375854; 0.7747978832951944
25.044586896896362; 0.7747978832951944
25.05779767036438; 0.7747978832951944
25.070343732833862; 0.7747978832951944
25.08355212211609; 0.7635770594965674
25.100833415985107; 0.7747978832951944
25.119109869003296; 0.7635770594965674
25.145132541656494; 0.7747978832951944
25.158762216567993; 0.7747978832951944
25.178972244262695; 0.7747978832951944
25.195915460586548; 0.7747978832951944
25.210411548614502; 0.7635770594965674
25.225830554962158; 0.7747978832951944
25.241523265838623; 0.7747978832951944
25.258596181869507; 0.7747978832951944
25.27370047569275; 0.7635770594965674
25.291565656661987; 0.7747978832951944
25.310702085494995; 0.7747978832951944
25.328242540359497; 0.7747978832951944
25.344083309173584; 0.7747978832951944
25.359209775924683; 0.7747978832951944
25.376014709472656; 0.7635770594965674
25.393555164337158; 0.7747978832951944
25.410658836364746; 0.7635770594965674
25.431480407714844; 0.7747978832951944
25.44633173942566; 0.7747978832951944
25.46107244491577; 0.7747978832951944
25.485923051834106; 0.7747978832951944
25.501544952392578; 0.7747978832951944
25.522777557373047; 0.7747978832951944
25.562318801879883; 0.7747978832951944
25.57547688484192; 0.7747978832951944
25.588659286499023; 0.7747978832951944
25.601735591888428; 0.7747978832951944
25.619879245758057; 0.7635770594965674
25.650073766708374; 0.7747978832951944
25.66350507736206; 0.7747978832951944
25.68387508392334; 0.7635770594965674
25.700767278671265; 0.7635770594965674
25.71796989440918; 0.7635770594965674
25.735116958618164; 0.7747978832951944
25.749799966812134; 0.7747978832951944
25.766817808151245; 0.7747978832951944
25.781932592391968; 0.7747978832951944
25.79871678352356; 0.7747978832951944
25.816582441329956; 0.7747978832951944
25.831631183624268; 0.7747978832951944
25.847256183624268; 0.7635770594965674
25.864333868026733; 0.7747978832951944
25.881223440170288; 0.7747978832951944
25.89463472366333; 0.7747978832951944
25.911505222320557; 0.7747978832951944
25.927350997924805; 0.7747978832951944
25.946163415908813; 0.7747978832951944
25.96343183517456; 0.7747978832951944
25.977283239364624; 0.7747978832951944
25.991653442382812; 0.7747978832951944
26.013118028640747; 0.7747978832951944
26.032520532608032; 0.7747978832951944
26.073017120361328; 0.7747978832951944
26.086171627044678; 0.7747978832951944
26.099372625350952; 0.7747978832951944
26.11371111869812; 0.7747978832951944
26.131877899169922; 0.7635770594965674
26.157347202301025; 0.7747978832951944
26.175321578979492; 0.7635770594965674
26.19312858581543; 0.7747978832951944
26.209378004074097; 0.7747978832951944
26.227792024612427; 0.7635770594965674
26.245070219039917; 0.7747978832951944
26.26030468940735; 0.7747978832951944
26.27743911743164; 0.7747978832951944
26.291284799575806; 0.7747978832951944
26.31639528274536; 0.7747978832951944
26.341749668121338; 0.7747978832951944
26.358347415924072; 0.7747978832951944
26.37335181236267; 0.7747978832951944
26.392151832580566; 0.7747978832951944
26.40551495552063; 0.7747978832951944
26.419222354888916; 0.7747978832951944
26.43745446205139; 0.7747978832951944
26.45956254005432; 0.7747978832951944
26.476881504058838; 0.7747978832951944
26.492236375808716; 0.7747978832951944
26.50535798072815; 0.7747978832951944
26.523146390914917; 0.7747978832951944
26.539963483810425; 0.7747978832951944
26.56758713722229; 0.7747978832951944
26.586472272872925; 0.7747978832951944
26.599626302719116; 0.7635770594965674
26.616661071777344; 0.7747978832951944
26.63043236732483; 0.7747978832951944
26.649723768234253; 0.7635770594965674
26.677605867385864; 0.7635770594965674
26.698217153549194; 0.7860187070938214
26.713978052139282; 0.7747978832951944
26.733884572982788; 0.7747978832951944
26.74769878387451; 0.7747978832951944
26.765576124191284; 0.7747978832951944
26.783020734786987; 0.7635770594965674
26.80089569091797; 0.7747978832951944
26.81603169441223; 0.7747978832951944
26.834452629089355; 0.7635770594965674
26.848669290542603; 0.7747978832951944
26.86701726913452; 0.7747978832951944
26.884949207305908; 0.7747978832951944
26.90084481239319; 0.7747978832951944
26.919007062911987; 0.7747978832951944
26.933943510055542; 0.7747978832951944
26.9483585357666; 0.7747978832951944
26.966432571411133; 0.7747978832951944
26.984309196472168; 0.7747978832951944
27.00238037109375; 0.7635770594965674
27.01867938041687; 0.7747978832951944
27.0348379611969; 0.7747978832951944
27.05466890335083; 0.7747978832951944
27.07081651687622; 0.7747978832951944
27.08870005607605; 0.7747978832951944
27.126107692718506; 0.7747978832951944
27.13921093940735; 0.7747978832951944
27.15237259864807; 0.7635770594965674
27.165510177612305; 0.7747978832951944
27.17878031730652; 0.7747978832951944
27.201509475708008; 0.7747978832951944
27.22420382499695; 0.7747978832951944
27.2424955368042; 0.7747978832951944
27.268887519836426; 0.7747978832951944
27.28624725341797; 0.7635770594965674
27.300960540771484; 0.7747978832951944
27.316153526306152; 0.7747978832951944
27.329960346221924; 0.7747978832951944
27.348104000091553; 0.7747978832951944
27.36639165878296; 0.7747978832951944
27.384427547454834; 0.7747978832951944
27.40516185760498; 0.7747978832951944
27.42027997970581; 0.7747978832951944
27.43462085723877; 0.7747978832951944
27.452182292938232; 0.7747978832951944
27.466888666152954; 0.7747978832951944
27.481300354003906; 0.7747978832951944
27.500982999801636; 0.7747978832951944
27.516266345977783; 0.7747978832951944
27.53732204437256; 0.7747978832951944
27.550990104675293; 0.7747978832951944
27.564647912979126; 0.7747978832951944
27.5809805393219; 0.7635770594965674
27.597070455551147; 0.7523562356979404
27.61376142501831; 0.7747978832951944
27.652318477630615; 0.7747978832951944
27.665488481521606; 0.7747978832951944
27.67804503440857; 0.7635770594965674
