13.73726201057434; 0.2688129484304933
0.005097150802612305; 0.2688129484304933
0.03487253189086914; 0.2688129484304933
0.06036090850830078; 0.25781855381165925
0.08738112449645996; 0.25781855381165925
0.10045242309570312; 0.2688129484304933
0.11749005317687988; 0.2688129484304933
0.13838529586791992; 0.25781855381165925
0.16098308563232422; 0.2688129484304933
0.18037128448486328; 0.25781855381165925
0.19522833824157715; 0.25781855381165925
0.2111353874206543; 0.2688129484304933
0.2276015281677246; 0.25781855381165925
0.2439107894897461; 0.2688129484304933
0.26150941848754883; 0.2688129484304933
0.2757420539855957; 0.25781855381165925
0.28884053230285645; 0.25781855381165925
0.3020033836364746; 0.2688129484304933
0.31510138511657715; 0.2688129484304933
0.3282897472381592; 0.2688129484304933
0.3413074016571045; 0.25781855381165925
0.35410380363464355; 0.25781855381165925
0.36748480796813965; 0.25781855381165925
0.38431620597839355; 0.25781855381165925
0.39734458923339844; 0.25781855381165925
0.4100823402404785; 0.2688129484304933
0.42287731170654297; 0.25781855381165925
0.4356355667114258; 0.2688129484304933
0.44835448265075684; 0.25781855381165925
0.4613528251647949; 0.25781855381165925
0.47408103942871094; 0.25781855381165925
0.4879014492034912; 0.25781855381165925
0.5007727146148682; 0.25781855381165925
0.51389479637146; 0.2688129484304933
0.5302839279174805; 0.2688129484304933
0.5450115203857422; 0.2688129484304933
0.559241533279419; 0.25781855381165925
0.5762956142425537; 0.24682415919282513
0.5934462547302246; 0.25781855381165925
0.6102633476257324; 0.25781855381165925
0.6262633800506592; 0.25781855381165925
0.641021728515625; 0.2688129484304933
0.6582090854644775; 0.2688129484304933
0.6715273857116699; 0.25781855381165925
0.69525146484375; 0.2688129484304933
0.7091984748840332; 0.25781855381165925
0.7288813591003418; 0.25781855381165925
0.748131275177002; 0.2688129484304933
0.7617433071136475; 0.25781855381165925
0.7755217552185059; 0.2688129484304933
0.7900004386901855; 0.25781855381165925
0.8070676326751709; 0.2688129484304933
0.8236210346221924; 0.2688129484304933
0.8418478965759277; 0.25781855381165925
0.8607428073883057; 0.2688129484304933
0.8786683082580566; 0.25781855381165925
0.898942232131958; 0.2688129484304933
0.9165244102478027; 0.25781855381165925
0.9352068901062012; 0.2688129484304933
0.9524979591369629; 0.25781855381165925
0.9650130271911621; 0.25781855381165925
0.9781677722930908; 0.2688129484304933
0.991675853729248; 0.2688129484304933
1.0049116611480713; 0.25781855381165925
1.0199940204620361; 0.2688129484304933
1.039579153060913; 0.2688129484304933
1.0566973686218262; 0.25781855381165925
1.0739996433258057; 0.25781855381165925
1.0867578983306885; 0.2688129484304933
1.1048998832702637; 0.24682415919282513
1.1218714714050293; 0.25781855381165925
1.139270305633545; 0.2688129484304933
1.1558496952056885; 0.25781855381165925
1.1736245155334473; 0.2688129484304933
1.1901490688323975; 0.2688129484304933
1.2055914402008057; 0.2688129484304933
1.2247989177703857; 0.25781855381165925
1.242328405380249; 0.25781855381165925
1.2563939094543457; 0.25781855381165925
1.2709219455718994; 0.25781855381165925
1.2879724502563477; 0.2688129484304933
1.3077692985534668; 0.25781855381165925
1.3243472576141357; 0.25781855381165925
1.3423538208007812; 0.2688129484304933
1.3582971096038818; 0.2688129484304933
1.376387119293213; 0.2688129484304933
1.3911688327789307; 0.25781855381165925
1.4109342098236084; 0.2688129484304933
1.4266633987426758; 0.2688129484304933
1.4499449729919434; 0.2688129484304933
1.4625732898712158; 0.25781855381165925
1.475149393081665; 0.2688129484304933
1.488257646560669; 0.2688129484304933
1.5014381408691406; 0.2688129484304933
1.514653205871582; 0.25781855381165925
1.529930591583252; 0.25781855381165925
1.5464167594909668; 0.25781855381165925
1.5614080429077148; 0.2688129484304933
1.578836441040039; 0.25781855381165925
1.5977702140808105; 0.25781855381165925
1.614431619644165; 0.25781855381165925
1.6304194927215576; 0.2688129484304933
1.6438534259796143; 0.2688129484304933
1.6590080261230469; 0.2688129484304933
1.6787679195404053; 0.25781855381165925
1.697192668914795; 0.2688129484304933
1.715684175491333; 0.25781855381165925
1.7366623878479004; 0.25781855381165925
1.7521755695343018; 0.25781855381165925
1.7666471004486084; 0.2688129484304933
1.7852215766906738; 0.2688129484304933
1.8005139827728271; 0.25781855381165925
1.8223702907562256; 0.2688129484304933
1.8402998447418213; 0.25781855381165925
1.8602802753448486; 0.2688129484304933
1.8781864643096924; 0.2688129484304933
1.893115758895874; 0.2688129484304933
1.9078657627105713; 0.25781855381165925
1.9240782260894775; 0.2688129484304933
1.9408352375030518; 0.25781855381165925
1.9580295085906982; 0.25781855381165925
1.9820168018341064; 0.2688129484304933
1.9945566654205322; 0.25781855381165925
2.008086919784546; 0.2688129484304933
2.0213968753814697; 0.25781855381165925
2.0360026359558105; 0.2688129484304933
2.058741331100464; 0.25781855381165925
2.0758938789367676; 0.25781855381165925
2.096705913543701; 0.25781855381165925
2.1112661361694336; 0.25781855381165925
2.128798246383667; 0.25781855381165925
2.1462934017181396; 0.25781855381165925
2.1598329544067383; 0.25781855381165925
2.1749589443206787; 0.25781855381165925
2.192063570022583; 0.25781855381165925
2.214815139770508; 0.2688129484304933
2.233219623565674; 0.25781855381165925
2.250854253768921; 0.25781855381165925
2.268446445465088; 0.25781855381165925
2.2820067405700684; 0.2688129484304933
2.295644998550415; 0.25781855381165925
2.3093817234039307; 0.25781855381165925
2.328237533569336; 0.25781855381165925
2.344412088394165; 0.25781855381165925
2.363049268722534; 0.2688129484304933
2.3816823959350586; 0.2688129484304933
2.4003992080688477; 0.25781855381165925
2.4139962196350098; 0.2688129484304933
2.430339813232422; 0.25781855381165925
2.445319414138794; 0.25781855381165925
2.460850477218628; 0.2688129484304933
2.51016902923584; 0.25781855381165925
2.522653341293335; 0.25781855381165925
2.5352470874786377; 0.2688129484304933
2.548650026321411; 0.25781855381165925
2.563032627105713; 0.2688129484304933
2.576184034347534; 0.25781855381165925
2.5898678302764893; 0.2688129484304933
2.6088273525238037; 0.2688129484304933
2.6243040561676025; 0.2688129484304933
2.637793779373169; 0.25781855381165925
2.655425786972046; 0.25781855381165925
2.6688151359558105; 0.2688129484304933
2.689166784286499; 0.2688129484304933
2.7045977115631104; 0.25781855381165925
2.7216639518737793; 0.25781855381165925
2.740380048751831; 0.2688129484304933
2.7634334564208984; 0.25781855381165925
2.7808001041412354; 0.25781855381165925
2.7984886169433594; 0.2688129484304933
2.8159666061401367; 0.2688129484304933
2.834495782852173; 0.2688129484304933
2.8509414196014404; 0.25781855381165925
2.873464345932007; 0.25781855381165925
2.890226364135742; 0.25781855381165925
2.912883758544922; 0.25781855381165925
2.932065010070801; 0.25781855381165925
2.945819854736328; 0.2688129484304933
2.9626264572143555; 0.25781855381165925
2.979705810546875; 0.25781855381165925
3.02368426322937; 0.2688129484304933
3.042213201522827; 0.25781855381165925
3.0546927452087402; 0.2688129484304933
3.0672104358673096; 0.25781855381165925
3.0805466175079346; 0.25781855381165925
3.09425687789917; 0.25781855381165925
3.113091230392456; 0.25781855381165925
3.1261065006256104; 0.2688129484304933
3.140807628631592; 0.2688129484304933
3.156907320022583; 0.25781855381165925
3.1720800399780273; 0.25781855381165925
3.18772292137146; 0.2688129484304933
3.203327178955078; 0.25781855381165925
3.2173726558685303; 0.25781855381165925
3.2306740283966064; 0.2688129484304933
3.247987747192383; 0.25781855381165925
3.264740228652954; 0.2688129484304933
3.2806148529052734; 0.25781855381165925
3.2976951599121094; 0.2688129484304933
3.315765380859375; 0.25781855381165925
3.335911750793457; 0.2688129484304933
3.3494579792022705; 0.25781855381165925
3.3633930683135986; 0.2688129484304933
3.3796489238739014; 0.25781855381165925
3.4000892639160156; 0.25781855381165925
3.4201478958129883; 0.25781855381165925
3.4396185874938965; 0.25781855381165925
3.4580373764038086; 0.2688129484304933
3.474363327026367; 0.2688129484304933
3.4939136505126953; 0.2688129484304933
3.5127222537994385; 0.25781855381165925
3.5644655227661133; 0.25781855381165925
3.577692747116089; 0.2688129484304933
3.5909323692321777; 0.25781855381165925
3.6043243408203125; 0.2688129484304933
3.6178271770477295; 0.25781855381165925
3.632350444793701; 0.25781855381165925
3.6484224796295166; 0.25781855381165925
3.6637818813323975; 0.2688129484304933
3.6808931827545166; 0.25781855381165925
3.696068286895752; 0.25781855381165925
3.715181827545166; 0.2688129484304933
3.7299575805664062; 0.2688129484304933
3.7479190826416016; 0.25781855381165925
3.762120485305786; 0.2688129484304933
3.7790462970733643; 0.2688129484304933
3.795931339263916; 0.2688129484304933
3.811413288116455; 0.25781855381165925
3.828071355819702; 0.25781855381165925
3.845337152481079; 0.2688129484304933
3.8625261783599854; 0.2688129484304933
3.8771800994873047; 0.25781855381165925
3.8907508850097656; 0.25781855381165925
3.905959367752075; 0.2688129484304933
3.9287524223327637; 0.25781855381165925
3.9454381465911865; 0.2688129484304933
3.963378429412842; 0.2688129484304933
3.9816863536834717; 0.25781855381165925
3.995265245437622; 0.2688129484304933
4.014339923858643; 0.25781855381165925
4.031404256820679; 0.25781855381165925
4.072616338729858; 0.25781855381165925
4.091142892837524; 0.25781855381165925
4.103721618652344; 0.25781855381165925
4.11625862121582; 0.2688129484304933
4.129577875137329; 0.25781855381165925
4.143400430679321; 0.25781855381165925
4.156735181808472; 0.2688129484304933
4.170691728591919; 0.25781855381165925
4.190284252166748; 0.25781855381165925
4.207651138305664; 0.25781855381165925
4.222785949707031; 0.25781855381165925
4.242403507232666; 0.25781855381165925
4.257437467575073; 0.25781855381165925
4.272909164428711; 0.2688129484304933
4.287222623825073; 0.2688129484304933
4.305939435958862; 0.25781855381165925
4.323695659637451; 0.25781855381165925
4.338831901550293; 0.25781855381165925
4.353931903839111; 0.2688129484304933
4.369570255279541; 0.25781855381165925
4.3873066902160645; 0.25781855381165925
4.401181936264038; 0.25781855381165925
4.41518759727478; 0.2688129484304933
4.430071115493774; 0.2688129484304933
4.449984312057495; 0.25781855381165925
4.470012187957764; 0.2688129484304933
4.494253635406494; 0.2688129484304933
4.512983798980713; 0.25781855381165925
4.527014970779419; 0.2688129484304933
4.5446155071258545; 0.25781855381165925
4.560595750808716; 0.25781855381165925
4.603496551513672; 0.25781855381165925
4.622657537460327; 0.25781855381165925
4.635124206542969; 0.25781855381165925
4.648346900939941; 0.25781855381165925
4.661784410476685; 0.25781855381165925
4.679526329040527; 0.2688129484304933
4.694413423538208; 0.25781855381165925
4.709573030471802; 0.25781855381165925
4.728340148925781; 0.25781855381165925
4.745360612869263; 0.25781855381165925
4.760079622268677; 0.25781855381165925
4.777404546737671; 0.25781855381165925
4.795600414276123; 0.2688129484304933
4.808441162109375; 0.25781855381165925
4.822998523712158; 0.25781855381165925
4.839495897293091; 0.25781855381165925
4.85850977897644; 0.2688129484304933
4.87469220161438; 0.2688129484304933
4.8902647495269775; 0.2688129484304933
4.907746076583862; 0.2688129484304933
4.927330017089844; 0.25781855381165925
4.941305637359619; 0.25781855381165925
4.955063581466675; 0.25781855381165925
4.970048189163208; 0.25781855381165925
4.989279270172119; 0.25781855381165925
5.005041122436523; 0.25781855381165925
5.027393579483032; 0.25781855381165925
5.046447277069092; 0.2688129484304933
5.059988737106323; 0.25781855381165925
5.077843904495239; 0.25781855381165925
5.09376335144043; 0.25781855381165925
5.1368629932403564; 0.25781855381165925
5.154984474182129; 0.2688129484304933
5.167478561401367; 0.2688129484304933
5.179999351501465; 0.25781855381165925
5.193195581436157; 0.25781855381165925
5.208357572555542; 0.25781855381165925
5.222077131271362; 0.2688129484304933
5.235477685928345; 0.25781855381165925
5.25294041633606; 0.25781855381165925
5.27009129524231; 0.25781855381165925
5.28288459777832; 0.25781855381165925
5.301512241363525; 0.25781855381165925
5.316494941711426; 0.25781855381165925
5.335077285766602; 0.25781855381165925
5.350849866867065; 0.25781855381165925
5.368188142776489; 0.2688129484304933
5.388037443161011; 0.2688129484304933
5.405536890029907; 0.25781855381165925
5.424194812774658; 0.25781855381165925
5.439646482467651; 0.25781855381165925
5.453243017196655; 0.2688129484304933
5.470144987106323; 0.25781855381165925
5.487358570098877; 0.2688129484304933
5.503883600234985; 0.2688129484304933
5.520826816558838; 0.2688129484304933
5.536740064620972; 0.2688129484304933
5.555690288543701; 0.25781855381165925
5.57280969619751; 0.2688129484304933
5.586925029754639; 0.2688129484304933
5.604538202285767; 0.25781855381165925
5.627588272094727; 0.25781855381165925
5.677607297897339; 0.2688129484304933
5.6902875900268555; 0.25781855381165925
5.70334529876709; 0.2688129484304933
5.716516017913818; 0.25781855381165925
5.731096029281616; 0.2688129484304933
5.745514392852783; 0.2688129484304933
5.7587010860443115; 0.25781855381165925
5.776173114776611; 0.25781855381165925
5.795983791351318; 0.25781855381165925
5.814581632614136; 0.2688129484304933
5.833774566650391; 0.25781855381165925
5.847981214523315; 0.2688129484304933
5.865644931793213; 0.25781855381165925
5.879202365875244; 0.25781855381165925
5.897306442260742; 0.2688129484304933
5.920039176940918; 0.2688129484304933
5.936529159545898; 0.2688129484304933
5.951901912689209; 0.2688129484304933
5.966655015945435; 0.25781855381165925
5.983865261077881; 0.25781855381165925
5.997530460357666; 0.2688129484304933
6.011075496673584; 0.25781855381165925
6.026282787322998; 0.2688129484304933
6.0493786334991455; 0.2688129484304933
6.066650152206421; 0.25781855381165925
6.084553956985474; 0.2688129484304933
6.102862596511841; 0.2688129484304933
6.1164634227752686; 0.25781855381165925
6.1364586353302; 0.2688129484304933
6.1523988246917725; 0.2688129484304933
6.192394256591797; 0.25781855381165925
6.210825204849243; 0.2688129484304933
6.223974704742432; 0.25781855381165925
6.236519813537598; 0.25781855381165925
6.24977707862854; 0.25781855381165925
6.263803958892822; 0.2688129484304933
6.279047012329102; 0.25781855381165925
6.294315576553345; 0.25781855381165925
6.310234546661377; 0.25781855381165925
6.324470520019531; 0.2688129484304933
6.338734865188599; 0.25781855381165925
6.354633331298828; 0.2688129484304933
6.371812582015991; 0.2688129484304933
6.38738489151001; 0.2688129484304933
6.406733512878418; 0.2688129484304933
6.420003175735474; 0.25781855381165925
6.4402477741241455; 0.25781855381165925
6.458409309387207; 0.25781855381165925
6.4773454666137695; 0.25781855381165925
6.491475582122803; 0.2688129484304933
6.508335828781128; 0.25781855381165925
6.531148672103882; 0.25781855381165925
6.546936511993408; 0.25781855381165925
6.5622100830078125; 0.2688129484304933
6.577344655990601; 0.2688129484304933
6.592297554016113; 0.25781855381165925
6.612528085708618; 0.25781855381165925
6.628533363342285; 0.25781855381165925
6.645404577255249; 0.25781855381165925
6.672003984451294; 0.25781855381165925
6.687222003936768; 0.25781855381165925
6.702350616455078; 0.25781855381165925
6.7211949825286865; 0.25781855381165925
6.742959022521973; 0.25781855381165925
6.795551300048828; 0.25781855381165925
6.808041095733643; 0.25781855381165925
6.821093559265137; 0.25781855381165925
6.8343470096588135; 0.25781855381165925
6.8513336181640625; 0.2688129484304933
6.866119623184204; 0.25781855381165925
6.882225751876831; 0.25781855381165925
6.896111726760864; 0.2688129484304933
6.9116129875183105; 0.2688129484304933
6.925501346588135; 0.2688129484304933
6.939558744430542; 0.25781855381165925
6.958064794540405; 0.2688129484304933
6.97400164604187; 0.25781855381165925
6.987221002578735; 0.25781855381165925
7.003347158432007; 0.25781855381165925
7.020086288452148; 0.2688129484304933
7.04395055770874; 0.25781855381165925
7.059676170349121; 0.25781855381165925
7.0773468017578125; 0.25781855381165925
7.096773386001587; 0.25781855381165925
7.110307455062866; 0.2688129484304933
7.123819351196289; 0.25781855381165925
7.13775897026062; 0.25781855381165925
7.1579108238220215; 0.25781855381165925
7.1755311489105225; 0.25781855381165925
7.190117120742798; 0.25781855381165925
7.204215049743652; 0.2688129484304933
7.222538709640503; 0.25781855381165925
7.236093044281006; 0.2688129484304933
7.254277229309082; 0.2688129484304933
7.270174741744995; 0.25781855381165925
7.309391021728516; 0.25781855381165925
7.32783579826355; 0.25781855381165925
7.345071077346802; 0.25781855381165925
7.3582069873809814; 0.25781855381165925
7.371181488037109; 0.2688129484304933
7.390876054763794; 0.25781855381165925
7.409854888916016; 0.25781855381165925
7.427003860473633; 0.2688129484304933
7.444180727005005; 0.25781855381165925
7.459669828414917; 0.2688129484304933
7.476818799972534; 0.25781855381165925
7.49290919303894; 0.25781855381165925
7.510556697845459; 0.27980734304932736
7.525063991546631; 0.2688129484304933
7.542526721954346; 0.25781855381165925
7.56142258644104; 0.25781855381165925
7.576273202896118; 0.25781855381165925
7.591827630996704; 0.25781855381165925
7.612314701080322; 0.25781855381165925
7.6258885860443115; 0.2688129484304933
7.640832185745239; 0.2688129484304933
7.654988765716553; 0.25781855381165925
7.669936180114746; 0.2688129484304933
7.689457178115845; 0.25781855381165925
7.708882570266724; 0.2688129484304933
7.727769613265991; 0.25781855381165925
7.746065139770508; 0.2688129484304933
7.76069450378418; 0.25781855381165925
7.77824854850769; 0.2688129484304933
7.793992519378662; 0.2688129484304933
7.834816217422485; 0.2688129484304933
7.85321044921875; 0.24682415919282513
7.866399765014648; 0.2688129484304933
7.879554986953735; 0.2688129484304933
7.892679452896118; 0.25781855381165925
7.906425476074219; 0.2688129484304933
7.921292543411255; 0.25781855381165925
7.941515684127808; 0.2688129484304933
7.9566240310668945; 0.2688129484304933
7.973600625991821; 0.2688129484304933
7.988269329071045; 0.25781855381165925
8.005355596542358; 0.2688129484304933
8.020305633544922; 0.2688129484304933
8.03711199760437; 0.2688129484304933
8.05250072479248; 0.2688129484304933
8.069276571273804; 0.2688129484304933
8.090486764907837; 0.25781855381165925
8.107208013534546; 0.25781855381165925
8.125136375427246; 0.25781855381165925
8.144220352172852; 0.25781855381165925
8.158138751983643; 0.25781855381165925
8.171665668487549; 0.2688129484304933
8.185134172439575; 0.25781855381165925
8.20147967338562; 0.25781855381165925
8.219115257263184; 0.25781855381165925
8.235636949539185; 0.2688129484304933
8.263344287872314; 0.25781855381165925
8.277007579803467; 0.2688129484304933
8.29041576385498; 0.25781855381165925
8.30398964881897; 0.2688129484304933
8.320252180099487; 0.2688129484304933
8.33450198173523; 0.25781855381165925
8.350184679031372; 0.2688129484304933
8.39206600189209; 0.25781855381165925
8.410114049911499; 0.2688129484304933
8.423259973526001; 0.25781855381165925
8.436453104019165; 0.2688129484304933
8.449573040008545; 0.25781855381165925
8.464349746704102; 0.25781855381165925
8.478846311569214; 0.25781855381165925
8.492045879364014; 0.2688129484304933
8.512826919555664; 0.25781855381165925
8.529874324798584; 0.2688129484304933
8.545846223831177; 0.2688129484304933
8.563109159469604; 0.2688129484304933
8.578358888626099; 0.25781855381165925
8.59607195854187; 0.25781855381165925
8.61029314994812; 0.25781855381165925
8.627090692520142; 0.25781855381165925
8.648349523544312; 0.25781855381165925
8.66211462020874; 0.2688129484304933
8.677764177322388; 0.25781855381165925
8.696125030517578; 0.2688129484304933
8.70986533164978; 0.25781855381165925
8.723299503326416; 0.2688129484304933
8.73681640625; 0.25781855381165925
8.751720190048218; 0.25781855381165925
8.773991823196411; 0.25781855381165925
8.791340112686157; 0.25781855381165925
8.814048767089844; 0.25781855381165925
8.833051919937134; 0.2688129484304933
8.848145484924316; 0.25781855381165925
8.862239599227905; 0.25781855381165925
8.876908540725708; 0.2688129484304933
8.896995782852173; 0.25781855381165925
8.918518781661987; 0.2688129484304933
8.953504800796509; 0.25781855381165925
8.972640037536621; 0.25781855381165925
8.985756397247314; 0.25781855381165925
8.998896360397339; 0.2688129484304933
9.012082815170288; 0.2688129484304933
9.026640176773071; 0.25781855381165925
9.041065692901611; 0.24682415919282513
9.054340124130249; 0.2688129484304933
9.068159103393555; 0.25781855381165925
9.082064867019653; 0.2688129484304933
9.096002101898193; 0.25781855381165925
9.11156940460205; 0.25781855381165925
9.127297401428223; 0.2688129484304933
9.143231630325317; 0.25781855381165925
9.16468358039856; 0.2688129484304933
9.183099031448364; 0.25781855381165925
9.200112342834473; 0.25781855381165925
9.22182846069336; 0.25781855381165925
9.24268364906311; 0.2688129484304933
9.258054733276367; 0.2688129484304933
9.271912813186646; 0.25781855381165925
9.285074234008789; 0.2688129484304933
9.302530765533447; 0.2688129484304933
9.320646286010742; 0.25781855381165925
9.339542150497437; 0.2688129484304933
9.353944540023804; 0.2688129484304933
9.368832349777222; 0.2688129484304933
9.381972074508667; 0.25781855381165925
9.400142192840576; 0.25781855381165925
9.417050123214722; 0.2688129484304933
9.460970401763916; 0.25781855381165925
9.479438543319702; 0.25781855381165925
9.492559909820557; 0.25781855381165925
9.505721807479858; 0.2688129484304933
9.518790483474731; 0.25781855381165925
9.534480333328247; 0.2688129484304933
9.548572063446045; 0.2688129484304933
9.561787843704224; 0.2688129484304933
9.579355955123901; 0.25781855381165925
9.596575260162354; 0.25781855381165925
9.609814167022705; 0.25781855381165925
9.627586841583252; 0.2688129484304933
9.640827178955078; 0.25781855381165925
9.65814471244812; 0.25781855381165925
9.671884775161743; 0.2688129484304933
9.689497232437134; 0.2688129484304933
9.706693172454834; 0.2688129484304933
9.728360414505005; 0.25781855381165925
9.746329545974731; 0.25781855381165925
9.765861511230469; 0.2688129484304933
9.780001401901245; 0.25781855381165925
9.794506072998047; 0.2688129484304933
9.81658387184143; 0.25781855381165925
9.834547758102417; 0.25781855381165925
9.84902572631836; 0.2688129484304933
9.862895965576172; 0.25781855381165925
9.878609895706177; 0.2688129484304933
9.891861200332642; 0.2688129484304933
9.913706302642822; 0.2688129484304933
9.930388450622559; 0.25781855381165925
9.970440149307251; 0.25781855381165925
9.989041090011597; 0.2688129484304933
10.002314567565918; 0.25781855381165925
10.015074491500854; 0.25781855381165925
10.028448104858398; 0.2688129484304933
10.045050144195557; 0.25781855381165925
10.060699224472046; 0.25781855381165925
10.074361801147461; 0.2688129484304933
10.087989091873169; 0.25781855381165925
10.102015972137451; 0.25781855381165925
10.11627459526062; 0.2688129484304933
10.131158590316772; 0.2688129484304933
10.148159265518188; 0.25781855381165925
10.16430950164795; 0.25781855381165925
10.178595304489136; 0.2688129484304933
10.193609237670898; 0.2688129484304933
10.21047568321228; 0.25781855381165925
10.232698202133179; 0.25781855381165925
10.246761798858643; 0.2688129484304933
10.269450187683105; 0.25781855381165925
10.287074089050293; 0.25781855381165925
10.30090856552124; 0.2688129484304933
10.315207719802856; 0.2688129484304933
10.336174726486206; 0.2688129484304933
10.356575965881348; 0.25781855381165925
10.381567478179932; 0.25781855381165925
10.396661520004272; 0.2688129484304933
10.411848545074463; 0.2688129484304933
10.430869579315186; 0.25781855381165925
10.450700759887695; 0.2688129484304933
10.470070600509644; 0.2688129484304933
10.514256238937378; 0.25781855381165925
10.526790380477905; 0.2688129484304933
10.539440631866455; 0.2688129484304933
10.55287504196167; 0.25781855381165925
10.571276426315308; 0.25781855381165925
10.585931539535522; 0.2688129484304933
10.599308013916016; 0.25781855381165925
10.616533279418945; 0.25781855381165925
10.636903047561646; 0.25781855381165925
10.652418851852417; 0.25781855381165925
10.670887470245361; 0.2688129484304933
10.68966031074524; 0.25781855381165925
10.704200267791748; 0.25781855381165925
10.720154523849487; 0.25781855381165925
10.735728025436401; 0.2688129484304933
10.753309965133667; 0.25781855381165925
10.768271207809448; 0.25781855381165925
10.785329341888428; 0.25781855381165925
10.802976131439209; 0.25781855381165925
10.821960687637329; 0.2688129484304933
10.839921951293945; 0.25781855381165925
10.860450267791748; 0.25781855381165925
10.881712675094604; 0.2688129484304933
10.902470111846924; 0.2688129484304933
10.918992757797241; 0.2688129484304933
10.93450117111206; 0.25781855381165925
10.950257301330566; 0.25781855381165925
10.967044353485107; 0.2688129484304933
10.984968900680542; 0.2688129484304933
11.002201557159424; 0.2688129484304933
11.01831579208374; 0.25781855381165925
11.055760860443115; 0.25781855381165925
11.074326276779175; 0.2688129484304933
11.086822509765625; 0.25781855381165925
11.100995063781738; 0.25781855381165925
11.12795877456665; 0.25781855381165925
11.148955821990967; 0.2688129484304933
11.162745237350464; 0.25781855381165925
11.18055772781372; 0.2688129484304933
11.19865083694458; 0.2688129484304933
11.213037252426147; 0.2688129484304933
11.231449127197266; 0.25781855381165925
11.245274543762207; 0.2688129484304933
11.267242670059204; 0.2688129484304933
11.284218549728394; 0.25781855381165925
11.29844069480896; 0.2688129484304933
11.316210269927979; 0.25781855381165925
11.331778287887573; 0.25781855381165925
11.347739696502686; 0.2688129484304933
11.365067958831787; 0.2688129484304933
11.383581399917603; 0.25781855381165925
11.401493549346924; 0.25781855381165925
11.422768831253052; 0.25781855381165925
11.437954902648926; 0.25781855381165925
11.457351446151733; 0.2688129484304933
11.473149538040161; 0.25781855381165925
11.494173049926758; 0.25781855381165925
11.509057998657227; 0.2688129484304933
11.526096820831299; 0.25781855381165925
11.542518854141235; 0.25781855381165925
11.589285850524902; 0.25781855381165925
11.607537508010864; 0.2688129484304933
11.620699167251587; 0.25781855381165925
11.634446859359741; 0.25781855381165925
11.661464214324951; 0.25781855381165925
11.682095050811768; 0.25781855381165925
11.696085691452026; 0.2688129484304933
11.714887857437134; 0.2688129484304933
11.732735395431519; 0.25781855381165925
11.74598240852356; 0.25781855381165925
11.760909795761108; 0.25781855381165925
11.777979612350464; 0.25781855381165925
11.79745626449585; 0.25781855381165925
11.81137466430664; 0.2688129484304933
11.829907655715942; 0.25781855381165925
11.848155498504639; 0.25781855381165925
11.863883018493652; 0.25781855381165925
11.878999710083008; 0.27980734304932736
11.89449405670166; 0.2688129484304933
11.912426233291626; 0.25781855381165925
11.931949853897095; 0.25781855381165925
11.94669508934021; 0.2688129484304933
11.965436935424805; 0.25781855381165925
11.981605529785156; 0.25781855381165925
12.001430749893188; 0.2688129484304933
12.016367435455322; 0.2688129484304933
12.031978130340576; 0.2688129484304933
12.047537565231323; 0.2688129484304933
12.060907363891602; 0.25781855381165925
12.079805135726929; 0.31279052690582965
12.09626841545105; 0.44472326233183856
12.14243483543396; 2.0938824551569506
12.163294553756714; 2.808518105381166
12.175857782363892; 3.666080885650224
12.18880581855774; 4.67756519058296
12.21599793434143; 6.271752410313902
12.237096786499023; 7.041360033632287
12.251164674758911; 7.547102186098655
12.265094757080078; 8.107816311659192
12.279565811157227; 8.514608912556055
12.294150829315186; 9.020351065022421
12.30868673324585; 9.548082006726458
12.326139450073242; 9.80095308295964
12.342832088470459; 10.1747625
12.356804132461548; 10.383655997757847
12.371274709701538; 10.482605549327355
12.387949705123901; 10.779454204035876
12.405409336090088; 10.856414966367714
12.424003839492798; 10.735476625560539
12.441616773605347; 10.614538284753364
12.467036724090576; 10.22973447309417
12.487592220306396; 10.339678419282512
12.502046346664429; 10.19675128923767
12.520629405975342; 9.965869002242153
12.536802768707275; 9.756975504484306
12.554676294326782; 9.76796989910314
12.570693969726562; 10.00984658071749
12.586026668548584; 10.273712051569508
12.60223388671875; 10.240728867713004
12.618670463562012; 9.899902634529148
12.635986089706421; 9.328194114349776
12.65656566619873; 8.217760257847534
12.669130802154541; 7.31621989910314
12.682057619094849; 5.798993441704036
12.705567359924316; 3.677075280269058
12.722613096237183; 1.9729441143497757
12.737444877624512; 0.8735046524663678
12.751044750213623; 0.33477931614349776
12.767990350723267; 0.25781855381165925
12.789084672927856; 0.2688129484304933
12.804067373275757; 0.25781855381165925
12.819857835769653; 0.25781855381165925
12.83565616607666; 0.24682415919282513
12.849644422531128; 0.2688129484304933
12.864528179168701; 0.25781855381165925
12.885643482208252; 0.25781855381165925
12.90015959739685; 0.2688129484304933
12.916361331939697; 0.2688129484304933
12.931274652481079; 0.2688129484304933
12.946679592132568; 0.2688129484304933
12.965459823608398; 0.2688129484304933
12.979093551635742; 0.25781855381165925
12.995184659957886; 0.2688129484304933
13.013471841812134; 0.2688129484304933
13.035549879074097; 0.25781855381165925
13.054599046707153; 0.25781855381165925
13.068470001220703; 0.25781855381165925
13.085852146148682; 0.2688129484304933
13.103229522705078; 0.2688129484304933
13.12255048751831; 0.25781855381165925
13.137546062469482; 0.2688129484304933
13.16055417060852; 0.25781855381165925
13.173105001449585; 0.2688129484304933
13.18570852279663; 0.2688129484304933
13.198594093322754; 0.25781855381165925
13.217039108276367; 0.2688129484304933
13.238630533218384; 0.2688129484304933
13.255855321884155; 0.2688129484304933
13.270169258117676; 0.25781855381165925
13.284008502960205; 0.2688129484304933
13.299917697906494; 0.2688129484304933
13.312947750091553; 0.25781855381165925
13.329741716384888; 0.25781855381165925
13.344075918197632; 0.2688129484304933
13.36205768585205; 0.25781855381165925
13.37651252746582; 0.2688129484304933
13.390716075897217; 0.25781855381165925
13.405499696731567; 0.25781855381165925
13.425944089889526; 0.25781855381165925
13.441789388656616; 0.2688129484304933
13.458618879318237; 0.25781855381165925
13.480347394943237; 0.2688129484304933
13.49502420425415; 0.2688129484304933
13.510075807571411; 0.25781855381165925
13.527226448059082; 0.2688129484304933
13.542948961257935; 0.25781855381165925
13.563279867172241; 0.25781855381165925
13.577739000320435; 0.2688129484304933
13.592260360717773; 0.25781855381165925
13.606146097183228; 0.25781855381165925
13.627275943756104; 0.2688129484304933
13.644602060317993; 0.2688129484304933
13.66524887084961; 0.2688129484304933
13.677773714065552; 0.2688129484304933
13.690924644470215; 0.2688129484304933
13.704079627990723; 0.25781855381165925
13.717288732528687; 0.2688129484304933
13.73563289642334; 0.25781855381165925
13.75415587425232; 0.25781855381165925
13.76870059967041; 0.2688129484304933
13.787275075912476; 0.25781855381165925
13.805724620819092; 0.2688129484304933
13.819022178649902; 0.25781855381165925
13.833386421203613; 0.2688129484304933
13.847978591918945; 0.2688129484304933
13.86439299583435; 0.25781855381165925
13.877763271331787; 0.2688129484304933
13.89362621307373; 0.2688129484304933
13.911126375198364; 0.25781855381165925
13.926761388778687; 0.25781855381165925
13.94280743598938; 0.2688129484304933
13.96044921875; 0.25781855381165925
13.980261325836182; 0.2688129484304933
13.998167276382446; 0.25781855381165925
14.012856483459473; 0.2688129484304933
14.02708649635315; 0.25781855381165925
14.050508975982666; 0.2688129484304933
14.07095217704773; 0.25781855381165925
14.091048002243042; 0.25781855381165925
14.105663299560547; 0.2688129484304933
14.121969938278198; 0.2688129484304933
14.137715101242065; 0.2688129484304933
14.155810117721558; 0.2688129484304933
14.174717426300049; 0.25781855381165925
14.196726322174072; 0.2688129484304933
14.209237813949585; 0.2688129484304933
14.221747636795044; 0.25781855381165925
14.235025882720947; 0.2688129484304933
14.253407001495361; 0.2688129484304933
14.275322675704956; 0.25781855381165925
14.289800643920898; 0.2688129484304933
14.305091619491577; 0.2688129484304933
14.32131838798523; 0.25781855381165925
14.335944652557373; 0.25781855381165925
14.351179838180542; 0.2688129484304933
14.368372440338135; 0.25781855381165925
14.383373498916626; 0.2688129484304933
14.401054382324219; 0.25781855381165925
14.414860010147095; 0.25781855381165925
14.430992841720581; 0.2688129484304933
14.444669961929321; 0.25781855381165925
14.465911149978638; 0.2688129484304933
14.484144449234009; 0.2688129484304933
14.502132177352905; 0.25781855381165925
14.515709161758423; 0.2688129484304933
14.529441118240356; 0.25781855381165925
14.547920227050781; 0.2688129484304933
14.565712690353394; 0.2688129484304933
14.5881667137146; 0.25781855381165925
14.602922201156616; 0.2688129484304933
14.617764472961426; 0.2688129484304933
14.631606340408325; 0.25781855381165925
14.649649620056152; 0.2688129484304933
14.665597915649414; 0.2688129484304933
14.683818817138672; 0.25781855381165925
14.696378231048584; 0.25781855381165925
14.708866357803345; 0.2688129484304933
14.722051858901978; 0.2688129484304933
14.735410451889038; 0.25781855381165925
14.753663778305054; 0.25781855381165925
14.774275064468384; 0.25781855381165925
14.788723230361938; 0.2688129484304933
14.807252883911133; 0.25781855381165925
14.825935363769531; 0.2688129484304933
14.839293003082275; 0.25781855381165925
14.85956621170044; 0.2688129484304933
14.872668743133545; 0.25781855381165925
14.893673658370972; 0.2688129484304933
14.907318592071533; 0.25781855381165925
14.92091417312622; 0.2688129484304933
14.935492277145386; 0.2688129484304933
14.961761713027954; 0.2688129484304933
14.975139379501343; 0.2688129484304933
14.991581678390503; 0.2688129484304933
15.009477853775024; 0.25781855381165925
15.029961585998535; 0.2688129484304933
15.044610738754272; 0.2688129484304933
15.063939809799194; 0.25781855381165925
15.081100463867188; 0.25781855381165925
15.101224899291992; 0.25781855381165925
15.116117715835571; 0.2688129484304933
15.132765054702759; 0.2688129484304933
15.147448539733887; 0.25781855381165925
15.166616678237915; 0.25781855381165925
15.182369232177734; 0.2688129484304933
15.207521677017212; 0.2688129484304933
15.223170280456543; 0.25781855381165925
15.235839366912842; 0.2688129484304933
15.249179124832153; 0.25781855381165925
15.262473583221436; 0.2688129484304933
15.280922889709473; 0.25781855381165925
15.299406051635742; 0.25781855381165925
15.31264877319336; 0.25781855381165925
15.330538034439087; 0.25781855381165925
15.351117134094238; 0.25781855381165925
15.365745067596436; 0.25781855381165925
15.383504390716553; 0.25781855381165925
15.398441553115845; 0.25781855381165925
15.41503119468689; 0.25781855381165925
15.4293053150177; 0.2688129484304933
15.446914672851562; 0.25781855381165925
15.471319913864136; 0.2688129484304933
15.489864110946655; 0.25781855381165925
15.508362054824829; 0.25781855381165925
15.527073621749878; 0.2688129484304933
15.544606924057007; 0.25781855381165925
15.56349778175354; 0.2688129484304933
15.581499099731445; 0.25781855381165925
15.600344896316528; 0.25781855381165925
15.613862991333008; 0.25781855381165925
15.628901243209839; 0.2688129484304933
15.646954774856567; 0.25781855381165925
15.665744304656982; 0.2688129484304933
15.687802791595459; 0.2688129484304933
15.700976133346558; 0.25781855381165925
15.714128017425537; 0.2688129484304933
15.726647853851318; 0.25781855381165925
15.740039825439453; 0.25781855381165925
15.753313541412354; 0.2688129484304933
15.76634430885315; 0.2688129484304933
15.784366846084595; 0.2688129484304933
15.809680938720703; 0.25781855381165925
15.823081493377686; 0.2688129484304933
15.837780475616455; 0.25781855381165925
15.854889154434204; 0.25781855381165925
15.869484663009644; 0.25781855381165925
15.883090257644653; 0.2688129484304933
15.896984815597534; 0.25781855381165925
15.914100170135498; 0.25781855381165925
15.928727865219116; 0.25781855381165925
15.946249008178711; 0.25781855381165925
15.963310956954956; 0.25781855381165925
15.984647035598755; 0.2688129484304933
15.997960805892944; 0.25781855381165925
16.018046140670776; 0.2688129484304933
16.033029556274414; 0.25781855381165925
16.0471134185791; 0.25781855381165925
16.063286781311035; 0.25781855381165925
16.080355167388916; 0.25781855381165925
16.0956027507782; 0.25781855381165925
16.11659336090088; 0.25781855381165925
16.130936861038208; 0.27980734304932736
16.146524667739868; 0.25781855381165925
16.16082000732422; 0.25781855381165925
16.181715488433838; 0.25781855381165925
16.19856071472168; 0.25781855381165925
16.22500228881836; 0.25781855381165925
16.2375545501709; 0.25781855381165925
16.25077509880066; 0.25781855381165925
16.26398205757141; 0.25781855381165925
16.277517080307007; 0.2688129484304933
16.308870553970337; 0.2688129484304933
16.322099447250366; 0.25781855381165925
16.339600086212158; 0.25781855381165925
16.356939792633057; 0.2688129484304933
16.370283842086792; 0.25781855381165925
16.388757705688477; 0.2688129484304933
16.40568995475769; 0.2688129484304933
16.425069570541382; 0.25781855381165925
16.44007968902588; 0.2688129484304933
16.456767559051514; 0.2688129484304933
16.470168352127075; 0.25781855381165925
16.488894939422607; 0.25781855381165925
16.503756046295166; 0.2688129484304933
16.517818927764893; 0.25781855381165925
16.541857481002808; 0.2688129484304933
16.556291103363037; 0.25781855381165925
16.57308292388916; 0.25781855381165925
16.591704607009888; 0.25781855381165925
16.609174728393555; 0.25781855381165925
16.628772735595703; 0.2688129484304933
16.642669200897217; 0.25781855381165925
16.657699584960938; 0.25781855381165925
16.671334743499756; 0.2688129484304933
16.69310712814331; 0.2688129484304933
16.71422290802002; 0.25781855381165925
16.735285758972168; 0.2688129484304933
16.74786901473999; 0.25781855381165925
16.761109352111816; 0.2688129484304933
16.774462938308716; 0.25781855381165925
16.79317283630371; 0.25781855381165925
16.816701412200928; 0.2688129484304933
16.829877376556396; 0.25781855381165925
16.84359645843506; 0.25781855381165925
16.858129739761353; 0.25781855381165925
16.872761487960815; 0.25781855381165925
16.889100551605225; 0.25781855381165925
16.90440797805786; 0.25781855381165925
16.919431686401367; 0.25781855381165925
16.933821439743042; 0.2688129484304933
16.949074506759644; 0.25781855381165925
16.96588945388794; 0.25781855381165925
16.984148740768433; 0.2688129484304933
16.99948263168335; 0.25781855381165925
17.01517915725708; 0.2688129484304933
17.03604531288147; 0.25781855381165925
17.049972772598267; 0.25781855381165925
17.06775689125061; 0.25781855381165925
17.08773183822632; 0.25781855381165925
17.10367465019226; 0.25781855381165925
17.123223304748535; 0.2688129484304933
17.137027978897095; 0.25781855381165925
17.15248465538025; 0.25781855381165925
17.166491270065308; 0.2688129484304933
17.18190860748291; 0.2688129484304933
17.197997331619263; 0.2688129484304933
17.21971035003662; 0.2688129484304933
17.2329740524292; 0.25781855381165925
17.246172428131104; 0.27980734304932736
17.2593514919281; 0.25781855381165925
17.272534370422363; 0.25781855381165925
