0.0009796619415283203; 1.9610004481564474
0.015440702438354492; 1.9610004481564474
0.030213594436645508; 1.9610004481564474
0.04508161544799805; 1.9610004481564474
0.059410810470581055; 1.9610004481564474
0.07353734970092773; 1.9610004481564474
0.08796167373657227; 1.9610004481564474
0.11409616470336914; 1.9610004481564474
0.13119769096374512; 1.970989244245264
0.14792633056640625; 1.9610004481564474
0.1611003875732422; 1.9610004481564474
0.18958139419555664; 1.9610004481564474
0.20483946800231934; 1.9610004481564474
0.2196826934814453; 1.9610004481564474
0.2383730411529541; 1.9610004481564474
0.25564050674438477; 1.9610004481564474
0.2717263698577881; 1.9610004481564474
0.2902090549468994; 1.9610004481564474
0.30562829971313477; 1.9610004481564474
0.32116127014160156; 1.9610004481564474
0.3385477066040039; 1.9610004481564474
0.35126447677612305; 1.9610004481564474
0.3643488883972168; 1.9610004481564474
0.3768763542175293; 1.9610004481564474
0.39006543159484863; 1.9610004481564474
0.40320682525634766; 1.970989244245264
0.41769862174987793; 1.951011652067631
0.43111276626586914; 1.9610004481564474
0.44410133361816406; 1.9610004481564474
0.4564931392669678; 1.9610004481564474
0.47017335891723633; 1.970989244245264
0.4825611114501953; 1.970989244245264
0.496767520904541; 1.9610004481564474
0.5109035968780518; 1.9809780403340804
0.530656099319458; 1.9610004481564474
0.5504739284515381; 1.9610004481564474
0.5649664402008057; 1.9610004481564474
0.5799932479858398; 1.9610004481564474
0.5967526435852051; 1.9610004481564474
0.6123297214508057; 1.9610004481564474
0.6297838687896729; 1.9610004481564474
0.6450321674346924; 1.9610004481564474
0.6613757610321045; 1.9610004481564474
0.6770708560943604; 1.9610004481564474
0.6913628578186035; 1.9610004481564474
0.7082228660583496; 1.9610004481564474
0.725801944732666; 1.970989244245264
0.7419600486755371; 1.9610004481564474
0.7551190853118896; 1.970989244245264
0.7688660621643066; 1.9610004481564474
0.7842860221862793; 1.970989244245264
0.8001353740692139; 1.951011652067631
0.8230588436126709; 1.9610004481564474
0.8412680625915527; 1.9610004481564474
0.8551039695739746; 1.9610004481564474
0.8689489364624023; 1.9610004481564474
0.8833615779876709; 1.9610004481564474
0.8997147083282471; 1.9610004481564474
0.9148192405700684; 1.9610004481564474
0.9318742752075195; 1.9610004481564474
0.9503777027130127; 1.9610004481564474
0.9703202247619629; 1.9610004481564474
0.9903631210327148; 1.970989244245264
1.0028290748596191; 1.9610004481564474
1.0160212516784668; 1.9610004481564474
1.0291481018066406; 1.9610004481564474
1.0460412502288818; 1.9610004481564474
1.0645086765289307; 1.9610004481564474
1.0813567638397217; 1.9610004481564474
1.0981895923614502; 1.9610004481564474
1.1127336025238037; 1.9610004481564474
1.1294238567352295; 1.9610004481564474
1.144688606262207; 1.9610004481564474
1.1581494808197021; 1.951011652067631
1.17207670211792; 1.9610004481564474
1.1897833347320557; 1.9610004481564474
1.2035961151123047; 1.9610004481564474
1.2233898639678955; 1.9610004481564474
1.2397379875183105; 1.9610004481564474
1.2575252056121826; 1.9610004481564474
1.2724683284759521; 1.951011652067631
1.2903532981872559; 1.9610004481564474
1.3043999671936035; 1.9610004481564474
1.323362112045288; 1.9610004481564474
1.3404080867767334; 1.9610004481564474
1.3593862056732178; 1.9610004481564474
1.3750805854797363; 1.9610004481564474
1.3889803886413574; 1.9610004481564474
1.406731128692627; 1.9610004481564474
1.4234874248504639; 1.9610004481564474
1.4379312992095947; 1.9610004481564474
1.4547169208526611; 1.9610004481564474
1.4699833393096924; 1.970989244245264
1.4909465312957764; 1.9610004481564474
1.5035057067871094; 1.9610004481564474
1.5159907341003418; 1.9610004481564474
1.5291023254394531; 1.9610004481564474
1.5422985553741455; 1.9610004481564474
1.5565428733825684; 1.9610004481564474
1.5723598003387451; 1.9610004481564474
1.5905392169952393; 1.951011652067631
1.6057114601135254; 1.970989244245264
1.6220505237579346; 1.9610004481564474
1.6360268592834473; 1.9610004481564474
1.6499683856964111; 1.9610004481564474
1.6640079021453857; 1.9610004481564474
1.6784124374389648; 1.9610004481564474
1.6934692859649658; 1.9610004481564474
1.7082598209381104; 1.9610004481564474
1.7365314960479736; 1.9610004481564474
1.7559425830841064; 1.9610004481564474
1.7738385200500488; 1.9610004481564474
1.7885410785675049; 1.970989244245264
1.801572561264038; 1.9610004481564474
1.8151955604553223; 1.9610004481564474
1.829573392868042; 1.970989244245264
1.846031665802002; 1.9610004481564474
1.862358570098877; 1.9610004481564474
1.8807237148284912; 1.9610004481564474
1.9037976264953613; 1.9610004481564474
1.9223837852478027; 1.9610004481564474
1.9354445934295654; 1.9610004481564474
1.9490787982940674; 1.9610004481564474
1.9633018970489502; 1.970989244245264
1.9830703735351562; 1.951011652067631
1.99898099899292; 1.9610004481564474
2.0233943462371826; 1.9610004481564474
2.03597354888916; 1.9610004481564474
2.049147129058838; 1.9610004481564474
2.0625457763671875; 1.9610004481564474
2.0755836963653564; 1.970989244245264
2.0890183448791504; 1.9610004481564474
2.1105093955993652; 1.970989244245264
2.1292643547058105; 1.970989244245264
2.1442368030548096; 1.970989244245264
2.1615915298461914; 1.9610004481564474
2.178455114364624; 1.9610004481564474
2.1959803104400635; 1.9610004481564474
2.208867311477661; 1.9610004481564474
2.223923921585083; 1.970989244245264
2.240450382232666; 1.9610004481564474
2.261453866958618; 1.9610004481564474
2.2754642963409424; 1.9610004481564474
2.2929437160491943; 1.9610004481564474
2.3095016479492188; 1.9610004481564474
2.322690725326538; 1.9610004481564474
2.3368709087371826; 1.970989244245264
2.3541407585144043; 1.9610004481564474
2.3695616722106934; 1.9610004481564474
2.3896000385284424; 1.9610004481564474
2.404634952545166; 1.970989244245264
2.418301582336426; 1.9610004481564474
2.432446002960205; 1.970989244245264
2.44931960105896; 1.951011652067631
2.4680280685424805; 1.951011652067631
2.484844207763672; 1.9610004481564474
2.507143259048462; 1.9610004481564474
2.519665241241455; 1.951011652067631
2.5328292846679688; 1.9610004481564474
2.5453267097473145; 1.9610004481564474
2.5585343837738037; 1.9610004481564474
2.571610689163208; 1.9610004481564474
2.5862369537353516; 1.9610004481564474
2.6010122299194336; 1.9610004481564474
2.616819381713867; 1.9610004481564474
2.6302952766418457; 1.9610004481564474
2.6453559398651123; 1.9610004481564474
2.6626698970794678; 1.9610004481564474
2.6795332431793213; 1.9610004481564474
2.693293333053589; 1.9610004481564474
2.710814952850342; 1.9610004481564474
2.7262895107269287; 1.9610004481564474
2.7429518699645996; 1.9610004481564474
2.7587478160858154; 1.9610004481564474
2.7732200622558594; 1.9610004481564474
2.7887213230133057; 1.9610004481564474
2.803044319152832; 1.9610004481564474
2.8194046020507812; 1.9610004481564474
2.832839012145996; 1.970989244245264
2.847022533416748; 1.9610004481564474
2.861252784729004; 1.9610004481564474
2.876833438873291; 1.9610004481564474
2.8957297801971436; 1.970989244245264
2.915107488632202; 1.9610004481564474
2.935279369354248; 1.951011652067631
2.948662519454956; 1.970989244245264
2.9678452014923096; 1.9610004481564474
2.983309507369995; 1.970989244245264
3.000149965286255; 1.9610004481564474
3.0285987854003906; 1.9610004481564474
3.0419487953186035; 1.970989244245264
3.0550928115844727; 1.970989244245264
3.0687925815582275; 1.951011652067631
3.0866832733154297; 1.9610004481564474
3.1008989810943604; 1.9610004481564474
3.114359140396118; 1.9610004481564474
3.1336748600006104; 1.9610004481564474
3.1512649059295654; 1.9610004481564474
3.1667325496673584; 1.9610004481564474
3.183488607406616; 1.970989244245264
3.1991214752197266; 1.9610004481564474
3.2120442390441895; 1.9610004481564474
3.2267699241638184; 1.951011652067631
3.2435712814331055; 1.970989244245264
3.269838333129883; 1.970989244245264
3.2882184982299805; 1.9610004481564474
3.303321123123169; 1.9610004481564474
3.3196523189544678; 1.9610004481564474
3.3327925205230713; 1.951011652067631
3.346235513687134; 1.9610004481564474
3.3644282817840576; 1.9610004481564474
3.3820431232452393; 1.9610004481564474
3.4076297283172607; 1.9610004481564474
3.4258060455322266; 1.9610004481564474
3.4392666816711426; 1.970989244245264
3.4522857666015625; 1.9610004481564474
3.466139078140259; 1.9610004481564474
3.485560417175293; 1.9610004481564474
3.5015640258789062; 1.9610004481564474
3.526353597640991; 1.9610004481564474
3.5443568229675293; 1.9610004481564474
3.556853771209717; 1.9610004481564474
3.569998025894165; 1.970989244245264
3.58320951461792; 1.970989244245264
3.596885919570923; 1.9610004481564474
3.611509084701538; 1.9610004481564474
3.6273105144500732; 1.9610004481564474
3.6423916816711426; 1.9610004481564474
3.6600940227508545; 1.9610004481564474
3.675668954849243; 1.951011652067631
3.692638874053955; 1.9610004481564474
3.7083048820495605; 1.951011652067631
3.7226979732513428; 1.9610004481564474
3.7396903038024902; 1.9610004481564474
3.752863883972168; 1.9610004481564474
3.7737019062042236; 1.9610004481564474
3.787860870361328; 1.970989244245264
3.8035144805908203; 1.9610004481564474
3.8196492195129395; 1.9610004481564474
3.8344504833221436; 1.9610004481564474
3.84800386428833; 1.9610004481564474
3.862166166305542; 1.9610004481564474
3.876986503601074; 1.9610004481564474
3.8967809677124023; 1.9610004481564474
3.917151689529419; 1.9610004481564474
3.937513589859009; 1.970989244245264
3.9560818672180176; 1.9610004481564474
3.969167470932007; 1.9610004481564474
3.982799768447876; 1.9610004481564474
3.996537685394287; 1.9610004481564474
4.016042947769165; 1.9610004481564474
4.031743764877319; 1.9610004481564474
4.059711694717407; 1.9610004481564474
4.07816219329834; 1.9610004481564474
4.090654373168945; 1.9610004481564474
4.104618549346924; 1.970989244245264
4.117708683013916; 1.9610004481564474
4.132819414138794; 1.9610004481564474
4.147510766983032; 1.9610004481564474
4.160582065582275; 1.9610004481564474
4.18057107925415; 1.9610004481564474
4.1976587772369385; 1.9610004481564474
4.2169225215911865; 1.9610004481564474
4.231951475143433; 1.9610004481564474
4.248091459274292; 1.9610004481564474
4.262492656707764; 1.9610004481564474
4.27766489982605; 1.9610004481564474
4.292539834976196; 1.9610004481564474
4.317690849304199; 1.970989244245264
4.334833383560181; 1.9610004481564474
4.3536763191223145; 1.9610004481564474
4.370303630828857; 1.9610004481564474
4.383952617645264; 1.9610004481564474
4.401323080062866; 1.9610004481564474
4.4173583984375; 1.9610004481564474
4.4386656284332275; 1.9610004481564474
4.457909107208252; 1.9610004481564474
4.472940683364868; 1.9610004481564474
4.486612558364868; 1.9610004481564474
4.500775098800659; 1.951011652067631
4.524468898773193; 1.9610004481564474
4.540160655975342; 1.9610004481564474
4.562812089920044; 1.9610004481564474
4.580976724624634; 1.9610004481564474
4.594152212142944; 1.9610004481564474
4.606763601303101; 1.970989244245264
4.620015621185303; 1.9610004481564474
4.633658170700073; 1.9610004481564474
4.647765159606934; 1.970989244245264
4.663803815841675; 1.9610004481564474
4.678551197052002; 1.9610004481564474
4.696037530899048; 1.970989244245264
4.710705518722534; 1.9610004481564474
4.728343963623047; 1.951011652067631
4.743930339813232; 1.9610004481564474
4.757347822189331; 1.970989244245264
4.775277137756348; 1.9610004481564474
4.788447856903076; 1.9610004481564474
4.808818578720093; 1.951011652067631
4.824136972427368; 1.970989244245264
4.84305214881897; 1.9610004481564474
4.859754800796509; 1.9610004481564474
4.876086473464966; 1.9610004481564474
4.889163970947266; 1.9610004481564474
4.903704404830933; 1.9610004481564474
4.920562028884888; 1.970989244245264
4.941394567489624; 1.9610004481564474
4.956526756286621; 1.9610004481564474
4.9701619148254395; 1.970989244245264
4.983740568161011; 1.9610004481564474
5.002248525619507; 1.9610004481564474
5.020597457885742; 1.9610004481564474
5.039422512054443; 1.970989244245264
5.06900691986084; 1.9610004481564474
5.082188367843628; 1.9610004481564474
5.09533953666687; 1.970989244245264
5.111739873886108; 1.9610004481564474
5.131140232086182; 1.970989244245264
5.145767688751221; 1.9610004481564474
5.158906936645508; 1.9610004481564474
5.177736759185791; 1.9610004481564474
5.192822456359863; 1.9610004481564474
5.2071287631988525; 1.9610004481564474
5.223185062408447; 1.951011652067631
5.239547491073608; 1.970989244245264
5.257446050643921; 1.9610004481564474
5.273261547088623; 1.9610004481564474
5.28979754447937; 1.9610004481564474
5.305604457855225; 1.9610004481564474
5.3221118450164795; 1.9610004481564474
5.337958097457886; 1.970989244245264
5.354815721511841; 1.9610004481564474
5.370145082473755; 1.9610004481564474
5.38378643989563; 1.9610004481564474
5.397711992263794; 1.9610004481564474
5.415311574935913; 1.9610004481564474
5.433161735534668; 1.9610004481564474
5.449770212173462; 1.9610004481564474
5.46489143371582; 1.9610004481564474
5.478496551513672; 1.970989244245264
5.492075681686401; 1.9610004481564474
5.506017446517944; 1.9610004481564474
5.525777339935303; 1.9610004481564474
5.541765451431274; 1.9610004481564474
5.5674827098846436; 1.970989244245264
5.5859363079071045; 1.9610004481564474
5.599144697189331; 1.9610004481564474
5.612313985824585; 1.9610004481564474
5.627021789550781; 1.970989244245264
5.640965461730957; 1.9610004481564474
5.657717227935791; 1.9610004481564474
5.672842741012573; 1.970989244245264
5.687237739562988; 1.9610004481564474
5.704034805297852; 1.9610004481564474
5.719480037689209; 1.9610004481564474
5.7362236976623535; 1.9610004481564474
5.7517924308776855; 1.9610004481564474
5.765930652618408; 1.9610004481564474
5.782978773117065; 1.951011652067631
5.796206951141357; 1.9610004481564474
5.823947191238403; 1.9610004481564474
5.842397212982178; 1.9610004481564474
5.857624530792236; 1.970989244245264
5.874397277832031; 1.9610004481564474
5.887781143188477; 1.9610004481564474
5.902094125747681; 1.9610004481564474
5.92038893699646; 1.9610004481564474
5.937565326690674; 1.9610004481564474
5.957627773284912; 1.9610004481564474
5.972985506057739; 1.9610004481564474
5.986149549484253; 1.9610004481564474
5.9997968673706055; 1.9610004481564474
6.023135662078857; 1.9610004481564474
6.039602994918823; 1.9610004481564474
6.0692384243011475; 1.970989244245264
6.08742094039917; 1.970989244245264
6.100589990615845; 1.9610004481564474
6.113741636276245; 1.951011652067631
6.127163410186768; 1.951011652067631
6.145892143249512; 1.9809780403340804
6.160367965698242; 1.9610004481564474
6.175371408462524; 1.951011652067631
6.193462610244751; 1.9610004481564474
6.21106219291687; 1.9809780403340804
6.225754022598267; 1.9410228559788145
6.243622303009033; 1.9610004481564474
6.259280681610107; 1.951011652067631
6.2722554206848145; 1.970989244245264
6.29058837890625; 1.9610004481564474
6.306912183761597; 1.9610004481564474
6.327068567276001; 1.951011652067631
6.342736721038818; 1.9610004481564474
6.358365535736084; 1.9610004481564474
6.374516248703003; 1.9610004481564474
6.389571905136108; 1.9610004481564474
6.404329776763916; 1.9610004481564474
6.421663522720337; 1.970989244245264
6.442158222198486; 1.9610004481564474
6.459805250167847; 1.9610004481564474
6.479885816574097; 1.9610004481564474
6.498465538024902; 1.970989244245264
6.511686325073242; 1.9610004481564474
6.524768114089966; 1.9610004481564474
6.539859294891357; 1.9610004481564474
6.559778690338135; 1.9610004481564474
6.5759241580963135; 2.0009556325117135
6.603752374649048; 1.821157302913017
6.622181177139282; 2.1607763699327767
6.640021324157715; 2.0708772051334283
6.652564287185669; 1.931034059889998
6.665433883666992; 1.9809780403340804
6.686090707778931; 1.990966836422897
6.703536033630371; 1.970989244245264
6.721072673797607; 1.970989244245264
6.739964485168457; 1.931034059889998
6.7541823387146; 2.4204850682420047
6.771461248397827; 2.730137746995315
6.787189960479736; 2.0109444286005296
6.8030383586883545; 1.5414710124261561
6.818245887756348; 0.48265862701161133
6.8333470821380615; 0.2828827052352821
6.85886812210083; 0.29287150132409856
6.877626419067383; 0.29287150132409856
6.8968377113342285; 0.29287150132409856
6.913195371627808; 0.29287150132409856
6.930413246154785; 0.29287150132409856
6.948684453964233; 0.29287150132409856
6.971928834915161; 0.29287150132409856
6.987061023712158; 0.29287150132409856
7.010196208953857; 0.29287150132409856
7.023437023162842; 0.29287150132409856
7.037023305892944; 0.29287150132409856
7.050149440765381; 0.29287150132409856
7.066770553588867; 0.29287150132409856
7.082974910736084; 0.29287150132409856
7.102519273757935; 0.29287150132409856
7.126740217208862; 0.29287150132409856
7.142798662185669; 0.29287150132409856
7.156041145324707; 0.2828827052352821
7.169281005859375; 0.29287150132409856
7.182488441467285; 0.29287150132409856
7.196735858917236; 0.29287150132409856
7.21069860458374; 0.29287150132409856
7.223938465118408; 0.29287150132409856
7.237340927124023; 0.29287150132409856
7.25229549407959; 0.29287150132409856
7.265194654464722; 0.29287150132409856
7.278466701507568; 0.29287150132409856
7.291857481002808; 0.29287150132409856
7.3051416873931885; 0.29287150132409856
7.320836782455444; 0.29287150132409856
7.335201025009155; 0.29287150132409856
7.35172176361084; 0.29287150132409856
7.368493318557739; 0.29287150132409856
7.384121656417847; 0.29287150132409856
7.399557828903198; 0.29287150132409856
7.415717840194702; 0.29287150132409856
7.43113374710083; 0.29287150132409856
7.446892499923706; 0.29287150132409856
7.461878299713135; 0.29287150132409856
7.475592851638794; 0.29287150132409856
7.489056587219238; 0.29287150132409856
7.50374698638916; 0.29287150132409856
7.521412372589111; 0.29287150132409856
7.543730020523071; 0.29287150132409856
7.562140464782715; 0.29287150132409856
7.576799631118774; 0.29287150132409856
7.593544244766235; 0.29287150132409856
7.610157251358032; 0.29287150132409856
7.625757932662964; 0.29287150132409856
7.646904230117798; 0.29287150132409856
7.6594460010528564; 0.29287150132409856
7.672605037689209; 0.2828827052352821
7.685782432556152; 0.29287150132409856
7.698862314224243; 0.29287150132409856
7.713193655014038; 0.29287150132409856
7.727699279785156; 0.29287150132409856
7.741224765777588; 0.29287150132409856
7.757573366165161; 0.29287150132409856
7.774450302124023; 0.29287150132409856
7.788798093795776; 0.29287150132409856
7.805673837661743; 0.29287150132409856
7.8200623989105225; 0.29287150132409856
7.835473537445068; 0.29287150132409856
7.848743438720703; 0.29287150132409856
7.862640857696533; 0.29287150132409856
7.877446174621582; 0.29287150132409856
7.893789052963257; 0.29287150132409856
7.908010721206665; 0.29287150132409856
7.924931764602661; 0.2828827052352821
7.941368341445923; 0.29287150132409856
7.954951763153076; 0.29287150132409856
7.968693733215332; 0.29287150132409856
7.982022523880005; 0.29287150132409856
7.9952147006988525; 0.29287150132409856
8.014085531234741; 0.29287150132409856
8.032449007034302; 0.29287150132409856
8.047820091247559; 0.29287150132409856
8.066515684127808; 0.29287150132409856
8.084841251373291; 0.29287150132409856
8.098319292068481; 0.29287150132409856
8.115346431732178; 0.29287150132409856
8.132601737976074; 0.29287150132409856
8.150750875473022; 0.29287150132409856
8.172086238861084; 0.29287150132409856
8.184578657150269; 0.29287150132409856
8.197108030319214; 0.29287150132409856
8.210553169250488; 0.29287150132409856
8.228100299835205; 0.29287150132409856
8.24262261390686; 0.29287150132409856
8.256525039672852; 0.29287150132409856
8.274076223373413; 0.29287150132409856
8.289311647415161; 0.29287150132409856
8.30431318283081; 0.29287150132409856
8.321063756942749; 0.29287150132409856
8.33707070350647; 0.29287150132409856
8.354521989822388; 0.29287150132409856
8.369815587997437; 0.29287150132409856
8.38644790649414; 0.29287150132409856
8.40355134010315; 0.29287150132409856
8.418581008911133; 0.29287150132409856
8.436531066894531; 0.29287150132409856
8.455729961395264; 0.29287150132409856
8.468950510025024; 0.29287150132409856
8.482100248336792; 0.29287150132409856
8.495365381240845; 0.29287150132409856
8.509003162384033; 0.29287150132409856
8.525812149047852; 0.29287150132409856
8.544041872024536; 0.29287150132409856
8.559560537338257; 0.29287150132409856
8.5778169631958; 0.29287150132409856
8.596160173416138; 0.29287150132409856
8.60962724685669; 0.29287150132409856
8.626516819000244; 0.29287150132409856
8.64379596710205; 0.29287150132409856
8.66078782081604; 0.29287150132409856
8.68141794204712; 0.29287150132409856
8.694576263427734; 0.29287150132409856
8.707058191299438; 0.29287150132409856
8.720187187194824; 0.29287150132409856
8.737580060958862; 0.29287150132409856
8.753151416778564; 0.2828827052352821
8.767463207244873; 0.29287150132409856
8.783292531967163; 0.29287150132409856
8.800236463546753; 0.29287150132409856
8.813886880874634; 0.29287150132409856
8.83126187324524; 0.29287150132409856
8.84758973121643; 0.29287150132409856
8.864630699157715; 0.29287150132409856
8.87899374961853; 0.29287150132409856
8.894219160079956; 0.29287150132409856
8.90797734260559; 0.29287150132409856
8.923944473266602; 0.29287150132409856
8.941243410110474; 0.29287150132409856
8.959282398223877; 0.29287150132409856
8.97427487373352; 0.29287150132409856
8.992412567138672; 0.29287150132409856
9.005647420883179; 0.29287150132409856
9.019314527511597; 0.29287150132409856
9.03624439239502; 0.29287150132409856
9.05457067489624; 0.29287150132409856
9.070101022720337; 0.29287150132409856
9.09172797203064; 0.29287150132409856
9.110109567642212; 0.29287150132409856
9.123537302017212; 0.29287150132409856
9.137426614761353; 0.29287150132409856
9.158010482788086; 0.29287150132409856
9.180786609649658; 0.29287150132409856
9.195707082748413; 0.29287150132409856
9.20885968208313; 0.29287150132409856
9.222054481506348; 0.29287150132409856
9.23527979850769; 0.29287150132409856
9.251709938049316; 0.29287150132409856
9.266404390335083; 0.30286029741291504
9.280280590057373; 0.29287150132409856
9.297993421554565; 0.29287150132409856
9.313186883926392; 0.29287150132409856
9.331173181533813; 0.29287150132409856
9.348820209503174; 0.29287150132409856
9.36513066291809; 0.29287150132409856
9.382900953292847; 0.29287150132409856
9.3982515335083; 0.29287150132409856
9.413181066513062; 0.29287150132409856
9.431002140045166; 0.29287150132409856
9.446159362792969; 0.29287150132409856
9.461662769317627; 0.29287150132409856
9.478081464767456; 0.29287150132409856
9.492846488952637; 0.29287150132409856
9.506084203720093; 0.29287150132409856
9.519763469696045; 0.29287150132409856
9.5329110622406; 0.29287150132409856
9.556947469711304; 0.29287150132409856
9.57449722290039; 0.29287150132409856
9.58980679512024; 0.29287150132409856
9.608235120773315; 0.29287150132409856
9.625738143920898; 0.29287150132409856
9.640573740005493; 0.29287150132409856
9.654718399047852; 0.29287150132409856
9.670637607574463; 0.29287150132409856
9.68703293800354; 0.29287150132409856
9.705041646957397; 0.29287150132409856
9.71817398071289; 0.29287150132409856
9.730684041976929; 0.29287150132409856
9.743191003799438; 0.29287150132409856
9.756367921829224; 0.29287150132409856
9.77177357673645; 0.29287150132409856
9.78607702255249; 0.29287150132409856
9.799133539199829; 0.29287150132409856
9.816032648086548; 0.29287150132409856
9.833149909973145; 0.29287150132409856
9.8507719039917; 0.29287150132409856
9.867799997329712; 0.29287150132409856
9.882335662841797; 0.29287150132409856
9.89992094039917; 0.29287150132409856
9.914736032485962; 0.29287150132409856
9.931808948516846; 0.29287150132409856
9.951801300048828; 0.29287150132409856
9.967389106750488; 0.29287150132409856
9.988190412521362; 0.29287150132409856
10.006746768951416; 0.29287150132409856
10.019978761672974; 0.29287150132409856
10.033536195755005; 0.29287150132409856
10.046987295150757; 0.29287150132409856
10.062171936035156; 0.29287150132409856
10.083425045013428; 0.29287150132409856
10.101186037063599; 0.29287150132409856
10.124707221984863; 0.29287150132409856
10.143077373504639; 0.29287150132409856
10.15624713897705; 0.29287150132409856
10.170069456100464; 0.29287150132409856
10.188038349151611; 0.29287150132409856
10.207564115524292; 0.29287150132409856
10.22786831855774; 0.29287150132409856
10.24097228050232; 0.29287150132409856
10.254140377044678; 0.29287150132409856
10.267226696014404; 0.29287150132409856
10.285557270050049; 0.29287150132409856
10.301190376281738; 0.29287150132409856
10.31416392326355; 0.29287150132409856
10.331475734710693; 0.29287150132409856
10.348436117172241; 0.2828827052352821
10.361852645874023; 0.29287150132409856
10.380202770233154; 0.29287150132409856
10.393301010131836; 0.29287150132409856
10.410343647003174; 0.29287150132409856
10.423513889312744; 0.29287150132409856
10.440979480743408; 0.29287150132409856
10.455870151519775; 0.29287150132409856
10.47951054573059; 0.29287150132409856
10.495275020599365; 0.29287150132409856
10.51300597190857; 0.29287150132409856
10.526846647262573; 0.29287150132409856
10.540400981903076; 0.29287150132409856
10.553749799728394; 0.29287150132409856
10.56855297088623; 0.29287150132409856
10.585805416107178; 0.29287150132409856
10.603212356567383; 0.29287150132409856
10.61937427520752; 0.29287150132409856
10.638081789016724; 0.29287150132409856
10.654813289642334; 0.29287150132409856
10.669572114944458; 0.29287150132409856
10.68261432647705; 0.29287150132409856
10.7001473903656; 0.29287150132409856
10.720579147338867; 0.29287150132409856
10.740957021713257; 0.29287150132409856
10.754117488861084; 0.29287150132409856
10.766629219055176; 0.29287150132409856
10.779739141464233; 0.29287150132409856
10.798125505447388; 0.29287150132409856
10.813533782958984; 0.29287150132409856
10.826542377471924; 0.29287150132409856
10.84689450263977; 0.2828827052352821
10.863900899887085; 0.2828827052352821
10.880642890930176; 0.29287150132409856
10.898454427719116; 0.29287150132409856
10.91378927230835; 0.29287150132409856
10.92977237701416; 0.29287150132409856
10.94371223449707; 0.29287150132409856
10.960405826568604; 0.29287150132409856
10.980713844299316; 0.29287150132409856
10.994940280914307; 0.29287150132409856
11.015496015548706; 0.29287150132409856
11.034033060073853; 0.29287150132409856
11.047378063201904; 0.29287150132409856
11.061346530914307; 0.29287150132409856
11.074536561965942; 0.29287150132409856
11.087709188461304; 0.29287150132409856
11.108954668045044; 0.29287150132409856
11.126312494277954; 0.29287150132409856
11.153019189834595; 0.29287150132409856
11.172916889190674; 0.29287150132409856
11.19140911102295; 0.29287150132409856
11.210501194000244; 0.29287150132409856
11.226047277450562; 0.29287150132409856
11.246485710144043; 0.29287150132409856
11.259048700332642; 0.29287150132409856
11.272220849990845; 0.29287150132409856
11.2847580909729; 0.29287150132409856
11.299286603927612; 0.29287150132409856
11.31669569015503; 0.29287150132409856
11.331089496612549; 0.29287150132409856
11.344414472579956; 0.29287150132409856
11.358898878097534; 0.29287150132409856
11.37860369682312; 0.29287150132409856
11.393340826034546; 0.29287150132409856
11.411281824111938; 0.29287150132409856
11.42792296409607; 0.29287150132409856
11.445658445358276; 0.29287150132409856
11.460237979888916; 0.2828827052352821
11.477782964706421; 0.29287150132409856
11.496852397918701; 0.29287150132409856
11.51161003112793; 0.29287150132409856
11.529780864715576; 0.29287150132409856
11.548035860061646; 0.29287150132409856
11.56138300895691; 0.29287150132409856
11.574645042419434; 0.29287150132409856
11.587987899780273; 0.29287150132409856
11.606921195983887; 0.29287150132409856
11.628966808319092; 0.29287150132409856
11.64718246459961; 0.29287150132409856
11.67081093788147; 0.29287150132409856
11.686154127120972; 0.29287150132409856
11.703574657440186; 0.29287150132409856
11.718299865722656; 0.29287150132409856
11.734513998031616; 0.29287150132409856
11.749600410461426; 0.29287150132409856
11.771713495254517; 0.29287150132409856
11.789443254470825; 0.29287150132409856
11.802007675170898; 0.29287150132409856
11.815256834030151; 0.29287150132409856
11.833518981933594; 0.29287150132409856
11.849539756774902; 0.29287150132409856
11.863999366760254; 0.29287150132409856
11.88191819190979; 0.29287150132409856
11.89764928817749; 0.29287150132409856
11.911993265151978; 0.29287150132409856
11.929251670837402; 0.29287150132409856
11.945436000823975; 0.29287150132409856
11.9618239402771; 0.29287150132409856
11.976479530334473; 0.29287150132409856
11.994004249572754; 0.29287150132409856
12.027349472045898; 0.29287150132409856
12.043076515197754; 0.29287150132409856
12.057924747467041; 0.29287150132409856
12.074531316757202; 0.2828827052352821
12.095453023910522; 0.29287150132409856
12.110471487045288; 0.29287150132409856
12.128810405731201; 0.29287150132409856
12.143263101577759; 0.29287150132409856
12.163923025131226; 0.29287150132409856
12.187464475631714; 0.2828827052352821
12.206305265426636; 0.29287150132409856
12.219509840011597; 0.29287150132409856
12.233278036117554; 0.29287150132409856
12.251376867294312; 0.29287150132409856
12.271049976348877; 0.29287150132409856
12.291146039962769; 0.29287150132409856
12.30366826057434; 0.29287150132409856
12.316855192184448; 0.29287150132409856
12.329998016357422; 0.29287150132409856
12.348185300827026; 0.29287150132409856
12.366227626800537; 0.29287150132409856
12.38427209854126; 0.29287150132409856
12.4011812210083; 0.29287150132409856
12.418040037155151; 0.29287150132409856
12.431320667266846; 0.29287150132409856
12.44693899154663; 0.29287150132409856
12.462943315505981; 0.29287150132409856
12.480136394500732; 0.29287150132409856
12.494670867919922; 0.29287150132409856
12.508154392242432; 0.29287150132409856
12.523238182067871; 0.29287150132409856
12.547268867492676; 0.29287150132409856
12.560601234436035; 0.29287150132409856
12.577165126800537; 0.29287150132409856
12.595489978790283; 0.29287150132409856
12.609151840209961; 0.2828827052352821
12.622530221939087; 0.29287150132409856
12.635850191116333; 0.29287150132409856
12.654056549072266; 0.29287150132409856
12.670427799224854; 0.29287150132409856
12.686423540115356; 0.29287150132409856
12.712808847427368; 0.29287150132409856
12.72996997833252; 0.29287150132409856
12.744809627532959; 0.29287150132409856
12.75801420211792; 0.29287150132409856
12.775763273239136; 0.2828827052352821
12.796380281448364; 0.29287150132409856
12.816999197006226; 0.29287150132409856
12.83021879196167; 0.29287150132409856
12.842743158340454; 0.29287150132409856
12.856717348098755; 0.29287150132409856
12.874985933303833; 0.29287150132409856
12.891356229782104; 0.29287150132409856
12.90442681312561; 0.29287150132409856
12.923721551895142; 0.29287150132409856
12.939084529876709; 0.2828827052352821
12.957701206207275; 0.29287150132409856
12.9758460521698; 0.29287150132409856
12.99151611328125; 0.29287150132409856
13.006599426269531; 0.29287150132409856
13.021844625473022; 0.29287150132409856
13.038658380508423; 0.29287150132409856
13.065983057022095; 0.29287150132409856
13.083876371383667; 0.29287150132409856
13.100500345230103; 0.29287150132409856
13.119373083114624; 0.29287150132409856
13.13265609741211; 0.29287150132409856
13.14600396156311; 0.29287150132409856
13.160069227218628; 0.29287150132409856
13.180957317352295; 0.29287150132409856
13.19738507270813; 0.29287150132409856
13.213388204574585; 0.29287150132409856
13.231878995895386; 0.29287150132409856
13.250465154647827; 0.29287150132409856
13.264208316802979; 0.29287150132409856
13.277419328689575; 0.2828827052352821
13.293729782104492; 0.29287150132409856
13.310201644897461; 0.29287150132409856
13.326030015945435; 0.29287150132409856
13.338613271713257; 0.29287150132409856
13.351106882095337; 0.29287150132409856
13.363606691360474; 0.29287150132409856
13.378047943115234; 0.29287150132409856
13.39637279510498; 0.29287150132409856
13.413731098175049; 0.29287150132409856
13.426896095275879; 0.29287150132409856
13.443709373474121; 0.29287150132409856
13.460742473602295; 0.2828827052352821
13.475452661514282; 0.29287150132409856
13.492438077926636; 0.29287150132409856
13.508020639419556; 0.29287150132409856
13.525131940841675; 0.29287150132409856
13.53943419456482; 0.29287150132409856
13.55612826347351; 0.29287150132409856
13.574793577194214; 0.29287150132409856
13.589436054229736; 0.29287150132409856
13.610427379608154; 0.29287150132409856
13.62687873840332; 0.29287150132409856
13.640151262283325; 0.2828827052352821
13.65334439277649; 0.29287150132409856
13.666743993759155; 0.29287150132409856
13.679960250854492; 0.29287150132409856
13.696954488754272; 0.29287150132409856
13.71214485168457; 0.29287150132409856
13.728086471557617; 0.29287150132409856
13.749793767929077; 0.29287150132409856
13.768576860427856; 0.2828827052352821
13.781772375106812; 0.29287150132409856
13.795679092407227; 0.29287150132409856
13.816367864608765; 0.29287150132409856
13.841240882873535; 0.29287150132409856
13.853755235671997; 0.29287150132409856
13.866894960403442; 0.29287150132409856
13.88010573387146; 0.29287150132409856
13.906824827194214; 0.29287150132409856
13.927030086517334; 0.29287150132409856
13.943535089492798; 0.29287150132409856
13.957747459411621; 0.2828827052352821
13.97100305557251; 0.29287150132409856
13.983919143676758; 0.29287150132409856
13.996997117996216; 0.29287150132409856
14.010594367980957; 0.29287150132409856
14.023776769638062; 0.29287150132409856
14.04105806350708; 0.29287150132409856
14.053934097290039; 0.29287150132409856
14.072781562805176; 0.29287150132409856
14.088520050048828; 0.29287150132409856
14.109790802001953; 0.29287150132409856
14.128048181533813; 0.29287150132409856
14.14584732055664; 0.29287150132409856
14.159056901931763; 0.29287150132409856
14.172430038452148; 0.29287150132409856
14.185800313949585; 0.29287150132409856
14.199350833892822; 0.29287150132409856
14.217474222183228; 0.29287150132409856
14.235610246658325; 0.29287150132409856
14.251137256622314; 0.29287150132409856
14.272762298583984; 0.29287150132409856
14.29155158996582; 0.29287150132409856
14.30467414855957; 0.29287150132409856
14.31852388381958; 0.29287150132409856
14.33912205696106; 0.29287150132409856
14.355763673782349; 0.29287150132409856
14.37581753730774; 0.29287150132409856
14.388885498046875; 0.29287150132409856
14.40204644203186; 0.29287150132409856
14.415077686309814; 0.29287150132409856
14.433929443359375; 0.29287150132409856
14.452425241470337; 0.29287150132409856
14.465600728988647; 0.29287150132409856
14.482654094696045; 0.29287150132409856
14.499452352523804; 0.29287150132409856
14.513221740722656; 0.29287150132409856
14.531570196151733; 0.29287150132409856
14.546155452728271; 0.29287150132409856
14.561244010925293; 0.29287150132409856
14.578876972198486; 0.29287150132409856
14.596111297607422; 0.29287150132409856
14.61341118812561; 0.29287150132409856
14.62845253944397; 0.2828827052352821
14.646376848220825; 0.29287150132409856
14.664011716842651; 0.29287150132409856
14.677803993225098; 0.29287150132409856
14.692011594772339; 0.29287150132409856
14.709925174713135; 0.29287150132409856
14.72498607635498; 0.29287150132409856
14.743822574615479; 0.29287150132409856
14.762080192565918; 0.29287150132409856
14.785529136657715; 0.29287150132409856
14.803878784179688; 0.29287150132409856
14.817993402481079; 0.29287150132409856
14.831329584121704; 0.29287150132409856
14.848259687423706; 0.29287150132409856
14.868719816207886; 0.29287150132409856
14.888669729232788; 0.29287150132409856
14.90114450454712; 0.29287150132409856
14.914293050765991; 0.29287150132409856
14.927374601364136; 0.29287150132409856
14.94564938545227; 0.29287150132409856
14.965038299560547; 0.29287150132409856
14.977826118469238; 0.29287150132409856
14.996538877487183; 0.29287150132409856
15.011619806289673; 0.29287150132409856
15.028988122940063; 0.29287150132409856
15.046621084213257; 0.29287150132409856
15.061841011047363; 0.29287150132409856
15.077255725860596; 0.29287150132409856
15.091904878616333; 0.29287150132409856
15.10908579826355; 0.29287150132409856
15.125900030136108; 0.29287150132409856
15.143421411514282; 0.29287150132409856
15.158985137939453; 0.29287150132409856
15.176562070846558; 0.29287150132409856
15.19001054763794; 0.29287150132409856
15.20309066772461; 0.29287150132409856
15.216758728027344; 0.29287150132409856
15.233312845230103; 0.29287150132409856
15.256240844726562; 0.29287150132409856
15.272632837295532; 0.29287150132409856
15.28762674331665; 0.29287150132409856
15.31181287765503; 0.29287150132409856
15.325413465499878; 0.2828827052352821
15.33974575996399; 0.29287150132409856
15.357625246047974; 0.29287150132409856
15.374504327774048; 0.29287150132409856
15.390899658203125; 0.29287150132409856
15.406221866607666; 0.29287150132409856
15.422428369522095; 0.29287150132409856
15.438633918762207; 0.29287150132409856
15.461766242980957; 0.29287150132409856
15.47429370880127; 0.29287150132409856
15.486769199371338; 0.2828827052352821
15.499359369277954; 0.29287150132409856
15.512559413909912; 0.29287150132409856
15.530778169631958; 0.29287150132409856
15.550261735916138; 0.2828827052352821
15.564103126525879; 0.29287150132409856
15.580882787704468; 0.29287150132409856
15.598102331161499; 0.29287150132409856
15.615478515625; 0.29287150132409856
15.63264513015747; 0.29287150132409856
15.649847030639648; 0.2828827052352821
15.662786960601807; 0.29287150132409856
15.67751955986023; 0.29287150132409856
15.694408655166626; 0.29287150132409856
15.715258598327637; 0.29287150132409856
15.733960628509521; 0.29287150132409856
15.75142788887024; 0.29287150132409856
15.767776727676392; 0.29287150132409856
15.78099250793457; 0.29287150132409856
15.79472827911377; 0.29287150132409856
15.807989358901978; 0.29287150132409856
15.821109771728516; 0.29287150132409856
15.83791971206665; 0.29287150132409856
15.853556871414185; 0.29287150132409856
15.869025707244873; 0.29287150132409856
15.89121389389038; 0.29287150132409856
15.909791469573975; 0.29287150132409856
15.922871351242065; 0.29287150132409856
15.936054229736328; 0.29287150132409856
15.949466705322266; 0.29287150132409856
15.964985609054565; 0.29287150132409856
15.985215187072754; 0.29287150132409856
16.002244472503662; 0.29287150132409856
16.01866865158081; 0.29287150132409856
16.035114765167236; 0.2828827052352821
16.05513048171997; 0.29287150132409856
16.071492910385132; 0.29287150132409856
16.08401346206665; 0.29287150132409856
16.096547603607178; 0.29287150132409856
16.1096453666687; 0.29287150132409856
16.12786316871643; 0.29287150132409856
16.14845371246338; 0.29287150132409856
16.161723136901855; 0.29287150132409856
16.18169379234314; 0.29287150132409856
16.198283433914185; 0.29287150132409856
16.21298885345459; 0.29287150132409856
16.230491399765015; 0.29287150132409856
16.24745512008667; 0.29287150132409856
16.260420083999634; 0.29287150132409856
16.27528691291809; 0.29287150132409856
16.291966199874878; 0.29287150132409856
16.313472509384155; 0.29287150132409856
16.32731342315674; 0.29287150132409856
16.348670482635498; 0.29287150132409856
16.366985321044922; 0.29287150132409856
16.38105320930481; 0.29287150132409856
16.39467215538025; 0.29287150132409856
16.40914750099182; 0.29287150132409856
16.427138566970825; 0.29287150132409856
16.44243311882019; 0.29287150132409856
16.45915675163269; 0.29287150132409856
16.474727630615234; 0.29287150132409856
16.498820781707764; 0.29287150132409856
16.517029523849487; 0.29287150132409856
16.53616738319397; 0.29287150132409856
16.549760818481445; 0.29287150132409856
16.571088314056396; 0.29287150132409856
16.58679699897766; 0.29287150132409856
16.60347580909729; 0.29287150132409856
16.626917839050293; 0.29287150132409856
16.64418625831604; 0.29287150132409856
16.656697750091553; 0.29287150132409856
16.66986322402954; 0.2828827052352821
16.68300199508667; 0.29287150132409856
16.701248168945312; 0.29287150132409856
16.720940113067627; 0.29287150132409856
16.73407292366028; 0.29287150132409856
16.754287481307983; 0.29287150132409856
16.77182173728943; 0.29287150132409856
16.785253047943115; 0.29287150132409856
16.800529956817627; 0.29287150132409856
16.814600706100464; 0.29287150132409856
16.8280611038208; 0.2828827052352821
16.845431327819824; 0.29287150132409856
16.862311601638794; 0.29287150132409856
16.881322860717773; 0.29287150132409856
16.896164894104004; 0.29287150132409856
16.913515329360962; 0.29287150132409856
16.931278944015503; 0.29287150132409856
16.94603180885315; 0.29287150132409856
16.959452152252197; 0.29287150132409856
16.973077058792114; 0.29287150132409856
16.98972725868225; 0.29287150132409856
17.004273891448975; 0.29287150132409856
17.020905256271362; 0.29287150132409856
17.03693389892578; 0.29287150132409856
17.056945323944092; 0.29287150132409856
17.07560086250305; 0.29287150132409856
17.089183807373047; 0.29287150132409856
17.10303568840027; 0.29287150132409856
17.12118697166443; 0.29287150132409856
17.138019323349; 0.29287150132409856
17.15468144416809; 0.29287150132409856
17.170051336288452; 0.29287150132409856
17.190159797668457; 0.29287150132409856
17.214173316955566; 0.29287150132409856
17.226659059524536; 0.29287150132409856
17.24018096923828; 0.29287150132409856
17.25326108932495; 0.29287150132409856
17.27141761779785; 0.29287150132409856
17.293403148651123; 0.29287150132409856
17.306867122650146; 0.29287150132409856
17.32400918006897; 0.29287150132409856
17.340909957885742; 0.29287150132409856
17.35826325416565; 0.29287150132409856
17.375433206558228; 0.29287150132409856
17.389605045318604; 0.29287150132409856
17.406230926513672; 0.29287150132409856
17.42022466659546; 0.29287150132409856
17.436806201934814; 0.29287150132409856
17.455636262893677; 0.29287150132409856
17.470563650131226; 0.29287150132409856
17.485962390899658; 0.29287150132409856
17.50390124320984; 0.29287150132409856
17.519007921218872; 0.29287150132409856
17.533137321472168; 0.29287150132409856
17.550006866455078; 0.29287150132409856
17.56745743751526; 0.29287150132409856
17.58555006980896; 0.29287150132409856
17.59911561012268; 0.29287150132409856
17.612844944000244; 0.29287150132409856
17.626258373260498; 0.29287150132409856
17.640544891357422; 0.29287150132409856
17.66108512878418; 0.29287150132409856
17.676870346069336; 0.29287150132409856
17.692680835723877; 0.29287150132409856
17.723537921905518; 0.29287150132409856
17.73670768737793; 0.2828827052352821
17.74983787536621; 0.29287150132409856
17.762958526611328; 0.29287150132409856
17.781200647354126; 0.29287150132409856
17.803423643112183; 0.2828827052352821
17.817668676376343; 0.29287150132409856
17.834684133529663; 0.29287150132409856
17.852372407913208; 0.2828827052352821
17.86663055419922; 0.29287150132409856
17.884093284606934; 0.29287150132409856
17.898386240005493; 0.29287150132409856
17.913516521453857; 0.29287150132409856
17.93146800994873; 0.29287150132409856
17.9487726688385; 0.29287150132409856
17.96899676322937; 0.29287150132409856
17.983925342559814; 0.29287150132409856
17.999393224716187; 0.29287150132409856
18.016876697540283; 0.29287150132409856
18.030300855636597; 0.29287150132409856
18.043933868408203; 0.29287150132409856
18.05967116355896; 0.29287150132409856
18.075439453125; 0.29287150132409856
18.097037315368652; 0.29287150132409856
18.111568927764893; 0.29287150132409856
18.13645100593567; 0.29287150132409856
18.153578519821167; 0.29287150132409856
18.17019248008728; 0.29287150132409856
18.18617272377014; 0.29287150132409856
18.207274675369263; 0.29287150132409856
18.225247144699097; 0.29287150132409856
18.238341093063354; 0.29287150132409856
18.25150990486145; 0.29287150132409856
18.26462721824646; 0.29287150132409856
18.282835006713867; 0.29287150132409856
18.30421733856201; 0.29287150132409856
18.317307472229004; 0.29287150132409856
18.334288120269775; 0.29287150132409856
18.35115623474121; 0.29287150132409856
18.365325212478638; 0.29287150132409856
18.38226294517517; 0.29287150132409856
18.398505449295044; 0.29287150132409856
18.41607642173767; 0.29287150132409856
18.430912256240845; 0.29287150132409856
18.447996854782104; 0.29287150132409856
18.466857433319092; 0.29287150132409856
18.481977224349976; 0.29287150132409856
18.499770879745483; 0.29287150132409856
18.515825271606445; 0.29287150132409856
18.53098726272583; 0.29287150132409856
18.54896378517151; 0.29287150132409856
18.568254232406616; 0.29287150132409856
18.583908319473267; 0.29287150132409856
18.60299253463745; 0.29287150132409856
18.616132259368896; 0.29287150132409856
18.630777835845947; 0.29287150132409856
18.64784002304077; 0.29287150132409856
18.66480779647827; 0.29287150132409856
18.690572500228882; 0.29287150132409856
18.708657026290894; 0.29287150132409856
18.721836805343628; 0.29287150132409856
18.734349966049194; 0.29287150132409856
18.747476816177368; 0.29287150132409856
18.760911226272583; 0.29287150132409856
18.779036045074463; 0.29287150132409856
18.80311870574951; 0.2828827052352821
18.817984342575073; 0.29287150132409856
18.834789037704468; 0.29287150132409856
18.851680040359497; 0.29287150132409856
18.8660147190094; 0.29287150132409856
18.88277006149292; 0.29287150132409856
18.89590096473694; 0.29287150132409856
18.91271209716797; 0.29287150132409856
18.930103302001953; 0.29287150132409856
18.947726726531982; 0.29287150132409856
18.965774297714233; 0.29287150132409856
18.98051166534424; 0.2828827052352821
18.998737335205078; 0.29287150132409856
19.01639699935913; 0.29287150132409856
19.030059099197388; 0.29287150132409856
19.043739080429077; 0.29287150132409856
19.058828353881836; 0.29287150132409856
19.07897973060608; 0.29287150132409856
19.09732961654663; 0.29287150132409856
19.110885620117188; 0.29287150132409856
19.125441312789917; 0.29287150132409856
19.144091606140137; 0.29287150132409856
19.163744926452637; 0.29287150132409856
19.194404125213623; 0.29287150132409856
19.206921339035034; 0.2828827052352821
19.220107793807983; 0.29287150132409856
19.233163833618164; 0.29287150132409856
19.24754524230957; 0.29287150132409856
19.260586738586426; 0.2828827052352821
19.27839159965515; 0.29287150132409856
19.305891275405884; 0.29287150132409856
19.319812536239624; 0.29287150132409856
19.339341402053833; 0.29287150132409856
19.35459065437317; 0.29287150132409856
19.367894649505615; 0.29287150132409856
19.385769367218018; 0.29287150132409856
19.400015115737915; 0.29287150132409856
19.417418479919434; 0.29287150132409856
19.43130660057068; 0.29287150132409856
19.448044300079346; 0.29287150132409856
19.46429753303528; 0.29287150132409856
19.485520839691162; 0.29287150132409856
19.501232624053955; 0.29287150132409856
19.520689010620117; 0.29287150132409856
19.533883571624756; 0.29287150132409856
19.54819345474243; 0.29287150132409856
19.56458067893982; 0.29287150132409856
19.58679723739624; 0.29287150132409856
19.601897716522217; 0.29287150132409856
19.619872093200684; 0.29287150132409856
19.638232707977295; 0.29287150132409856
19.65712809562683; 0.29287150132409856
19.683609008789062; 0.29287150132409856
19.70278787612915; 0.29287150132409856
19.71600866317749; 0.29287150132409856
19.729260206222534; 0.29287150132409856
19.74288034439087; 0.2828827052352821
19.7562997341156; 0.29287150132409856
19.769340753555298; 0.29287150132409856
19.787380933761597; 0.29287150132409856
19.807350635528564; 0.29287150132409856
19.821229934692383; 0.29287150132409856
19.838850021362305; 0.2828827052352821
19.858490228652954; 0.29287150132409856
19.87307095527649; 0.29287150132409856
19.891559839248657; 0.29287150132409856
19.90753483772278; 0.29287150132409856
19.920751810073853; 0.29287150132409856
19.93542242050171; 0.29287150132409856
19.952254056930542; 0.29287150132409856
19.987107515335083; 0.29287150132409856
20.002968311309814; 0.29287150132409856
20.0226833820343; 0.29287150132409856
20.035980224609375; 0.29287150132409856
20.0496346950531; 0.29287150132409856
20.06699275970459; 0.29287150132409856
20.08576273918152; 0.29287150132409856
20.104300022125244; 0.29287150132409856
20.120596647262573; 0.29287150132409856
20.138355493545532; 0.29287150132409856
20.15576696395874; 0.29287150132409856
20.17287254333496; 0.29287150132409856
20.199698448181152; 0.29287150132409856
20.218090772628784; 0.29287150132409856
20.23127317428589; 0.29287150132409856
20.244481325149536; 0.29287150132409856
20.259005546569824; 0.29287150132409856
20.283050060272217; 0.29287150132409856
20.308708429336548; 0.29287150132409856
20.322601079940796; 0.2828827052352821
20.341928958892822; 0.29287150132409856
20.359267473220825; 0.29287150132409856
20.37363290786743; 0.29287150132409856
20.39204168319702; 0.29287150132409856
20.406386613845825; 0.29287150132409856
20.42400074005127; 0.29287150132409856
20.439311265945435; 0.29287150132409856
20.45483112335205; 0.29287150132409856
20.47693419456482; 0.29287150132409856
20.49250316619873; 0.29287150132409856
20.512654781341553; 0.29287150132409856
20.529919862747192; 0.29287150132409856
20.543084383010864; 0.29287150132409856
20.55732488632202; 0.29287150132409856
20.57910656929016; 0.29287150132409856
20.59776496887207; 0.29287150132409856
20.616340398788452; 0.29287150132409856
20.630850076675415; 0.29287150132409856
20.644707202911377; 0.29287150132409856
20.66361403465271; 0.29287150132409856
20.678548336029053; 0.29287150132409856
20.710335731506348; 0.29287150132409856
20.72349762916565; 0.29287150132409856
20.736666440963745; 0.29287150132409856
20.749870538711548; 0.29287150132409856
20.767297983169556; 0.29287150132409856
20.78545045852661; 0.29287150132409856
20.810234308242798; 0.29287150132409856
20.823235511779785; 0.29287150132409856
20.84036684036255; 0.29287150132409856
20.857906103134155; 0.29287150132409856
20.870922565460205; 0.29287150132409856
20.885701417922974; 0.29287150132409856
20.8998281955719; 0.2828827052352821
20.914496898651123; 0.29287150132409856
20.927739143371582; 0.29287150132409856
20.942695379257202; 0.29287150132409856
20.95991015434265; 0.29287150132409856
20.99099612236023; 0.29287150132409856
21.009325742721558; 0.29287150132409856
21.02570915222168; 0.29287150132409856
21.040651559829712; 0.29287150132409856
21.05378246307373; 0.29287150132409856
21.071650981903076; 0.29287150132409856
21.089308738708496; 0.29287150132409856
21.10942268371582; 0.29287150132409856
21.129544258117676; 0.29287150132409856
21.148096084594727; 0.29287150132409856
21.164571523666382; 0.29287150132409856
21.200613260269165; 0.29287150132409856
21.218809843063354; 0.29287150132409856
21.23203945159912; 0.29287150132409856
21.24458646774292; 0.29287150132409856
21.25779414176941; 0.29287150132409856
21.27256965637207; 0.29287150132409856
21.290555000305176; 0.29287150132409856
21.311893463134766; 0.29287150132409856
21.32661247253418; 0.29287150132409856
21.34604549407959; 0.29287150132409856
21.3635413646698; 0.29287150132409856
21.380856037139893; 0.29287150132409856
21.396596908569336; 0.29287150132409856
21.41378688812256; 0.29287150132409856
21.42706823348999; 0.29287150132409856
21.44216537475586; 0.29287150132409856
21.45896005630493; 0.29287150132409856
21.485413551330566; 0.29287150132409856
21.500985145568848; 0.29287150132409856
21.51658797264099; 0.29287150132409856
21.534573554992676; 0.29287150132409856
21.548887729644775; 0.29287150132409856
21.56648588180542; 0.29287150132409856
21.582719326019287; 0.29287150132409856
21.602745294570923; 0.29287150132409856
21.61645531654358; 0.29287150132409856
21.62976384162903; 0.29287150132409856
21.64838218688965; 0.29287150132409856
21.66913390159607; 0.29287150132409856
21.691702127456665; 0.29287150132409856
21.710222482681274; 0.29287150132409856
21.722755193710327; 0.29287150132409856
21.735286951065063; 0.29287150132409856
21.748413562774658; 0.29287150132409856
21.761609315872192; 0.29287150132409856
21.774882793426514; 0.29287150132409856
21.79936981201172; 0.29287150132409856
21.81367325782776; 0.29287150132409856
21.828968286514282; 0.29287150132409856
21.847309827804565; 0.29287150132409856
21.864708185195923; 0.29287150132409856
21.88162636756897; 0.29287150132409856
21.898028135299683; 0.29287150132409856
21.9132137298584; 0.29287150132409856
21.929946184158325; 0.29287150132409856
21.944406509399414; 0.29287150132409856
21.961984157562256; 0.29287150132409856
21.986127376556396; 0.29287150132409856
22.001121997833252; 0.29287150132409856
22.02153468132019; 0.29287150132409856
22.038392782211304; 0.29287150132409856
22.052222728729248; 0.29287150132409856
22.065641164779663; 0.29287150132409856
22.083481788635254; 0.29287150132409856
22.10664987564087; 0.29287150132409856
22.12619376182556; 0.29287150132409856
22.14083194732666; 0.29287150132409856
22.160181760787964; 0.29287150132409856
22.177117824554443; 0.29287150132409856
22.194310188293457; 0.29287150132409856
22.223217248916626; 0.29287150132409856
22.241685390472412; 0.29287150132409856
22.254212617874146; 0.29287150132409856
22.26681900024414; 0.29287150132409856
22.27994966506958; 0.29287150132409856
22.298324823379517; 0.29287150132409856
22.328192234039307; 0.29287150132409856
22.343915939331055; 0.29287150132409856
22.36176586151123; 0.29287150132409856
22.378975868225098; 0.29287150132409856
22.39628314971924; 0.29287150132409856
22.412946939468384; 0.2828827052352821
22.429786920547485; 0.29287150132409856
22.446850299835205; 0.29287150132409856
22.461742401123047; 0.29287150132409856
22.47883677482605; 0.29287150132409856
22.498457193374634; 0.29287150132409856
22.513472080230713; 0.29287150132409856
22.527357816696167; 0.29287150132409856
22.54520320892334; 0.29287150132409856
22.563543796539307; 0.29287150132409856
22.57705521583557; 0.29287150132409856
22.59848117828369; 0.29287150132409856
22.61358070373535; 0.29287150132409856
22.629844427108765; 0.29287150132409856
22.64474892616272; 0.29287150132409856
22.66105580329895; 0.29287150132409856
22.683714151382446; 0.29287150132409856
22.700111865997314; 0.29287150132409856
22.723459243774414; 0.29287150132409856
22.74173855781555; 0.29287150132409856
22.754962921142578; 0.29287150132409856
22.76756501197815; 0.29287150132409856
22.780789136886597; 0.29287150132409856
22.79919195175171; 0.29287150132409856
22.825305938720703; 0.29287150132409856
22.83936834335327; 0.29287150132409856
22.85809850692749; 0.29287150132409856
22.873366117477417; 0.29287150132409856
22.886998414993286; 0.29287150132409856
22.90528893470764; 0.29287150132409856
22.9185209274292; 0.29287150132409856
22.936140775680542; 0.29287150132409856
22.95226216316223; 0.29287150132409856
22.967650413513184; 0.29287150132409856
22.986227989196777; 0.29287150132409856
23.006455898284912; 0.29287150132409856
23.022135257720947; 0.29287150132409856
23.042416095733643; 0.29287150132409856
23.055803060531616; 0.29287150132409856
23.071834802627563; 0.29287150132409856
23.090182542800903; 0.29287150132409856
23.105684995651245; 0.29287150132409856
23.124332904815674; 0.29287150132409856
23.138840198516846; 0.29287150132409856
23.15277934074402; 0.29287150132409856
23.16728901863098; 0.29287150132409856
23.186242818832397; 0.29287150132409856
23.206390142440796; 0.29287150132409856
23.23536515235901; 0.29287150132409856
23.247821807861328; 0.29287150132409856
23.26101803779602; 0.29287150132409856
23.274245262145996; 0.29287150132409856
23.293577671051025; 0.29287150132409856
23.321993350982666; 0.29287150132409856
23.339868545532227; 0.29287150132409856
23.356955766677856; 0.29287150132409856
23.373960733413696; 0.29287150132409856
23.387126684188843; 0.29287150132409856
23.401087045669556; 0.29287150132409856
23.41619873046875; 0.29287150132409856
23.42970633506775; 0.29287150132409856
23.443600177764893; 0.29287150132409856
23.45909333229065; 0.29287150132409856
23.474077463150024; 0.29287150132409856
23.505985975265503; 0.29287150132409856
23.52175545692444; 0.29287150132409856
23.538875818252563; 0.29287150132409856
23.555631637573242; 0.29287150132409856
23.572479724884033; 0.29287150132409856
23.59263277053833; 0.29287150132409856
23.610334157943726; 0.29287150132409856
23.625203847885132; 0.29287150132409856
23.644832134246826; 0.29287150132409856
23.662262678146362; 0.29287150132409856
23.682727813720703; 0.29287150132409856
23.702541828155518; 0.29287150132409856
23.72059178352356; 0.29287150132409856
23.73380184173584; 0.29287150132409856
23.747040510177612; 0.29287150132409856
23.760352611541748; 0.29287150132409856
23.77348518371582; 0.29287150132409856
23.7865788936615; 0.29287150132409856
23.80977463722229; 0.29287150132409856
23.82772707939148; 0.29287150132409856
23.840801000595093; 0.29287150132409856
23.859695434570312; 0.29287150132409856
23.876884937286377; 0.2828827052352821
23.897079944610596; 0.29287150132409856
23.914666652679443; 0.29287150132409856
23.931806802749634; 0.2828827052352821
23.945468425750732; 0.29287150132409856
23.96061086654663; 0.29287150132409856
23.976082801818848; 0.29287150132409856
23.99523377418518; 0.29287150132409856
24.010359525680542; 0.29287150132409856
24.028513193130493; 0.29287150132409856
24.043151378631592; 0.29287150132409856
24.060170888900757; 0.29287150132409856
24.073519468307495; 0.29287150132409856
24.09017515182495; 0.29287150132409856
24.109338760375977; 0.29287150132409856
24.128000259399414; 0.29287150132409856
24.142780780792236; 0.29287150132409856
24.166548490524292; 0.29287150132409856
24.182766437530518; 0.29287150132409856
24.1990909576416; 0.29287150132409856
24.21612238883972; 0.29287150132409856
24.243610382080078; 0.29287150132409856
24.256147384643555; 0.29287150132409856
24.268754482269287; 0.29287150132409856
24.281972646713257; 0.29287150132409856
24.30007290840149; 0.29287150132409856
24.327889680862427; 0.29287150132409856
24.342681169509888; 0.29287150132409856
24.361793279647827; 0.29287150132409856
24.377247095108032; 0.29287150132409856
24.390517234802246; 0.29287150132409856
24.404271364212036; 0.29287150132409856
24.419367790222168; 0.29287150132409856
24.432800769805908; 0.29287150132409856
24.44649839401245; 0.29287150132409856
24.463939905166626; 0.29287150132409856
24.477359533309937; 0.29287150132409856
24.49923276901245; 0.29287150132409856
24.514835596084595; 0.29287150132409856
24.53681707382202; 0.29287150132409856
24.556212902069092; 0.29287150132409856
24.57059335708618; 0.29287150132409856
24.583945512771606; 0.29287150132409856
24.603621244430542; 0.29287150132409856
24.624749660491943; 0.29287150132409856
24.64334535598755; 0.29287150132409856
24.6585214138031; 0.29287150132409856
24.67255473136902; 0.29287150132409856
24.691450119018555; 0.29287150132409856
24.70681142807007; 0.29287150132409856
24.728336811065674; 0.29287150132409856
24.74088191986084; 0.29287150132409856
24.75474524497986; 0.29287150132409856
24.767971515655518; 0.29287150132409856
24.78127145767212; 0.29287150132409856
24.801822662353516; 0.29287150132409856
24.829381942749023; 0.29287150132409856
24.844107151031494; 0.29287150132409856
24.85976791381836; 0.29287150132409856
24.87884545326233; 0.29287150132409856
24.891953468322754; 0.29287150132409856
24.906773567199707; 0.29287150132409856
24.924397706985474; 0.29287150132409856
24.941597938537598; 0.29287150132409856
24.955976247787476; 0.29287150132409856
24.973125219345093; 0.2828827052352821
24.990574598312378; 0.29287150132409856
25.01251769065857; 0.29287150132409856
25.028321266174316; 0.29287150132409856
25.04506015777588; 0.29287150132409856
25.062440633773804; 0.29287150132409856
25.07582950592041; 0.29287150132409856
25.0927791595459; 0.29287150132409856
25.109090089797974; 0.29287150132409856
25.126331090927124; 0.29287150132409856
25.14306139945984; 0.29287150132409856
25.15637969970703; 0.29287150132409856
25.172749280929565; 0.29287150132409856
25.191507577896118; 0.29287150132409856
25.211583137512207; 0.29287150132409856
25.2383234500885; 0.29287150132409856
25.250839948654175; 0.29287150132409856
25.2640438079834; 0.29287150132409856
25.277421712875366; 0.29287150132409856
25.29066252708435; 0.29287150132409856
25.319608449935913; 0.29287150132409856
25.333027362823486; 0.29287150132409856
25.34734296798706; 0.29287150132409856
25.366196870803833; 0.29287150132409856
25.387726545333862; 0.29287150132409856
25.40232491493225; 0.29287150132409856
25.42509698867798; 0.29287150132409856
25.442246675491333; 0.29287150132409856
25.455666303634644; 0.29287150132409856
25.47430682182312; 0.29287150132409856
25.49098491668701; 0.29287150132409856
25.513336420059204; 0.29287150132409856
25.530200242996216; 0.29287150132409856
25.545275926589966; 0.29287150132409856
25.564194679260254; 0.29287150132409856
25.580355644226074; 0.29287150132409856
25.595842123031616; 0.29287150132409856
25.61677575111389; 0.29287150132409856
25.63150191307068; 0.29287150132409856
25.649571180343628; 0.29287150132409856
25.665475606918335; 0.29287150132409856
25.682198762893677; 0.29287150132409856
25.706126928329468; 0.29287150132409856
25.72698664665222; 0.2828827052352821
25.740200519561768; 0.29287150132409856
25.75339984893799; 0.29287150132409856
25.76666784286499; 0.29287150132409856
25.78019094467163; 0.29287150132409856
25.793265104293823; 0.29287150132409856
25.811479806900024; 0.29287150132409856
25.849692344665527; 0.2828827052352821
25.863061904907227; 0.29287150132409856
25.876785278320312; 0.29287150132409856
25.889694929122925; 0.29287150132409856
25.904272079467773; 0.29287150132409856
25.917804479599; 0.29287150132409856
25.930768489837646; 0.29287150132409856
25.948018550872803; 0.29287150132409856
25.960909843444824; 0.29287150132409856
25.97584342956543; 0.29287150132409856
25.991154432296753; 0.29287150132409856
26.00864028930664; 0.29287150132409856
26.021743059158325; 0.29287150132409856
26.035305976867676; 0.29287150132409856
26.05492615699768; 0.29287150132409856
26.07315492630005; 0.29287150132409856
26.086462259292603; 0.29287150132409856
26.102916955947876; 0.29287150132409856
26.118557929992676; 0.29287150132409856
26.137688636779785; 0.29287150132409856
26.155035495758057; 0.29287150132409856
26.169514417648315; 0.29287150132409856
26.18293309211731; 0.29287150132409856
26.19900417327881; 0.29287150132409856
26.215834617614746; 0.29287150132409856
26.238717317581177; 0.29287150132409856
26.25133490562439; 0.29287150132409856
26.26452326774597; 0.29287150132409856
26.277684688568115; 0.29287150132409856
26.290809869766235; 0.29287150132409856
26.309114694595337; 0.29287150132409856
26.343883275985718; 0.29287150132409856
26.361472129821777; 0.29287150132409856
26.378519535064697; 0.29287150132409856
26.399018049240112; 0.29287150132409856
26.418784618377686; 0.29287150132409856
26.436272859573364; 0.29287150132409856
26.449498176574707; 0.29287150132409856
26.46658968925476; 0.29287150132409856
26.483235120773315; 0.29287150132409856
26.500164270401; 0.29287150132409856
26.514512300491333; 0.2828827052352821
26.52784252166748; 0.29287150132409856
26.544965982437134; 0.29287150132409856
26.566328048706055; 0.29287150132409856
26.58208918571472; 0.29287150132409856
26.601972579956055; 0.29287150132409856
26.61531376838684; 0.29287150132409856
26.630467653274536; 0.29287150132409856
26.648324251174927; 0.29287150132409856
26.663763999938965; 0.29287150132409856
26.682700872421265; 0.29287150132409856
26.697678565979004; 0.29287150132409856
26.71533966064453; 0.29287150132409856
26.731781482696533; 0.29287150132409856
26.748474597930908; 0.29287150132409856
26.772339344024658; 0.29287150132409856
26.79027009010315; 0.29287150132409856
26.803418159484863; 0.29287150132409856
26.81596326828003; 0.29287150132409856
26.82909655570984; 0.29287150132409856
26.84736132621765; 0.29287150132409856
26.87593674659729; 0.29287150132409856
26.89194130897522; 0.29287150132409856
26.912158489227295; 0.29287150132409856
26.929068565368652; 0.29287150132409856
26.943820238113403; 0.29287150132409856
26.959137678146362; 0.29287150132409856
26.974637508392334; 0.29287150132409856
26.988646507263184; 0.29287150132409856
27.0062198638916; 0.29287150132409856
27.023558378219604; 0.29287150132409856
27.043071031570435; 0.29287150132409856
27.05809497833252; 0.29287150132409856
27.076354026794434; 0.29287150132409856
27.094170093536377; 0.29287150132409856
27.108944416046143; 0.29287150132409856
27.125715732574463; 0.29287150132409856
27.145708084106445; 0.29287150132409856
27.167158603668213; 0.29287150132409856
27.185723781585693; 0.29287150132409856
27.200881004333496; 0.29287150132409856
27.21946096420288; 0.29287150132409856
27.2401602268219; 0.29287150132409856
27.26023840904236; 0.29287150132409856
27.28636646270752; 0.29287150132409856
27.29943609237671; 0.29287150132409856
27.312622785568237; 0.29287150132409856
27.325830459594727; 0.29287150132409856
27.344072341918945; 0.29287150132409856
27.372945308685303; 0.29287150132409856
27.391125679016113; 0.29287150132409856
27.406288146972656; 0.29287150132409856
27.42053508758545; 0.29287150132409856
27.43519425392151; 0.29287150132409856
27.45202326774597; 0.29287150132409856
27.4645779132843; 0.29287150132409856
27.478174448013306; 0.29287150132409856
27.49428653717041; 0.29287150132409856
27.508970260620117; 0.29287150132409856
27.526877641677856; 0.29287150132409856
27.55066418647766; 0.29287150132409856
27.569453477859497; 0.29287150132409856
27.587284803390503; 0.29287150132409856
27.604426860809326; 0.29287150132409856
27.617724418640137; 0.29287150132409856
27.63497042655945; 0.29287150132409856
27.650553941726685; 0.29287150132409856
27.664958238601685; 0.29287150132409856
27.679840087890625; 0.29287150132409856
27.699843883514404; 0.29287150132409856
27.717047929763794; 0.29287150132409856
27.73270344734192; 0.29287150132409856
27.755040645599365; 0.29287150132409856
27.772598028182983; 0.29287150132409856
27.785759687423706; 0.29287150132409856
27.79892373085022; 0.29287150132409856
27.81209897994995; 0.30286029741291504
27.825262784957886; 0.29287150132409856
27.84339451789856; 0.29287150132409856
27.8737952709198; 0.29287150132409856
27.8932523727417; 0.29287150132409856
27.913509845733643; 0.29287150132409856
27.93052649497986; 0.29287150132409856
27.945525407791138; 0.29287150132409856
27.96290922164917; 0.29287150132409856
27.978267431259155; 0.29287150132409856
27.993374824523926; 0.29287150132409856
28.00829529762268; 0.29287150132409856
28.025100231170654; 0.29287150132409856
28.047508239746094; 0.29287150132409856
28.066994667053223; 0.29287150132409856
28.082271575927734; 0.29287150132409856
28.100691318511963; 0.29287150132409856
28.113946437835693; 0.29287150132409856
28.12791633605957; 0.29287150132409856
28.14574933052063; 0.29287150132409856
28.16196846961975; 0.29287150132409856
28.18298864364624; 0.29287150132409856
28.19644570350647; 0.29287150132409856
28.211189031600952; 0.29287150132409856
28.224340677261353; 0.29287150132409856
28.23757839202881; 0.29287150132409856
28.254661798477173; 0.29287150132409856
28.270424127578735; 0.29287150132409856
28.285581588745117; 0.29287150132409856
28.300322771072388; 0.29287150132409856
28.32742214202881; 0.29287150132409856
28.34059429168701; 0.29287150132409856
28.353740215301514; 0.29287150132409856
28.36686110496521; 0.29287150132409856
28.385056972503662; 0.29287150132409856
28.418017148971558; 0.29287150132409856
28.43140149116516; 0.29287150132409856
28.4490225315094; 0.29287150132409856
28.46721386909485; 0.29287150132409856
28.484825372695923; 0.29287150132409856
28.50192928314209; 0.29287150132409856
28.516526699066162; 0.29287150132409856
28.53408932685852; 0.2828827052352821
28.551419019699097; 0.29287150132409856
28.564688682556152; 0.29287150132409856
28.587691068649292; 0.29287150132409856
28.60354471206665; 0.29287150132409856
28.62154197692871; 0.29287150132409856
28.6401789188385; 0.29287150132409856
28.653965711593628; 0.29287150132409856
28.66800808906555; 0.29287150132409856
28.68858504295349; 0.29287150132409856
28.70756483078003; 0.29287150132409856
28.725992441177368; 0.29287150132409856
28.739299297332764; 0.29287150132409856
28.755250215530396; 0.29287150132409856
28.76871681213379; 0.29287150132409856
28.78324556350708; 0.29287150132409856
28.80457639694214; 0.29287150132409856
28.820317029953003; 0.29287150132409856
28.836580276489258; 0.29287150132409856
28.856789112091064; 0.29287150132409856
28.8693630695343; 0.29287150132409856
28.882254362106323; 0.29287150132409856
28.895426034927368; 0.29287150132409856
28.908592462539673; 0.2828827052352821
28.927156686782837; 0.29287150132409856
28.955702304840088; 0.29287150132409856
28.969462871551514; 0.29287150132409856
28.984816551208496; 0.29287150132409856
28.998099327087402; 0.29287150132409856
29.01339840888977; 0.29287150132409856
29.026809215545654; 0.29287150132409856
29.04201078414917; 0.29287150132409856
29.05634379386902; 0.29287150132409856
29.073104858398438; 0.29287150132409856
29.087263345718384; 0.29287150132409856
29.100613594055176; 0.29287150132409856
29.11676287651062; 0.29287150132409856
29.131124019622803; 0.29287150132409856
29.14600682258606; 0.29287150132409856
29.16209840774536; 0.29287150132409856
29.177215814590454; 0.29287150132409856
29.190771341323853; 0.29287150132409856
29.204161405563354; 0.29287150132409856
29.217777013778687; 0.29287150132409856
29.23211121559143; 0.29287150132409856
29.246991634368896; 0.29287150132409856
29.26103401184082; 0.29287150132409856
29.277910709381104; 0.29287150132409856
29.292678594589233; 0.29287150132409856
29.30614709854126; 0.29287150132409856
29.320053100585938; 0.2828827052352821
29.333189964294434; 0.29287150132409856
29.351345777511597; 0.29287150132409856
29.366568088531494; 0.29287150132409856
29.382792711257935; 0.29287150132409856
29.407952785491943; 0.29287150132409856
29.420623064041138; 0.29287150132409856
29.433788299560547; 0.29287150132409856
29.44698691368103; 0.29287150132409856
29.46011257171631; 0.29287150132409856
29.478343963623047; 0.29287150132409856
29.506264686584473; 0.29287150132409856
29.525102138519287; 0.29287150132409856
29.542486906051636; 0.29287150132409856
29.5598464012146; 0.29287150132409856
29.575281858444214; 0.29287150132409856
29.592139959335327; 0.29287150132409856
29.607187271118164; 0.29287150132409856
29.626483917236328; 0.29287150132409856
29.6412935256958; 0.29287150132409856
29.66585612297058; 0.29287150132409856
29.691619634628296; 0.29287150132409856
29.71407175064087; 0.29287150132409856
29.732415199279785; 0.29287150132409856
29.745696306228638; 0.29287150132409856
29.76270604133606; 0.29287150132409856
29.778701543807983; 0.29287150132409856
29.79690408706665; 0.29287150132409856
29.817577362060547; 0.29287150132409856
29.83396005630493; 0.29287150132409856
29.84895920753479; 0.29287150132409856
29.863873720169067; 0.29287150132409856
29.88642144203186; 0.29287150132409856
29.907097578048706; 0.29287150132409856
29.92310380935669; 0.29287150132409856
29.945640087127686; 0.29287150132409856
29.96917152404785; 0.2828827052352821
29.982558727264404; 0.29287150132409856
29.9957914352417; 0.29287150132409856
30.009034872055054; 0.29287150132409856
30.02729630470276; 0.29287150132409856
30.059598684310913; 0.29287150132409856
30.079996585845947; 0.29287150132409856
30.10098171234131; 0.29287150132409856
30.117793798446655; 0.29287150132409856
30.13374924659729; 0.29287150132409856
30.15181064605713; 0.29287150132409856
30.166245222091675; 0.29287150132409856
30.18441939353943; 0.29287150132409856
30.19984483718872; 0.29287150132409856
30.216395139694214; 0.29287150132409856
30.23489761352539; 0.29287150132409856
30.252142190933228; 0.29287150132409856
30.276637077331543; 0.29287150132409856
30.293235778808594; 0.29287150132409856
30.30644178390503; 0.29287150132409856
30.320293188095093; 0.29287150132409856
30.340365886688232; 0.29287150132409856
30.361708402633667; 0.29287150132409856
30.378791570663452; 0.29287150132409856
30.394935131072998; 0.29287150132409856
30.409624814987183; 0.29287150132409856
30.428179264068604; 0.29287150132409856
30.441311359405518; 0.29287150132409856
30.46004557609558; 0.29287150132409856
30.47498345375061; 0.29287150132409856
30.492159843444824; 0.29287150132409856
30.514097929000854; 0.29287150132409856
30.5267231464386; 0.29287150132409856
30.539949655532837; 0.29287150132409856
30.553192615509033; 0.29287150132409856
30.570233821868896; 0.29287150132409856
30.588696241378784; 0.29287150132409856
30.617143154144287; 0.29287150132409856
30.634196281433105; 0.29287150132409856
30.651196002960205; 0.29287150132409856
30.66826295852661; 0.29287150132409856
30.686216831207275; 0.2828827052352821
30.70321297645569; 0.29287150132409856
30.718671798706055; 0.29287150132409856
30.73917293548584; 0.29287150132409856
30.753990411758423; 0.29287150132409856
30.769577503204346; 0.29287150132409856
30.78966236114502; 0.29287150132409856
30.804461240768433; 0.29287150132409856
30.82028889656067; 0.29287150132409856
30.960705995559692; 0.29287150132409856
30.973947286605835; 0.29287150132409856
30.98765254020691; 0.29287150132409856
31.004656553268433; 0.29287150132409856
31.02110528945923; 0.29287150132409856
31.040807485580444; 0.29287150132409856
31.055671453475952; 0.29287150132409856
31.073769569396973; 0.29287150132409856
31.087403774261475; 0.29287150132409856
31.100602865219116; 0.29287150132409856
31.117679119110107; 0.29287150132409856
31.134687662124634; 0.29287150132409856
31.149929523468018; 0.29287150132409856
31.167000770568848; 0.29287150132409856
31.189057111740112; 0.29287150132409856
31.20224356651306; 0.29287150132409856
31.21525764465332; 0.29287150132409856
31.228488206863403; 0.29287150132409856
31.241536617279053; 0.29287150132409856
31.260427236557007; 0.29287150132409856
31.28823947906494; 0.29287150132409856
31.30478858947754; 0.29287150132409856
31.321537733078003; 0.29287150132409856
31.338690519332886; 0.29287150132409856
31.352036237716675; 0.29287150132409856
31.367446660995483; 0.29287150132409856
31.381421327590942; 0.29287150132409856
31.40084743499756; 0.29287150132409856
31.414738416671753; 0.29287150132409856
31.429996967315674; 0.29287150132409856
31.4483380317688; 0.29287150132409856
31.465877294540405; 0.29287150132409856
31.489480018615723; 0.29287150132409856
31.505186080932617; 0.29287150132409856
31.53056502342224; 0.29287150132409856
31.549262762069702; 0.29287150132409856
31.563167333602905; 0.29287150132409856
31.580591678619385; 0.29287150132409856
31.596803665161133; 0.29287150132409856
31.617106676101685; 0.29287150132409856
31.630833625793457; 0.29287150132409856
31.645872831344604; 0.29287150132409856
31.659348011016846; 0.29287150132409856
31.673045873641968; 0.29287150132409856
31.690223455429077; 0.29287150132409856
31.706135272979736; 0.2828827052352821
31.72176504135132; 0.29287150132409856
31.742081880569458; 0.29287150132409856
31.764183521270752; 0.29287150132409856
31.77669644355774; 0.29287150132409856
31.789520025253296; 0.29287150132409856
31.807623624801636; 0.29287150132409856
31.825891971588135; 0.29287150132409856
31.85465097427368; 0.29287150132409856
31.87302589416504; 0.29287150132409856
31.892728567123413; 0.29287150132409856
31.90898299217224; 0.29287150132409856
31.92206883430481; 0.29287150132409856
31.939581871032715; 0.29287150132409856
31.955770015716553; 0.29287150132409856
31.97304058074951; 0.29287150132409856
31.989495038986206; 0.29287150132409856
32.00599145889282; 0.29287150132409856
32.03530430793762; 0.29287150132409856
32.05033564567566; 0.29287150132409856
32.06713652610779; 0.29287150132409856
32.086121559143066; 0.29287150132409856
32.104315757751465; 0.29287150132409856
32.11769437789917; 0.29287150132409856
32.13648009300232; 0.29287150132409856
32.15880727767944; 0.29287150132409856
32.17739129066467; 0.29287150132409856
32.192153215408325; 0.29287150132409856
32.20531916618347; 0.29287150132409856
32.21872019767761; 0.29287150132409856
32.23821997642517; 0.29287150132409856
32.25411796569824; 0.29287150132409856
32.27033185958862; 0.29287150132409856
32.29433035850525; 0.29287150132409856
32.31642699241638; 0.29287150132409856
32.329904556274414; 0.29287150132409856
32.343120098114014; 0.29287150132409856
32.356431007385254; 0.29287150132409856
32.374945640563965; 0.29287150132409856
32.411940574645996; 0.29287150132409856
32.42936038970947; 0.29287150132409856
32.4448299407959; 0.29287150132409856
32.4581093788147; 0.29287150132409856
32.47219157218933; 0.29287150132409856
32.48926496505737; 0.29287150132409856
32.50271153450012; 0.29287150132409856
32.518823862075806; 0.29287150132409856
32.53367567062378; 0.29287150132409856
32.54839468002319; 0.29287150132409856
32.56539583206177; 0.29287150132409856
32.588277101516724; 0.29287150132409856
32.60308623313904; 0.29287150132409856
32.61630916595459; 0.29287150132409856
32.63560724258423; 0.29287150132409856
32.6542763710022; 0.29287150132409856
32.6686794757843; 0.29287150132409856
32.6947546005249; 0.29287150132409856
32.70960855484009; 0.29287150132409856
32.7296040058136; 0.29287150132409856
32.74496126174927; 0.29287150132409856
32.75818395614624; 0.29287150132409856
32.77137756347656; 0.29287150132409856
32.78487777709961; 0.29287150132409856
32.80190348625183; 0.29287150132409856
32.81770205497742; 0.29287150132409856
32.833655834198; 0.29287150132409856
32.85378456115723; 0.29287150132409856
32.87870168685913; 0.29287150132409856
32.892568588256836; 0.2828827052352821
32.90585923194885; 0.29287150132409856
32.91912579536438; 0.29287150132409856
