0.0010237693786621094; 1.691897713352389
0.01614975929260254; 1.7219314005716622
0.03273940086364746; 1.6518527970600247
0.04866147041320801; 1.691897713352389
0.06322503089904785; 1.6718752552062068
0.08586859703063965; 1.681886484279298
0.10132646560668945; 1.70190894242548
0.12035751342773438; 1.681886484279298
0.13677263259887695; 1.681886484279298
0.16787433624267578; 1.681886484279298
0.1918938159942627; 1.7719875459371175
0.21364331245422363; 1.7319426296447533
0.23386812210083008; 1.6718752552062068
0.26154112815856934; 1.6118078807676606
0.280977725982666; 1.6518527970600247
0.30463099479675293; 1.6017966516945694
0.32704925537109375; 1.7219314005716622
0.3557770252227783; 1.6318303389138427
0.3729121685028076; 1.6518527970600247
0.3858375549316406; 1.6418415679869338
0.3993496894836426; 1.661864026133116
0.4132416248321533; 1.681886484279298
0.4281136989593506; 1.6718752552062068
0.44184374809265137; 1.6518527970600247
0.4568452835083008; 1.6718752552062068
0.47188401222229004; 1.8120324622294817
0.4866509437561035; 1.9121447529603923
0.4999246597290039; 2.302582686810944
0.5222916603088379; 1.3815496120865662
0.5380895137786865; 1.8720998366680281
0.5544466972351074; 1.7419538587178443
0.5806236267089844; 1.9121447529603923
0.598292350769043; 1.9722121273989386
0.6162412166595459; 2.012257043691303
0.6322281360626221; 2.0923468762760313
0.6500287055969238; 1.9421784401796656
0.6677119731903076; 2.0623131890567583
0.6873576641082764; 2.262537770518579
0.7063510417938232; 0.18020212331563906
0.7227513790130615; 0.16017966516945695
0.7441973686218262; 0.0
0.7659342288970947; 0.0
0.7819979190826416; 0.0
0.7984001636505127; 0.0
0.8170547485351562; 0.0
0.8346843719482422; 0.0
0.8589684963226318; 0.0
0.8779478073120117; 0.0
0.8960888385772705; 0.0
0.9156255722045898; 0.0
0.9305353164672852; 0.0
0.9558854103088379; 0.0
0.9798684120178223; 0.0
1.000558614730835; 0.0
1.026106595993042; 0.0
1.0436549186706543; 0.0
1.057314395904541; 0.0
1.0714125633239746; 0.0
1.0854380130767822; 0.0
1.102937936782837; 0.0
1.1207606792449951; 0.0
1.1363639831542969; 0.0
1.15281343460083; 0.0
1.170823097229004; 0.0
1.191784143447876; 0.0
1.209026575088501; 0.0
1.2268497943878174; 0.0
1.242342233657837; 0.0
1.2569520473480225; 0.0
1.2755804061889648; 0.0
1.2890725135803223; 0.0
1.3157410621643066; 0.0
1.3370940685272217; 0.0
1.3550002574920654; 0.0
1.3802475929260254; 0.0
1.3981332778930664; 0.0
1.4162869453430176; 0.0
1.4403247833251953; 0.0
1.4647729396820068; 0.0
1.4845383167266846; 0.0
1.5014145374298096; 0.0
1.5178134441375732; 0.0
1.5358030796051025; 0.0
1.5606117248535156; 0.0
1.585390329360962; 0.0
1.598884105682373; 0.0
1.6137065887451172; 0.0
1.6281530857086182; 0.0
1.6468493938446045; 0.0
1.6668992042541504; 0.0
1.685110330581665; 0.0
1.6997339725494385; -0.01001122907309106
1.7177455425262451; 0.0
1.7326231002807617; 0.0
1.7486598491668701; 0.0
1.7674977779388428; 0.0
1.7876360416412354; 0.0
1.8053507804870605; 0.0
1.8258693218231201; 0.0
1.846405029296875; 0.0
1.865070104598999; 0.0
1.8853402137756348; 0.0
1.9037785530090332; 0.0
1.9228529930114746; 0.0
1.9413001537322998; 0.0
1.9586434364318848; 0.0
1.977513313293457; 0.0
1.9963502883911133; 0.0
2.018860340118408; 0.0
2.039281129837036; 0.0
2.06872296333313; 0.0
2.0840442180633545; 0.0
2.1012234687805176; 0.0
2.118476152420044; 0.01001122907309106
2.149120807647705; 0.0
2.17445969581604; 0.0
2.187516689300537; 0.0
2.2014966011047363; 0.0
2.2155940532684326; 0.0
2.2303051948547363; 0.0
2.2486891746520996; 0.0
2.2684974670410156; 0.0
2.2903289794921875; 0.0
2.3116466999053955; 0.0
2.3263278007507324; 0.0
2.349724769592285; 0.0
2.373467445373535; 0.0
2.389094114303589; 0.0
2.4046499729156494; 0.0
2.4232969284057617; 0.0
2.4518721103668213; 0.0
2.4706928730010986; 0.0
2.4868927001953125; 0.0
2.5107064247131348; 0.0
2.5279381275177; 0.0
2.5466537475585938; 0.0
2.574395179748535; 0.0
2.6005513668060303; 0.0
2.6189801692962646; 0.0
2.6401188373565674; 0.0
2.668009042739868; 0.0
2.693466901779175; 0.0
2.7237672805786133; 0.0
2.7367019653320312; 0.0
2.7511041164398193; 0.0
2.7652645111083984; 0.0
2.781022787094116; 0.0
2.797233819961548; 0.0
2.8164703845977783; 0.0
2.831866502761841; 0.0
2.8533122539520264; 0.0
2.8735013008117676; 0.0
2.891725778579712; 0.0
2.908402919769287; 0.0
2.9259932041168213; 0.0
2.94211745262146; 0.0
2.964771270751953; 0.0
2.983177661895752; 0.0
3.006962299346924; 0.0
3.0322933197021484; 0.0
3.0598719120025635; 0.0
3.0778913497924805; 0.0
3.0955746173858643; 0.0
3.1218864917755127; 0.0
3.14502215385437; 0.0
3.165477752685547; 0.0
3.18292236328125; 0.0
3.1975131034851074; 0.0
3.220456838607788; 0.0
3.249025583267212; 0.0
3.2660322189331055; 0.0
3.278846502304077; 0.0
3.291766405105591; 0.0
3.3057034015655518; 0.0
3.3202567100524902; 0.0
3.3366968631744385; 0.0
3.352661609649658; 0.0
3.3712515830993652; 0.0
3.3935186862945557; 0.0
3.4116649627685547; 0.0
3.429380416870117; 0.0
3.445019483566284; 0.0
3.4629154205322266; 0.0
3.4808197021484375; 0.0
3.49798321723938; 0.0
3.5322389602661133; 0.0
3.555293083190918; 0.0
3.5815305709838867; 0.0
3.598719358444214; 0.0
3.616218090057373; -0.01001122907309106
3.640268325805664; 0.0
3.65848445892334; 0.0
3.6812572479248047; 0.0
3.70396089553833; 0.0
3.7210910320281982; 0.0
3.7382967472076416; 0.0
3.763983964920044; 0.0
3.7862918376922607; 0.0
3.801974296569824; 0.0
3.8179972171783447; 0.0
3.831483840942383; 0.0
3.844928503036499; 0.0
3.859550952911377; 0.0
3.8751821517944336; 0.0
3.889845132827759; 0.0
3.911311149597168; 0.0
3.9296443462371826; 0.0
3.94683837890625; 0.0
3.964556932449341; 0.0
3.9807968139648438; 0.0
3.998105049133301; 0.0
4.013462781906128; 0.0
4.034103631973267; 0.0
4.063357830047607; 0.0
4.085131406784058; 0.0
4.101498365402222; 0.0
4.1184468269348145; 0.0
4.137395143508911; 0.0
4.159250974655151; 0.0
4.175175428390503; 0.0
4.19519305229187; 0.0
4.22236704826355; 0.0
4.248670339584351; 0.0
4.270946502685547; 0.0
4.285975694656372; 0.0
4.304072856903076; 0.0
4.323808431625366; 0.0
4.353072166442871; 0.0
4.36967921257019; 0.0
4.383145570755005; 0.0
4.398064136505127; 0.0
4.412219524383545; 0.0
4.426161050796509; 0.0
4.4405176639556885; 0.0
4.457013368606567; 0.0
4.473672866821289; 0.0
4.4960668087005615; 0.0
4.5114827156066895; 0.0
4.532055854797363; 0.0
4.547889471054077; 0.0
4.565950393676758; 0.0
4.586007833480835; 0.0
4.605209589004517; 0.0
4.623109579086304; 0.0
4.63701605796814; 0.0
4.654007196426392; 0.0
4.6717774868011475; 0.0
4.6945812702178955; 0.0
4.715194463729858; 0.0
4.733083963394165; 0.0
4.750490188598633; 0.0
4.776715278625488; 0.0
4.7953948974609375; 0.0
4.822607517242432; 0.0
4.843024253845215; 0.0
4.874750375747681; -0.01001122907309106
4.8912341594696045; 0.0
4.9040679931640625; 0.0
4.919074773788452; 0.0
4.932490587234497; 0.0
4.946408748626709; 0.0
4.9649248123168945; 0.0
4.983626365661621; 0.0
5.005152940750122; 0.0
5.020892858505249; 0.0
5.036417007446289; 0.0
5.052486181259155; 0.0
5.069259166717529; 0.0
5.087067604064941; 0.0
5.108896255493164; 0.0
5.128092288970947; 0.0
5.146960496902466; 0.0
5.161113500595093; 0.0
5.181356191635132; 0.0
5.204406976699829; 0.0
5.223779201507568; 0.0
5.240410804748535; 0.0
5.2628700733184814; 0.0
5.281486988067627; 0.0
5.301485776901245; 0.0
5.327208995819092; 0.0
5.344034194946289; 0.0
5.362528324127197; 0.0
5.3851318359375; 0.0
5.40589451789856; 0.0
5.418776512145996; 0.0
5.432271957397461; 0.0
5.445702075958252; 0.0
5.459634780883789; 0.0
5.474606275558472; 0.0
5.491942644119263; 0.0
5.507417917251587; 0.0
5.52609658241272; 0.0
5.547262191772461; 0.0
5.565809011459351; 0.0
5.582977533340454; 0.0
5.6000096797943115; 0.0
5.615781784057617; 0.0
5.631866216659546; 0.0
5.651127338409424; 0.0
5.669219255447388; 0.0
5.690280437469482; 0.0
5.71093487739563; 0.0
5.733020067214966; 0.0
5.752566337585449; -0.01001122907309106
5.7711591720581055; 0.0
5.789288520812988; 0.0
5.8057990074157715; 0.0
5.825784683227539; 0.0
5.848869323730469; 0.0
5.8704750537872314; 0.0
5.889467000961304; 0.0
5.910002946853638; 0.0
5.93042254447937; 0.0
5.9439613819122314; 0.0
5.956799030303955; 0.0
5.970298528671265; 0.0
5.9840476512908936; 0.0
6.000008821487427; 0.0
6.017441511154175; 0.0
6.031373023986816; 0.0
6.049798488616943; 0.0
6.068185567855835; 0.0
6.085191965103149; 0.0
6.1060709953308105; 0.0
6.1228368282318115; 0.0
6.140977621078491; 0.0
6.155211687088013; 0.0
6.1801207065582275; 0.0
6.213169574737549; 0.0
6.231417655944824; 0.0
6.249590873718262; 0.0
6.272116422653198; 0.0
6.288837671279907; 0.0
6.307277679443359; 0.0
6.3256003856658936; 0.0
6.343201398849487; 0.0
6.373900890350342; 0.0
6.3971593379974365; 0.0
6.411752700805664; 0.0
6.434164762496948; 0.0
6.4623658657073975; -0.01001122907309106
6.475340843200684; 0.0
6.488134145736694; 0.0
6.501612186431885; -0.01001122907309106
6.515151262283325; 0.0
6.5348219871521; -0.01001122907309106
6.55239462852478; 0.0
6.575514316558838; 0.0
6.594742059707642; 0.0
6.6090006828308105; 0.0
6.6259074211120605; 0.0
6.643696546554565; 0.0
6.659552097320557; 0.0
6.6772544384002686; 0.0
6.69762659072876; 0.0
6.715546607971191; 0.0
6.747689485549927; 0.0
6.768751859664917; 0.0
6.7915754318237305; 0.0
6.809834003448486; 0.0
6.827975749969482; 0.0
6.8526341915130615; 0.0
6.870671033859253; 0.0
6.892070531845093; 0.0
6.914928436279297; 0.0
6.931685447692871; 0.0
6.951096534729004; 0.0
6.975845813751221; 0.0
7.006896734237671; 0.0
7.020851135253906; 0.0
7.034388780593872; 0.0
7.048092365264893; 0.0
7.064700126647949; 0.0
7.083260774612427; 0.0
7.101389408111572; 0.0
7.1197497844696045; 0.0
7.139575242996216; 0.0
7.1617913246154785; 0.0
7.175835371017456; 0.0
7.191378831863403; 0.0
7.207955360412598; 0.0
7.225140333175659; 0.0
7.243149280548096; 0.0
7.262161493301392; 0.0
7.280279874801636; 0.0
7.300509452819824; 0.0
7.3191399574279785; 0.0
7.338248014450073; 0.0
7.352951288223267; 0.0
7.371063232421875; 0.0
7.390779733657837; 0.0
7.411674499511719; 0.0
7.433750629425049; 0.0
7.45306921005249; 0.0
7.4734954833984375; 0.0
7.4914391040802; 0.0
7.508031606674194; 0.0
7.528285503387451; 0.0
7.5411057472229; 0.0
7.554575681686401; 0.0
7.567409038543701; 0.0
7.58313775062561; 0.0
7.597173690795898; 0.0
7.615900993347168; 0.0
7.632670879364014; 0.0
7.6497108936309814; 0.0
7.663610458374023; 0.0
7.682207107543945; 0.0
7.695827960968018; 0.0
7.711863994598389; 0.0
7.728318452835083; 0.0
7.744875192642212; 0.0
7.766040563583374; 0.0
7.794202566146851; 0.0
7.811753511428833; 0.0
7.829328536987305; 0.0
7.8489673137664795; 0.0
7.864013195037842; 0.0
7.8812172412872314; 0.0
7.902015686035156; 0.0
7.921452522277832; 0.0
7.9434309005737305; 0.0
7.962309837341309; 0.0
7.976931571960449; 0.0
7.991446018218994; 0.0
8.009732961654663; 0.0
8.025609731674194; 0.0
8.048092603683472; 0.0
8.065746307373047; 0.0
8.079232215881348; 0.0
8.097110033035278; 0.0
8.1192946434021; 0.0
8.135380744934082; 0.0
8.151086807250977; 0.0
8.169773817062378; 0.0
8.187546491622925; 0.0
8.203081369400024; 0.0
8.221460580825806; 0.0
8.238568544387817; 0.0
8.253653049468994; 0.0
8.271243333816528; -0.01001122907309106
8.287278413772583; 0.0
8.310518264770508; 0.0
8.332056522369385; 0.0
8.351416826248169; 0.0
8.365998268127441; 0.0
8.382335424423218; 0.0
8.399901151657104; 0.0
8.418189287185669; 0.0
8.437971591949463; 0.0
8.456047773361206; 0.0
8.472019910812378; 0.0
8.499342918395996; 0.0
8.516467809677124; -0.01001122907309106
8.533098936080933; 0.0
8.554378271102905; 0.0
8.571312427520752; 0.0
8.595439672470093; 0.0
8.6083083152771; 0.0
8.621179580688477; 0.0
8.636091947555542; 0.0
8.655041456222534; 0.0
8.669699668884277; 0.0
8.685412883758545; 0.0
8.70171856880188; 0.0
8.716129779815674; 0.0
8.729684829711914; 0.0
8.743662357330322; 0.0
8.75764799118042; 0.0
8.775194644927979; 0.0
8.792325496673584; 0.0
8.807098388671875; 0.0
8.822298526763916; 0.0
8.838998794555664; 0.0
8.855002403259277; 0.0
8.869811296463013; 0.0
8.887469291687012; 0.0
8.905541181564331; 0.0
8.920711040496826; 0.0
8.934540510177612; 0.0
8.94812798500061; 0.0
8.965285539627075; 0.0
8.980494022369385; 0.0
8.994277954101562; 0.0
9.010188341140747; 0.0
9.02631163597107; 0.0
9.041492700576782; 0.0
9.057628393173218; 0.0
9.072941780090332; 0.0
9.085697174072266; 0.0
9.098653316497803; 0.0
9.111931324005127; 0.0
9.125284671783447; 0.0
9.14188814163208; 0.0
9.159336805343628; 0.0
9.173539638519287; 0.0
9.188974380493164; 0.0
9.202983379364014; 0.0
9.217652082443237; 0.0
9.23086142539978; 0.0
9.24589228630066; 0.0
9.260570764541626; 0.0
9.273993015289307; 0.0
9.293586015701294; 0.0
9.311061143875122; 0.0
9.327586889266968; 0.0
9.342344760894775; 0.0
9.363347053527832; 0.0
9.378558874130249; 0.0
9.394158124923706; 0.0
9.40971827507019; 0.0
9.423356056213379; 0.0
9.439590454101562; 0.0
9.45372200012207; 0.0
9.469796419143677; 0.0
9.486160516738892; 0.0
9.500014543533325; 0.0
9.515806913375854; 0.0
9.53105354309082; 0.0
9.544131517410278; 0.0
9.563440561294556; 0.0
9.58004093170166; 0.0
9.595978736877441; 0.0
9.611912727355957; 0.0
9.627322435379028; 0.0
9.642083883285522; 0.0
9.654735326766968; 0.0
9.66805386543274; 0.0
9.681330919265747; 0.0
9.694929122924805; 0.0
9.714054346084595; 0.0
9.72999382019043; 0.0
9.74562692642212; 0.0
9.759842157363892; 0.0
9.774031639099121; 0.0
9.787327289581299; 0.0
9.801971673965454; 0.0
9.815763711929321; 0.0
9.829894065856934; 0.0
9.8467116355896; 0.0
9.86124038696289; 0.0
9.87602424621582; 0.0
9.889418363571167; 0.0
9.906174659729004; 0.0
9.92141842842102; 0.0
9.946470975875854; 0.0
9.965761184692383; 0.0
9.981069326400757; 0.0
9.999279022216797; 0.0
10.016434907913208; 0.0
10.036206007003784; 0.0
10.05429983139038; 0.0
10.069783687591553; 0.0
10.084604501724243; 0.0
10.105715274810791; 0.0
10.130077600479126; 0.0
10.142888069152832; 0.0
10.156084775924683; 0.0
10.169522523880005; 0.0
10.182804346084595; 0.0
10.1962149143219; 0.0
10.214486122131348; 0.0
10.232120752334595; 0.0
10.24658989906311; 0.0
10.265051126480103; 0.0
10.283369302749634; 0.0
10.297977685928345; 0.0
10.315259456634521; 0.0
10.331482648849487; 0.0
10.348061084747314; 0.0
10.364033222198486; 0.0
10.383592128753662; 0.0
10.410454034805298; 0.0
10.428331136703491; 0.0
10.451340675354004; 0.0
10.471596717834473; 0.0
10.491218566894531; 0.0
10.509585857391357; 0.0
10.527812242507935; 0.0
10.548561811447144; 0.0
10.563896179199219; 0.0
10.580955266952515; 0.0
10.599206686019897; 0.0
10.618711948394775; 0.0
10.64052152633667; 0.0
10.660170078277588; 0.0
10.687204599380493; 0.0
10.708540201187134; 0.0
10.72189211845398; 0.0
10.734621524810791; 0.0
10.750016212463379; 0.0
10.766219854354858; 0.0
10.78123164176941; 0.0
10.796008825302124; 0.0
10.814007043838501; 0.0
10.83106541633606; 0.0
10.846834421157837; 0.0
10.864628314971924; 0.0
10.879933834075928; 0.0
10.897603511810303; 0.0
10.91255235671997; 0.0
10.929571628570557; 0.0
10.949630737304688; 0.0
10.964437007904053; 0.0
10.985712051391602; 0.0
11.005223751068115; 0.0
11.024420976638794; 0.0
11.042683124542236; 0.0
11.06145191192627; 0.0
11.085110187530518; 0.0
11.100942373275757; 0.0
11.116281032562256; 0.0
11.134585618972778; 0.0
11.14992070198059; 0.0
11.172425031661987; 0.0
11.19399642944336; 0.0
11.222051858901978; 0.0
11.234806060791016; 0.0
11.247568845748901; 0.0
11.260261535644531; 0.0
11.273702383041382; 0.0
11.291012525558472; 0.0
11.307086706161499; 0.0
11.322299718856812; 0.0
11.340640783309937; 0.0
11.359850883483887; 0.0
11.376066207885742; 0.0
11.393857479095459; 0.0
11.409562587738037; 0.0
11.42517352104187; 0.0
11.44007396697998; 0.0
11.461075067520142; 0.0
11.486566066741943; 0.0
11.505706787109375; 0.0
11.524009466171265; 0.0
11.539011001586914; 0.0
11.555962085723877; 0.0
11.579485416412354; 0.0
11.599202156066895; 0.0
11.617671251296997; 0.0
11.634565591812134; 0.0
11.652433633804321; 0.0
11.674647092819214; 0.0
11.694627523422241; 0.0
11.716374158859253; 0.0
11.738606452941895; 0.0
11.751224994659424; 0.0
11.764449119567871; 0.0
11.777709007263184; 0.0
11.796674728393555; 0.0
11.813281059265137; 0.0
11.829545736312866; 0.01001122907309106
11.844804763793945; 0.0
11.863396644592285; 0.0
11.879096508026123; 0.0
11.896421432495117; 0.0
11.912615299224854; 0.0
11.927062511444092; 0.0
11.944264650344849; 0.0
11.957905054092407; 0.0
11.978383302688599; 0.0
11.992285251617432; 0.0
12.013341903686523; 0.0
12.032838821411133; 0.0
12.048338174819946; 0.0
12.065884828567505; 0.0
12.084291458129883; 0.0
12.104016780853271; 0.0
12.122612237930298; 0.0
12.137559413909912; 0.0
12.155694961547852; 0.0
12.178942680358887; 0.0
12.198187589645386; 0.0
12.226251602172852; 0.0
12.239534378051758; 0.0
12.252327919006348; 0.0
12.2667236328125; 0.0
12.280240535736084; 0.0
12.29753303527832; 0.0
12.318619728088379; 0.0
12.336703538894653; 0.0
12.351434707641602; 0.0
12.36746621131897; 0.0
12.383705377578735; 0.0
12.398883819580078; 0.0
12.413453817367554; 0.0
12.427731275558472; 0.0
12.44543981552124; 0.0
12.458992958068848; 0.0
12.488597393035889; 0.0
12.508361339569092; 0.0
12.525068283081055; 0.0
12.53996753692627; 0.0
12.557522773742676; 0.0
12.577434062957764; 0.0
12.600472927093506; 0.0
12.619486331939697; 0.0
12.63624882698059; 0.0
12.65631365776062; 0.0
12.673375844955444; 0.0
12.690899133682251; 0.0
12.710989475250244; 0.0
12.729864120483398; 0.0
12.756460666656494; 0.0
12.769970655441284; 0.0
12.783416032791138; 0.0
12.799544334411621; 0.0
12.818147659301758; 0.0
12.835870742797852; 0.0
12.849908113479614; 0.0
12.869524717330933; 0.0
12.887238502502441; 0.0
12.90310549736023; 0.0
12.92124080657959; 0.0
12.936661720275879; 0.0
12.952091932296753; 0.0
12.967572689056396; 0.0
12.98448371887207; 0.0
13.010744571685791; 0.0
13.027586221694946; 0.0
13.0470712184906; 0.0
13.065653562545776; 0.0
13.080414533615112; 0.0
13.098594188690186; 0.0
13.117480754852295; 0.0
13.140146017074585; 0.0
13.156379461288452; 0.0
13.171123743057251; 0.0
13.192152976989746; 0.0
13.206753492355347; 0.0
13.228358507156372; 0.0
13.24773097038269; 0.0
13.268275260925293; 0.0
13.288773775100708; 0.0
13.302096128463745; 0.0
13.314786911010742; 0.0
13.329120635986328; 0.0
13.347487449645996; 0.0
13.363801002502441; 0.0
13.378023147583008; 0.0
13.397668361663818; 0.0
13.41529893875122; 0.0
13.430144309997559; 0.0
13.447974443435669; 0.0
13.465041399002075; 2.9733350347080445
13.480354309082031; 0.9410555328705595
13.495976209640503; 0.33037055941200494
13.515761852264404; 0.38042670477746027
13.540594339370728; 0.5606288280930993
13.558135509490967; 0.7208084932625562
13.575128316879272; 0.7908870967741937
13.593608140945435; 0.8609657002858311
13.610826969146729; 0.9310443037974685
13.630329132080078; 0.8909993875051043
13.648707866668701; 0.7808758677011026
13.665436029434204; 0.7208084932625562
13.692742109298706; 0.7007860351163742
13.709990501403809; 0.6907748060432831
13.72502613067627; 0.6707523478971009
13.747129917144775; 0.6807635769701921
13.766602277755737; 0.6907748060432831
13.796858549118042; 0.6907748060432831
13.810717821121216; 0.6907748060432831
13.823952198028564; 0.6807635769701921
13.8366539478302; 0.6907748060432831
13.85007381439209; 0.6907748060432831
13.867574691772461; 0.6907748060432831
13.884004354476929; 0.6907748060432831
13.901916027069092; 0.6907748060432831
13.916937112808228; 0.6907748060432831
13.935297012329102; 0.6907748060432831
13.949838876724243; 0.6907748060432831
13.969268798828125; 0.6907748060432831
13.985413312911987; 0.6907748060432831
14.001270532608032; 0.6907748060432831
14.017688035964966; 0.6807635769701921
14.031569480895996; 0.6707523478971009
14.06106448173523; 0.6707523478971009
14.079718589782715; 0.6907748060432831
14.100960731506348; 0.6907748060432831
14.119240760803223; 0.7007860351163742
14.1336350440979; 0.7007860351163742
14.151561737060547; 0.6807635769701921
14.167962551116943; 0.6907748060432831
14.192563772201538; 0.6907748060432831
14.211445093154907; 0.6907748060432831
14.22752070426941; 0.6907748060432831
14.24667763710022; 0.6907748060432831
14.26559853553772; 0.6907748060432831
14.285334587097168; 0.6907748060432831
14.306532382965088; 0.6907748060432831
14.319215536117554; 0.6907748060432831
14.331845760345459; 0.6907748060432831
14.345211267471313; 0.6907748060432831
14.358695983886719; 0.6907748060432831
14.37726879119873; 0.6907748060432831
14.392459392547607; 0.6907748060432831
14.40787148475647; 0.6907748060432831
14.425621747970581; 0.6907748060432831
14.447203636169434; 0.6907748060432831
14.463324785232544; 0.6807635769701921
14.482335090637207; 0.6807635769701921
14.496825218200684; 0.6907748060432831
14.51224398612976; 0.6907748060432831
14.528404474258423; 0.6907748060432831
14.54531741142273; 0.6907748060432831
14.571945667266846; 0.6807635769701921
14.587852954864502; 0.6907748060432831
14.605422735214233; 0.6907748060432831
14.623074293136597; 0.6907748060432831
14.637878894805908; 0.6907748060432831
14.659824848175049; 0.6907748060432831
14.675109148025513; 0.6907748060432831
14.691208362579346; 0.6907748060432831
14.709579467773438; 0.6907748060432831
14.728520631790161; 0.6907748060432831
14.74318552017212; 0.6907748060432831
14.761798858642578; 0.6907748060432831
14.781195402145386; 0.6907748060432831
14.806384086608887; 0.6907748060432831
14.819075345993042; 0.6907748060432831
14.831852674484253; 0.6907748060432831
14.846182107925415; 0.6807635769701921
14.859835386276245; 0.7007860351163742
14.878386735916138; 0.6907748060432831
14.893954038619995; 0.6907748060432831
14.907209396362305; 0.6907748060432831
14.927695274353027; 0.7007860351163742
14.945271015167236; 0.7007860351163742
14.960212230682373; 0.7007860351163742
14.977892637252808; 0.6907748060432831
14.996122598648071; 0.7007860351163742
15.010944128036499; 0.6907748060432831
15.029666185379028; 0.6907748060432831
15.043344497680664; 0.6907748060432831
15.073606014251709; 0.6907748060432831
15.091821908950806; 0.6907748060432831
15.109868288040161; 0.6907748060432831
15.124823570251465; 0.6907748060432831
15.143463850021362; 0.6907748060432831
15.162635564804077; 0.6907748060432831
15.18524718284607; 0.6907748060432831
15.20532488822937; 0.6907748060432831
15.220430374145508; 0.6907748060432831
15.235469579696655; 0.6907748060432831
15.253327131271362; 0.6907748060432831
15.27169394493103; 0.6907748060432831
15.304497241973877; 0.6907748060432831
15.317290782928467; 0.6907748060432831
15.329987525939941; 0.6907748060432831
15.34270715713501; 0.6907748060432831
15.356245756149292; 0.6907748060432831
15.374630212783813; 0.6907748060432831
15.395206928253174; 0.6907748060432831
15.409465312957764; 0.6907748060432831
15.427888870239258; 0.6907748060432831
15.445898532867432; 0.6907748060432831
15.462114572525024; 0.6907748060432831
15.4804105758667; 0.6907748060432831
15.49789047241211; 0.6907748060432831
15.512333393096924; 0.6907748060432831
15.530590295791626; 0.6907748060432831
15.547194480895996; 0.6907748060432831
15.573851823806763; 0.6907748060432831
15.592190980911255; 0.6907748060432831
15.610604286193848; 0.6907748060432831
15.631699323654175; 0.6907748060432831
15.650141954421997; 0.6907748060432831
15.666696548461914; 0.6907748060432831
15.687119007110596; 0.6807635769701921
15.701903820037842; 0.6907748060432831
15.72364592552185; 0.6907748060432831
15.742340087890625; 0.6907748060432831
15.760789394378662; 0.7007860351163742
15.779857397079468; 0.7007860351163742
15.805763721466064; 0.6907748060432831
15.818533658981323; 0.6907748060432831
15.831925630569458; 0.6907748060432831
15.845292806625366; 0.6907748060432831
15.860268592834473; 0.6907748060432831
15.878613948822021; 0.6907748060432831
15.895195722579956; 0.6907748060432831
15.909924507141113; 0.6907748060432831
15.931742906570435; 0.6907748060432831
15.949766397476196; 0.6907748060432831
15.965372085571289; 0.6907748060432831
15.983262062072754; 0.6907748060432831
16.00042152404785; 0.6907748060432831
16.01556944847107; 0.6907748060432831
16.03152322769165; 0.6907748060432831
16.044942140579224; 0.6907748060432831
16.06598162651062; 0.6907748060432831
16.07971477508545; 0.6907748060432831
16.10179591178894; 0.6907748060432831
16.120293378829956; 0.6907748060432831
16.13573694229126; 0.6907748060432831
16.153118133544922; 0.6907748060432831
16.16969871520996; 0.6907748060432831
16.191686153411865; 0.7007860351163742
16.211184978485107; 0.6907748060432831
16.22765064239502; 0.6907748060432831
16.242543697357178; 0.6907748060432831
16.260857582092285; 0.6907748060432831
16.279306888580322; 0.6907748060432831
16.295674800872803; 0.6907748060432831
16.323912143707275; 0.6907748060432831
16.336689710617065; 0.6907748060432831
16.350018739700317; 0.6907748060432831
16.36491107940674; 0.6807635769701921
16.383804082870483; 0.6907748060432831
16.405272722244263; 0.6907748060432831
16.42101263999939; 0.6907748060432831
16.436480045318604; 0.6907748060432831
16.45384907722473; 0.6307074316047367
16.47088074684143; 0.6206962025316457
16.488983154296875; 0.6707523478971009
16.50407338142395; 0.6907748060432831
16.519841194152832; 0.7007860351163742
16.53915023803711; 0.6807635769701921
16.55554962158203; 0.6907748060432831
16.574646472930908; 0.7007860351163742
16.589693784713745; 0.6907748060432831
16.609635829925537; 0.6907748060432831
16.628491640090942; 0.6907748060432831
16.643248796463013; 0.7007860351163742
16.661516189575195; 0.7007860351163742
16.680708408355713; 0.6907748060432831
16.702662706375122; 0.6907748060432831
16.728623390197754; 0.6907748060432831
16.743894577026367; 0.6907748060432831
16.76112174987793; 0.6907748060432831
16.777623414993286; 0.6907748060432831
16.792479991912842; 0.6907748060432831
16.815020084381104; 0.7007860351163742
16.839080810546875; 0.6907748060432831
16.852036237716675; 0.6907748060432831
16.864806413650513; 0.6907748060432831
16.878024339675903; 0.6907748060432831
16.896662712097168; 0.6907748060432831
16.913459062576294; 0.6907748060432831
16.927412033081055; 0.6907748060432831
16.9470636844635; 0.6907748060432831
16.964949369430542; 0.6907748060432831
16.98172116279602; 0.6907748060432831
16.999021530151367; 0.6907748060432831
17.01537799835205; 0.6907748060432831
17.02988600730896; 0.6907748060432831
17.047581911087036; 0.6907748060432831
17.06100082397461; 0.6907748060432831
17.091328144073486; 0.6907748060432831
17.109668493270874; 0.6907748060432831
17.131691694259644; 0.6907748060432831
17.15099787712097; 0.6907748060432831
17.16913342475891; 0.6907748060432831
17.18409276008606; 0.6907748060432831
17.203513622283936; 0.6907748060432831
17.222697257995605; 0.6907748060432831
17.241354942321777; 0.6907748060432831
17.256625413894653; 0.6907748060432831
17.273654460906982; 0.6907748060432831
17.292197465896606; 0.6907748060432831
17.30904269218445; 0.6807635769701921
17.33718705177307; 0.6907748060432831
17.349883556365967; 0.6907748060432831
17.363253593444824; 0.6907748060432831
17.377832889556885; 0.6907748060432831
17.396400928497314; 0.6907748060432831
17.416501760482788; 0.6807635769701921
17.436943531036377; 0.6907748060432831
17.451945543289185; 0.6907748060432831
17.469372034072876; 0.6907748060432831
17.484572410583496; 0.6907748060432831
17.503515005111694; 0.6907748060432831
17.519794702529907; 0.6907748060432831
17.534214973449707; 0.6907748060432831
17.551682949066162; 0.7007860351163742
17.564973831176758; 0.6907748060432831
17.587352752685547; 0.6907748060432831
17.60168957710266; 0.6907748060432831
17.62197208404541; 0.6907748060432831
17.641493320465088; 0.6907748060432831
17.65598440170288; 0.6907748060432831
17.67623782157898; 0.6907748060432831
17.69767427444458; 0.6907748060432831
17.716678857803345; 0.6907748060432831
17.739755392074585; 0.6907748060432831
17.756813764572144; 0.6907748060432831
17.77669620513916; 0.6907748060432831
17.791980028152466; 0.6907748060432831
17.818012714385986; 0.6907748060432831
17.83073115348816; 0.6907748060432831
17.844074249267578; 0.7007860351163742
17.85684585571289; 0.6907748060432831
17.870391845703125; 0.6907748060432831
17.885555267333984; 0.6907748060432831
17.917113542556763; 0.6907748060432831
17.930824279785156; 0.6907748060432831
17.94958758354187; 0.6907748060432831
17.96963620185852; 0.6907748060432831
17.9854154586792; 0.6907748060432831
18.002821683883667; 0.6807635769701921
18.01833963394165; 0.6907748060432831
18.03350043296814; 0.6907748060432831
18.049028158187866; 0.6807635769701921
18.067574977874756; 0.6907748060432831
18.089110136032104; 0.6907748060432831
18.105536699295044; 0.7007860351163742
18.124139547348022; 0.6907748060432831
18.143319606781006; 0.6907748060432831
18.16078209877014; 0.6907748060432831
18.17811918258667; 0.6907748060432831
18.19511365890503; 0.6907748060432831
18.216916799545288; 0.6907748060432831
18.23590922355652; 0.6907748060432831
18.250717878341675; 0.6907748060432831
18.270049810409546; 0.7007860351163742
18.287534952163696; 0.6907748060432831
18.308439016342163; 0.6907748060432831
18.33558487892151; 0.6907748060432831
18.34826421737671; 0.6907748060432831
18.361565113067627; 0.6907748060432831
18.376431703567505; 0.6907748060432831
18.391037702560425; 0.6907748060432831
18.409595251083374; 0.6907748060432831
18.426944732666016; 0.7007860351163742
18.441555976867676; 0.6907748060432831
18.46115756034851; 0.6907748060432831
18.478757619857788; 0.6907748060432831
18.495584726333618; 0.6907748060432831
18.5124089717865; 0.6907748060432831
18.52872633934021; 0.6907748060432831
18.543514251708984; 0.6907748060432831
18.55898666381836; 0.6907748060432831
18.57820725440979; 0.6907748060432831
18.60470199584961; 0.6907748060432831
18.622015953063965; 0.6907748060432831
18.641135692596436; 0.6907748060432831
18.65746545791626; 0.6907748060432831
18.675002813339233; 0.6907748060432831
18.68956971168518; 0.6907748060432831
18.708186149597168; 0.7007860351163742
18.731150150299072; 0.6907748060432831
18.747164964675903; 0.6907748060432831
18.766330242156982; 0.6907748060432831
18.78087830543518; 0.6807635769701921
18.80303716659546; 0.6907748060432831
18.820802927017212; 0.6907748060432831
18.846482515335083; 0.6907748060432831
18.861053466796875; 0.6907748060432831
18.874567985534668; 0.6907748060432831
18.889297246932983; 0.6907748060432831
18.909316301345825; 0.6907748060432831
18.92983865737915; 0.6907748060432831
18.94393253326416; 0.6907748060432831
18.96498417854309; 0.6907748060432831
18.982934951782227; 0.6907748060432831
18.999322414398193; 0.6907748060432831
19.0165958404541; 0.6907748060432831
19.032424688339233; 0.6907748060432831
19.04723620414734; 0.7007860351163742
19.06487488746643; 0.6907748060432831
19.07829189300537; 0.6907748060432831
19.10924506187439; 0.6907748060432831
19.13287878036499; 0.6907748060432831
19.15302538871765; 0.6907748060432831
19.168046474456787; 0.6907748060432831
19.186656951904297; 0.6907748060432831
19.207685470581055; 0.6907748060432831
19.22666335105896; 0.6907748060432831
19.24693489074707; 0.6907748060432831
19.26374077796936; 0.6907748060432831
19.28090190887451; 0.6907748060432831
19.303616523742676; 0.6907748060432831
19.32627582550049; 0.6907748060432831
19.35233211517334; 0.6907748060432831
19.36521291732788; 0.6907748060432831
19.378053903579712; 0.6907748060432831
19.39400887489319; 0.6907748060432831
19.413400650024414; 0.6907748060432831
19.435260772705078; 0.6907748060432831
19.4525203704834; 0.6907748060432831
19.467256784439087; 0.6907748060432831
19.484987020492554; 0.6907748060432831
19.500694036483765; 0.6907748060432831
19.518839359283447; 0.6907748060432831
19.534789085388184; 0.6907748060432831
19.54951047897339; 0.6907748060432831
19.56845736503601; 0.6907748060432831
19.586228370666504; 0.6807635769701921
19.610475301742554; 0.6907748060432831
19.627362489700317; 0.6907748060432831
19.649588108062744; 0.6907748060432831
19.665727853775024; 0.6907748060432831
19.68447732925415; 0.6907748060432831
19.712266206741333; 0.6907748060432831
19.731063842773438; 0.6907748060432831
19.750731229782104; 0.6907748060432831
19.766957998275757; 0.6907748060432831
19.784428596496582; 0.6907748060432831
19.80333709716797; 0.6907748060432831
19.81943368911743; 0.6907748060432831
19.8484206199646; 0.7007860351163742
19.86251664161682; 0.7007860351163742
19.87600803375244; 0.6907748060432831
19.89209270477295; 0.6907748060432831
19.91063952445984; 0.6907748060432831
19.93367290496826; 0.6907748060432831
19.947514533996582; 0.6907748060432831
19.96817111968994; 0.6907748060432831
19.986205577850342; 0.6907748060432831
20.004951238632202; 0.6907748060432831
20.020178079605103; 0.6907748060432831
20.036022186279297; 0.6907748060432831
20.051125049591064; 0.6907748060432831
20.068628549575806; 0.6907748060432831
20.082046031951904; 0.6907748060432831
20.103360652923584; 0.6907748060432831
20.117571592330933; 0.6907748060432831
20.139254093170166; 0.6907748060432831
20.157284021377563; 0.7007860351163742
20.173648595809937; 0.6907748060432831
20.188647508621216; 0.6907748060432831
20.208904027938843; 0.6907748060432831
20.22539520263672; 0.6907748060432831
20.245327949523926; 0.6907748060432831
20.264899492263794; 0.6907748060432831
20.281403064727783; 0.6907748060432831
20.299217224121094; 0.7007860351163742
20.32095193862915; 0.6907748060432831
20.34285044670105; 0.6907748060432831
20.363364934921265; 0.6907748060432831
20.37684440612793; 0.6907748060432831
20.390331029891968; 0.6907748060432831
20.405883312225342; 0.6907748060432831
20.425097465515137; 0.6907748060432831
20.44326114654541; 0.6807635769701921
20.457186698913574; 0.6907748060432831
20.476041078567505; 0.6907748060432831
20.495466232299805; 0.6907748060432831
20.51190686225891; 0.6907748060432831
20.5296688079834; 0.6907748060432831
20.546132802963257; 0.6907748060432831
20.56140923500061; 0.6907748060432831
20.576308727264404; 0.6907748060432831
20.59346294403076; 0.6907748060432831
20.62141442298889; 0.6807635769701921
20.637198448181152; 0.6907748060432831
20.656401872634888; 0.6907748060432831
20.675368785858154; 0.7007860351163742
20.692792415618896; 0.6907748060432831
20.716761827468872; 0.7007860351163742
20.736802339553833; 0.6907748060432831
20.755252599716187; 0.6907748060432831
20.770535469055176; 0.7007860351163742
20.786425590515137; 0.6907748060432831
20.80123782157898; 0.6907748060432831
20.824066400527954; 0.6907748060432831
20.840553760528564; 0.6907748060432831
20.866328239440918; 0.6907748060432831
20.879149198532104; 0.6907748060432831
20.892619371414185; 0.6907748060432831
20.906444787979126; 0.6907748060432831
20.9287850856781; 0.6907748060432831
20.950953722000122; 0.6907748060432831
20.964632749557495; 0.6907748060432831
20.985724449157715; 0.6907748060432831
21.003422737121582; 0.6907748060432831
21.019426584243774; 0.6907748060432831
21.037591457366943; 0.6907748060432831
21.05368185043335; 0.6907748060432831
21.06716823577881; 0.6907748060432831
21.0853488445282; 0.7007860351163742
21.100401878356934; 0.6907748060432831
21.12355875968933; 0.6907748060432831
21.138817310333252; 0.6907748060432831
21.157225608825684; 0.6907748060432831
21.17695188522339; 0.6907748060432831
21.192108631134033; 0.6907748060432831
21.210753440856934; 0.6907748060432831
21.230876207351685; 0.6907748060432831
21.250892877578735; 0.6907748060432831
21.268259048461914; 0.6907748060432831
21.286527156829834; 0.6907748060432831
21.30099105834961; 0.6907748060432831
21.32051944732666; 0.7007860351163742
21.33833909034729; 0.6907748060432831
21.36641240119934; 0.6907748060432831
21.379932403564453; 0.6907748060432831
21.392691135406494; 0.6907748060432831
21.405934810638428; 0.6907748060432831
21.41945195198059; 0.6907748060432831
21.437912464141846; 0.6907748060432831
21.45824146270752; 0.6907748060432831
21.47303342819214; 0.6907748060432831
21.493074893951416; 0.6907748060432831
21.51111626625061; 0.6907748060432831
21.527831554412842; 0.6907748060432831
21.54496717453003; 0.6907748060432831
21.560771942138672; 0.7007860351163742
21.574331045150757; 0.6907748060432831
21.593209981918335; 0.6907748060432831
21.606660842895508; 0.6907748060432831
21.630147695541382; 0.6907748060432831
21.644602298736572; 0.6907748060432831
21.66676092147827; 0.6907748060432831
21.686987161636353; 0.6907748060432831
21.704254865646362; 0.6907748060432831
21.722670316696167; 0.6907748060432831
21.74220633506775; 0.6907748060432831
21.760722160339355; 0.6907748060432831
21.778645753860474; 0.6907748060432831
21.79533076286316; 0.6907748060432831
21.81451678276062; 0.6907748060432831
21.834039449691772; 0.6907748060432831
21.859822034835815; 0.6907748060432831
21.872671365737915; 0.6907748060432831
21.886080980300903; 0.6907748060432831
21.898871183395386; 0.6907748060432831
21.912396907806396; 0.6907748060432831
21.932480096817017; 0.7007860351163742
21.95864510536194; 0.6907748060432831
21.972890615463257; 0.6907748060432831
21.99105668067932; 0.6907748060432831
22.00996470451355; 0.7007860351163742
22.027067184448242; 0.6907748060432831
22.04461121559143; 0.6907748060432831
22.06218647956848; 0.6907748060432831
22.075942039489746; 0.6907748060432831
22.090893983840942; 0.6907748060432831
22.108142137527466; 0.6907748060432831
22.13621425628662; 0.6807635769701921
22.15541172027588; 0.6907748060432831
22.17593789100647; 0.6907748060432831
22.196815729141235; 0.6907748060432831
22.21405529975891; 0.6907748060432831
22.231340885162354; 0.6907748060432831
22.25341296195984; 0.6907748060432831
22.272299766540527; 0.6907748060432831
22.28906774520874; 0.6907748060432831
22.303985834121704; 0.6907748060432831
22.32177710533142; 0.6907748060432831
22.343830823898315; 0.6907748060432831
22.365703344345093; 0.6907748060432831
22.386595487594604; 0.6907748060432831
22.400848150253296; 0.6907748060432831
22.414319038391113; 0.6907748060432831
22.428945779800415; 0.6907748060432831
22.4489107131958; 0.6907748060432831
22.46856451034546; 0.6907748060432831
22.482787609100342; 0.6907748060432831
22.502804279327393; 0.6907748060432831
22.5207781791687; 0.6907748060432831
22.537251472473145; 0.6907748060432831
22.554505109786987; 0.6907748060432831
22.570414066314697; 0.6907748060432831
22.584169387817383; 0.6907748060432831
22.60250759124756; 0.6907748060432831
22.617631435394287; 0.6907748060432831
22.642213344573975; 0.6807635769701921
22.659235954284668; 0.6907748060432831
22.68054175376892; 0.6907748060432831
22.700937509536743; 0.6907748060432831
22.718247652053833; 0.6907748060432831
22.73300576210022; 0.6907748060432831
22.74878454208374; 0.6907748060432831
22.76791763305664; 0.6907748060432831
22.78499412536621; 0.6907748060432831
22.81129288673401; 0.6907748060432831
22.82970094680786; 0.6907748060432831
22.846553802490234; 0.6807635769701921
22.864920139312744; 0.6907748060432831
22.892322540283203; 0.6907748060432831
22.90539026260376; 0.6907748060432831
22.918875217437744; 0.6907748060432831
22.933470726013184; 0.7007860351163742
22.947776794433594; 0.6907748060432831
22.966504335403442; 0.6907748060432831
22.987958908081055; 0.6907748060432831
23.001372575759888; 0.6907748060432831
23.022364139556885; 0.6907748060432831
23.04074454307556; 0.6907748060432831
23.056657791137695; 0.6907748060432831
23.073542833328247; 0.6907748060432831
23.090440273284912; 0.6907748060432831
23.104976892471313; 0.6907748060432831
23.122236967086792; 0.7007860351163742
23.13966155052185; 0.6907748060432831
23.161613941192627; 0.6907748060432831
23.177616596221924; 0.6907748060432831
23.196312189102173; 0.6907748060432831
23.214643716812134; 0.6907748060432831
23.231868743896484; 0.6907748060432831
23.25358819961548; 0.6907748060432831
23.272327423095703; 0.6907748060432831
23.295625925064087; 0.6907748060432831
23.310174465179443; 0.6907748060432831
23.325980186462402; 0.6907748060432831
23.34542155265808; 0.6907748060432831
23.36173915863037; 0.6907748060432831
23.379234075546265; 0.6907748060432831
23.39663028717041; 0.6907748060432831
23.41563320159912; 0.6907748060432831
23.4328830242157; 0.6907748060432831
23.46310806274414; 0.6907748060432831
23.475974559783936; 0.6907748060432831
23.49011754989624; 0.6907748060432831
23.50376844406128; 0.6907748060432831
23.525001049041748; 0.6907748060432831
23.54976773262024; 0.6907748060432831
23.564393997192383; 0.6907748060432831
23.58443808555603; 0.6907748060432831
23.60236167907715; 0.6907748060432831
23.619572401046753; 0.6907748060432831
23.636658668518066; 0.6907748060432831
23.652816772460938; 0.6907748060432831
23.667046546936035; 0.7007860351163742
23.685928106307983; 0.6907748060432831
23.69978666305542; 0.6907748060432831
23.72182607650757; 0.6907748060432831
23.73786735534668; 0.6907748060432831
23.762017011642456; 0.6907748060432831
23.779056787490845; 0.6907748060432831
23.796289920806885; 0.6907748060432831
23.815784215927124; 0.6907748060432831
23.83812141418457; 0.6907748060432831
23.855416536331177; 0.6907748060432831
23.87334156036377; 0.6907748060432831
23.888490438461304; 0.6907748060432831
23.90557599067688; 0.6907748060432831
23.93375301361084; 0.6907748060432831
23.9540274143219; 0.6907748060432831
23.979907989501953; 0.6907748060432831
23.992778778076172; 0.6907748060432831
24.0062153339386; 0.6907748060432831
24.019006967544556; 0.6907748060432831
24.034350872039795; 0.6907748060432831
24.05292057991028; 0.6907748060432831
24.075047731399536; 0.6907748060432831
24.089243173599243; 0.7007860351163742
24.111022472381592; 0.6907748060432831
24.129071712493896; 0.6907748060432831
24.144989490509033; 0.6907748060432831
24.161535501480103; 0.6907748060432831
24.177794933319092; 0.6907748060432831
24.19394302368164; 0.6907748060432831
24.209710836410522; 0.7007860351163742
24.225215673446655; 0.7007860351163742
24.2537944316864; 0.6907748060432831
24.27305269241333; 0.6907748060432831
24.29502272605896; 0.6907748060432831
24.3139910697937; 0.6907748060432831
24.33143973350525; 0.6907748060432831
24.351149797439575; 0.7007860351163742
24.372344493865967; 0.6907748060432831
24.3909912109375; 0.6907748060432831
24.40947151184082; 0.6907748060432831
24.426379203796387; 0.6907748060432831
24.44086527824402; 0.6907748060432831
24.461134433746338; 0.6907748060432831
24.47785711288452; 0.6907748060432831
24.49386954307556; 0.6907748060432831
24.519948482513428; 0.6907748060432831
24.534486770629883; 0.6907748060432831
24.547367572784424; 0.6907748060432831
24.561042070388794; 0.6907748060432831
24.574469089508057; 0.7007860351163742
24.593037128448486; 0.6907748060432831
24.615829944610596; 0.6907748060432831
24.630138874053955; 0.6907748060432831
24.649844884872437; 0.6907748060432831
24.667784929275513; 0.6907748060432831
24.683363437652588; 0.6907748060432831
24.701027393341064; 0.6907748060432831
24.716551542282104; 0.6907748060432831
24.735006093978882; 0.6907748060432831
24.752273082733154; 0.6907748060432831
24.767714500427246; 0.6907748060432831
24.78986954689026; 0.6907748060432831
24.805776596069336; 0.6907748060432831
24.82764434814453; 0.6907748060432831
24.84475040435791; 0.6907748060432831
24.863497972488403; 0.6907748060432831
24.885114431381226; 0.6907748060432831
24.903374910354614; 0.6907748060432831
24.92451548576355; 0.6907748060432831
24.943339824676514; 0.7007860351163742
24.95875835418701; 0.6907748060432831
24.97374963760376; 0.6907748060432831
24.992290496826172; 0.6907748060432831
25.01171612739563; 0.6907748060432831
25.03226327896118; 0.6907748060432831
25.058429479599; 0.6907748060432831
25.07186794281006; 0.6907748060432831
25.085347414016724; 0.6907748060432831
25.09832239151001; 0.6907748060432831
25.111879348754883; 0.6907748060432831
25.130461931228638; 0.6807635769701921
25.154625177383423; 0.6907748060432831
25.168925285339355; 0.6907748060432831
25.189544200897217; 0.6907748060432831
25.206860303878784; 0.6907748060432831
25.221665620803833; 0.7007860351163742
25.23940873146057; 0.6907748060432831
25.256388902664185; 0.6907748060432831
25.271066188812256; 0.6907748060432831
25.288437366485596; 0.6907748060432831
25.30556297302246; 0.6807635769701921
25.32764172554016; 0.6907748060432831
25.34643054008484; 0.6907748060432831
25.366517782211304; 0.7007860351163742
25.385334253311157; 0.6907748060432831
25.402616024017334; 0.6907748060432831
25.42052721977234; 0.6907748060432831
25.43868923187256; 0.6907748060432831
25.459072589874268; 0.6907748060432831
25.475446462631226; 0.6907748060432831
25.49372887611389; 0.6907748060432831
25.508862257003784; 0.6907748060432831
25.527443885803223; 0.6907748060432831
25.547006845474243; 0.6907748060432831
25.566985607147217; 0.7007860351163742
25.592872142791748; 0.6907748060432831
25.605698823928833; 0.6907748060432831
25.619154930114746; 0.7007860351163742
25.6325900554657; 0.6907748060432831
25.64659333229065; 0.6907748060432831
25.665080070495605; 0.6907748060432831
25.689303398132324; 0.6907748060432831
25.703836679458618; 0.6907748060432831
25.72234344482422; 0.6907748060432831
25.740373134613037; 0.6907748060432831
25.755805492401123; 0.6907748060432831
25.773730754852295; 0.6907748060432831
25.78934955596924; 0.6907748060432831
25.805259704589844; 0.6907748060432831
25.8227756023407; 0.6907748060432831
25.84089207649231; 0.6907748060432831
25.87021231651306; 0.6907748060432831
25.887743949890137; 0.6907748060432831
25.904191255569458; 0.6907748060432831
25.91944909095764; 0.6907748060432831
25.937256336212158; 0.6907748060432831
25.95644783973694; 0.6907748060432831
25.974921941757202; 0.6907748060432831
25.996063947677612; 0.6907748060432831
26.01498007774353; 0.6907748060432831
26.035683631896973; 0.7007860351163742
26.050952434539795; 0.6907748060432831
26.06912112236023; 0.6907748060432831
26.08826780319214; 0.6907748060432831
26.107439279556274; 0.6807635769701921
26.123927116394043; 0.6907748060432831
26.140578985214233; 0.6907748060432831
26.178750038146973; 0.6907748060432831
26.19260597229004; 0.7007860351163742
26.20607566833496; 0.6907748060432831
26.220313787460327; 0.6907748060432831
26.242610216140747; 0.6907748060432831
26.26830554008484; 0.6907748060432831
26.282373666763306; 0.6907748060432831
26.30125641822815; 0.6907748060432831
26.320282459259033; 0.6907748060432831
26.336632251739502; 0.6907748060432831
26.355072498321533; 0.6907748060432831
26.370919942855835; 0.6907748060432831
26.38607120513916; 0.6907748060432831
26.4035542011261; 0.6907748060432831
26.417104721069336; 0.7007860351163742
26.442207098007202; 0.6907748060432831
26.45878028869629; 0.6907748060432831
26.478594303131104; 0.6907748060432831
26.495055198669434; 0.6907748060432831
26.512739658355713; 0.6907748060432831
26.534318685531616; 0.6907748060432831
26.553656101226807; 0.6907748060432831
26.57659387588501; 0.6907748060432831
26.597290754318237; 0.6907748060432831
26.613880395889282; 0.6907748060432831
26.63280415534973; 0.6907748060432831
26.65488314628601; 0.7007860351163742
26.675933599472046; 0.6907748060432831
26.696812391281128; 0.6907748060432831
26.735213041305542; 0.6907748060432831
26.74806785583496; 0.6907748060432831
26.761948347091675; 0.6907748060432831
26.775554656982422; 0.6907748060432831
26.794945001602173; 0.6907748060432831
26.82143473625183; 0.6907748060432831
26.83627438545227; 0.6907748060432831
26.858171224594116; 0.6907748060432831
26.875579833984375; 0.6907748060432831
26.891427040100098; 0.6907748060432831
26.910557746887207; 0.6907748060432831
26.92651867866516; 0.6907748060432831
26.9404034614563; 0.6807635769701921
26.957276344299316; 0.6907748060432831
26.97735047340393; 0.6907748060432831
27.004292011260986; 0.6907748060432831
27.021817445755005; 0.6907748060432831
27.04142165184021; 0.6907748060432831
27.05651044845581; 0.6907748060432831
27.073504209518433; 0.6907748060432831
27.0945405960083; 0.6907748060432831
27.116591453552246; 0.7007860351163742
27.141759634017944; 0.6907748060432831
27.158690929412842; 0.6907748060432831
27.173264026641846; 0.6907748060432831
27.188135385513306; 0.6907748060432831
27.216651916503906; 0.6907748060432831
27.23284935951233; 0.6907748060432831
27.256903886795044; 0.6907748060432831
27.2884418964386; 0.6907748060432831
27.301920175552368; 0.6907748060432831
27.314778566360474; 0.6907748060432831
27.328502893447876; 0.6907748060432831
27.347227334976196; 0.6907748060432831
27.374329328536987; 0.6907748060432831
27.390776872634888; 0.6907748060432831
27.409499883651733; 0.6907748060432831
27.426911115646362; 0.6907748060432831
27.445372343063354; 0.7007860351163742
27.463619232177734; 0.7007860351163742
27.47852873802185; 0.6807635769701921
27.492239713668823; 0.6907748060432831
27.511423110961914; 0.7007860351163742
27.52492380142212; 0.6907748060432831
27.553903341293335; 0.6907748060432831
27.57298445701599; 0.6907748060432831
27.593929529190063; 0.6907748060432831
27.609862804412842; 0.6907748060432831
27.629257678985596; 0.6907748060432831
27.65091371536255; 0.6907748060432831
27.670883655548096; 0.6907748060432831
27.68948745727539; 0.6907748060432831
27.705101013183594; 0.6907748060432831
27.72684335708618; 0.6907748060432831
27.748718976974487; 0.6907748060432831
27.77010750770569; 0.6907748060432831
27.786365032196045; 0.6907748060432831
27.811578512191772; 0.6907748060432831
27.84353518486023; 0.6907748060432831
27.856990575790405; 0.6907748060432831
27.870614290237427; 0.6907748060432831
27.884036779403687; 0.7007860351163742
27.902788400650024; 0.7007860351163742
27.929475784301758; 0.6907748060432831
27.943353414535522; 0.6907748060432831
27.962302446365356; 0.6907748060432831
27.98140263557434; 0.6907748060432831
27.99751353263855; 0.6907748060432831
28.01651167869568; 0.6907748060432831
28.03248405456543; 0.6907748060432831
28.052156925201416; 0.6907748060432831
28.06765580177307; 0.6907748060432831
28.08453679084778; 0.6907748060432831
28.111900806427002; 0.7007860351163742
28.130519151687622; 0.7007860351163742
28.150681972503662; 0.6907748060432831
28.171308517456055; 0.6907748060432831
28.18911337852478; 0.6907748060432831
28.206830978393555; 0.6907748060432831
28.228549242019653; 0.7007860351163742
28.247663259506226; 0.6907748060432831
28.263045072555542; 0.6907748060432831
28.283732891082764; 0.6907748060432831
28.30130362510681; 0.7007860351163742
28.32288908958435; 0.6907748060432831
28.343114376068115; 0.6907748060432831
28.380057096481323; 0.6907748060432831
28.398844480514526; 0.6907748060432831
28.412205934524536; 0.6907748060432831
28.425073862075806; 0.7007860351163742
28.438510179519653; 0.6907748060432831
28.457045316696167; 0.6907748060432831
28.484818696975708; 0.6907748060432831
28.498394012451172; 0.7007860351163742
28.517624616622925; 0.7007860351163742
28.534621953964233; 0.6907748060432831
28.55187201499939; 0.7007860351163742
28.56961965560913; 0.6707523478971009
28.585078239440918; 0.7107972641894652
28.601203680038452; 0.7208084932625562
28.619608402252197; 0.6907748060432831
28.637003183364868; 0.6707523478971009
28.662779331207275; 0.9010106165781954
28.679742574691772; 1.1112464271131075
28.69942879676819; 1.2614148632094735
28.718766450881958; 1.4316057574520216
28.736382246017456; 1.4215945283789304
28.75768756866455; 1.3415046957942018
28.78027892112732; 1.191336259697836
28.799293279647827; 1.51169559003675
28.815026998519897; 1.2614148632094735
28.830271244049072; 1.1613025724785628
28.848667860031128; 1.4916731318905678
28.870118618011475; 1.661864026133116
28.886296272277832; 1.371538383013475
28.90309715270996; 1.171313801551654
28.93200969696045; 0.3503930175581871
28.951300859451294; 0.09010106165781953
28.964706420898438; 0.09010106165781953
28.978294134140015; 0.01001122907309106
28.99178647994995; 0.01001122907309106
29.010653972625732; -0.01001122907309106
29.037545442581177; 0.0
29.053464889526367; 0.0
29.0724675655365; 0.0
29.09045147895813; 0.0
29.106483459472656; 0.0
29.123765468597412; 0.0
29.13962483406067; 0.0
29.154035329818726; 0.0
29.17178511619568; 0.0
29.18761920928955; 0.0
29.213261127471924; 0.0
29.227704524993896; 0.0
29.247170209884644; 0.0
29.267698526382446; 0.0
29.287835836410522; 0.0
29.304863452911377; 0.0
29.324974298477173; 0.0
29.34075427055359; 0.0
29.36590313911438; 0.0
29.38267946243286; 0.0
29.399728536605835; 0.0
29.416621208190918; 0.0
29.43408513069153; 0.0
29.45044708251953; 0.0
29.477733850479126; 0.0
29.490543603897095; 0.0
29.503968715667725; 0.0
29.517996549606323; 0.0
29.531493425369263; 0.0
29.550729274749756; 0.0
29.58191466331482; 0.0
29.59770917892456; 0.0
29.614320516586304; 0.0
29.631760120391846; 0.0
29.647154331207275; -0.01001122907309106
29.664616584777832; 0.0
29.68324589729309; -0.01001122907309106
29.696770429611206; 0.0
29.71179699897766; 0.0
29.73425841331482; 0.0
29.761379718780518; 0.0
29.77746057510376; 0.0
29.798572063446045; 0.0
29.81771206855774; 0.0
29.836097955703735; 0.0
29.853644132614136; 0.0
29.873735666275024; 0.0
29.892659902572632; 0.0
29.9078209400177; 0.0
29.928226947784424; 0.0
29.94731068611145; 0.0
29.96636152267456; 0.0
29.992921829223633; 0.0
30.006279945373535; 0.0
30.019571781158447; 0.0
30.032283067703247; 0.0
30.045594453811646; 0.0
30.06442356109619; 0.0
30.093639850616455; 0.0
30.107197284698486; 0.0
30.126553773880005; 0.0
30.144142627716064; 0.0
30.1605544090271; 0.0
30.17852210998535; 0.0
30.194580078125; 0.0
30.212459325790405; 0.0
30.230286836624146; 0.01001122907309106
30.24878978729248; 0.0
30.278111457824707; 0.0
30.299481630325317; 0.0
30.318623304367065; 0.0
30.333208560943604; 0.0
30.35016942024231; 0.0
30.367545127868652; 0.0
30.389841318130493; 0.0
30.408703804016113; 0.0
30.427070140838623; 0.0
30.444559574127197; 0.0
30.467325925827026; 0.0
30.49146056175232; 0.0
30.51054620742798; 0.0
30.523425579071045; 0.0
30.536255836486816; 0.0
30.55026364326477; 0.0
30.563847303390503; 0.0
30.583158016204834; 0.0
30.61119771003723; 0.0
30.625715494155884; 0.0
30.644559144973755; 0.0
30.66170907020569; 0.0
30.680188179016113; 0.0
30.700411796569824; 0.0
30.716978311538696; 0.0
30.733474254608154; 0.0
30.75164222717285; -0.01001122907309106
30.770235061645508; 0.0
30.79825234413147; 0.0
30.815791845321655; 0.0
30.835806846618652; 0.0
30.855156898498535; 0.0
30.873162746429443; 0.0
30.891818523406982; 0.0
30.915079355239868; 0.0
30.932225704193115; 0.0
30.951101779937744; 0.0
30.96794104576111; 0.0
30.995153665542603; 0.0
31.02031397819519; 0.0
31.040820598602295; 0.0
31.05475401878357; 0.0
31.068280458450317; 0.0
31.083497762680054; 0.0
31.103078603744507; 0.0
31.131603240966797; -0.01001122907309106
31.145385026931763; 0.0
31.164344549179077; 0.0
31.18182063102722; 0.0
31.197890043258667; 0.0
31.216643571853638; 0.0
31.232877016067505; 0.0
31.249691009521484; 0.0
31.267030000686646; 0.0
31.28566265106201; 0.0
31.31283450126648; 0.0
31.33032202720642; 0.0
31.355862140655518; 0.0
31.37095332145691; 0.0
31.389564275741577; 0.0
31.41244912147522; 0.0
31.438066482543945; 0.0
31.454721689224243; 0.0
31.474329948425293; 0.0
31.490177392959595; 0.0
31.511739015579224; 0.0
31.531025171279907; 0.0
31.55052900314331; 0.0
31.564549684524536; 0.0
31.577447175979614; 0.0
31.590738773345947; 0.0
31.605748891830444; 0.0
31.624600172042847; 0.0
31.656020164489746; 0.0
31.66999626159668; 0.0
31.693731546401978; 0.0
31.71418333053589; 0.0
31.732163667678833; 0.0
31.750542402267456; 0.0
31.765840768814087; 0.0
31.783734560012817; 0.0
31.798564672470093; 0.0
31.8163480758667; 0.0
31.834320545196533; 0.0
31.856680154800415; 0.0
31.875577688217163; 0.0
31.894176959991455; 0.0
31.910350799560547; 0.0
31.928985357284546; 0.0
31.951079607009888; 0.0
31.97519874572754; 0.0
31.997156620025635; 0.0
32.01853632926941; 0.0
32.034069299697876; 0.0
32.051557540893555; 0.0
32.07165193557739; 0.0
32.09176540374756; 0.0
32.11413097381592; 0.0
32.12685012817383; 0.0
32.140817165374756; 0.0
32.153505086898804; 0.0
32.16689109802246; 0.0
32.185516595840454; 0.0
32.21699523925781; 0.0
32.23465275764465; 0.0
32.25390887260437; 0.0
32.27154850959778; 0.0
32.28785252571106; 0.0
32.30837440490723; 0.0
32.32333946228027; 0.0
32.34082365036011; -0.01001122907309106
32.35680603981018; 0.0
32.37429738044739; 0.0
32.39781403541565; 0.0
32.4132080078125; 0.0
32.43102502822876; 0.0
32.455530643463135; 0.0
32.47270345687866; 0.0
32.48755693435669; 0.0
32.50653910636902; 0.0
32.52935433387756; 0.0
32.54913401603699; 0.0
32.56519603729248; 0.0
32.581106424331665; 0.0
32.599881172180176; 0.0
32.620147466659546; 0.0
32.638875246047974; 0.0
32.66313314437866; 0.0
32.67595052719116; 0.0
32.68929624557495; 0.0
32.70265197753906; 0.0
32.71595740318298; 0.0
32.734495878219604; 0.0
32.7665479183197; 0.0
32.780181646347046; -0.01001122907309106
32.80080962181091; 0.0
32.81873846054077; 0.0
32.833563804626465; 0.0
32.851622581481934; 0.0
32.86780571937561; 0.0
32.88418245315552; 0.0
32.90363097190857; 0.0
32.9218692779541; 0.0
32.95047664642334; 0.0
33.09153890609741; 0.0
33.11075711250305; 0.0
33.131075859069824; 0.0
33.148863554000854; 0.0
33.167115926742554; 0.0
33.187171936035156; 0.0
33.209057092666626; 0.0
33.22811245918274; 0.0
33.244022369384766; 0.0
33.26381874084473; 0.0
33.28541016578674; 0.0
33.31225776672363; 0.0
33.32587218284607; 0.0
33.33915305137634; 0.0
33.35271739959717; 0.0
33.3719801902771; 0.0
33.40641474723816; 0.0
33.42231631278992; 0.0
33.4410662651062; 0.0
33.458640813827515; 0.0
33.47524571418762; 0.0
33.49293327331543; 0.0
33.511664152145386; 0.0
33.52550649642944; 0.0
33.54051852226257; 0.0
33.55741810798645; 0.0
33.583080530166626; 0.0
33.59928035736084; 0.0
33.620805740356445; 0.0
33.64121055603027; 0.0
33.65887188911438; 0.0
33.67339277267456; 0.0
33.69296717643738; 0.0
33.7089729309082; 0.0
33.72556471824646; 0.0
33.74414253234863; 0.0
33.75956630706787; 0.0
33.77559733390808; 0.0
33.79464817047119; 0.0
33.81339359283447; 0.0
33.838380575180054; 0.0
33.85101342201233; 0.0
33.86374115943909; 0.0
33.877248764038086; 0.0
33.8963348865509; 0.0
33.932581663131714; 0.0
33.947049617767334; 0.0
33.966567039489746; 0.0
33.985955476760864; 0.0
34.001296281814575; 0.0
34.019200801849365; -0.01001122907309106
34.03473424911499; 0.0
34.049277544021606; 0.0
34.066709756851196; -0.01001122907309106
34.08063983917236; 0.0
34.11062574386597; 0.0
34.13077640533447; 0.0
34.149073123931885; 0.0
34.16620182991028; 0.0
34.181058406829834; 0.0
34.19801926612854; 0.0
34.217227935791016; 0.0
34.2365357875824; 0.0
34.25356125831604; 0.0
34.27237629890442; 0.0
34.286903858184814; 0.0
34.3121292591095; 0.0
34.32975125312805; 0.0
34.35141587257385; -0.01001122907309106
34.36409640312195; 0.0
34.37673211097717; 0.0
34.390460729599; 0.0
34.403775691986084; 0.0
34.423099756240845; 0.0
34.4543342590332; 0.0
34.46977758407593; 0.0
34.48720693588257; 0.0
34.506511926651; 0.0
34.52285099029541; 0.0
34.5422887802124; 0.0
34.55830669403076; 0.0
34.5719838142395; 0.0
34.58786463737488; 0.0
34.60492491722107; 0.0
34.629472732543945; 0.0
34.64463806152344; 0.0
34.66539669036865; 0.0
34.685181856155396; 0.0
34.705153465270996; 0.0
34.7221622467041; -0.01001122907309106
34.74052929878235; 0.0
34.762680768966675; 0.0
34.78230595588684; 0.0
34.80523419380188; 0.0
34.823153257369995; 0.0
34.84587001800537; -0.01001122907309106
34.86226415634155; 0.0
34.88551187515259; 0.0
34.8987820148468; 0.0
34.91210579872131; 0.0
34.92766714096069; 0.0
34.94160199165344; 0.0
34.95555138587952; 0.0
34.97397994995117; 0.0
35.01064848899841; 0.0
35.02531909942627; 0.0
35.046520948410034; 0.0
35.06398296356201; 0.0
35.08147048950195; 0.0
35.1012179851532; 0.0
35.11688947677612; 0.0
35.140947580337524; 0.0
35.154810190200806; 0.0
35.178104400634766; 0.0
35.192768812179565; 0.0
35.21871042251587; 0.0
35.234318017959595; 0.0
35.25043177604675; 0.0
35.26933813095093; 0.0
35.28412938117981; 0.0
35.30301022529602; 0.0
35.32374358177185; 0.0
35.34920859336853; 0.0
35.3679940700531; 0.0
35.3839316368103; 0.0
35.40422701835632; 0.0
35.42522478103638; 0.0
35.445281744003296; 0.0
35.47102403640747; 0.0
35.484312534332275; 0.0
35.49698328971863; 0.0
35.50968813896179; 0.0
35.523258447647095; 0.0
35.54169321060181; 0.0
35.57454776763916; 0.0
35.59184265136719; 0.0
35.6099579334259; 0.0
35.63321018218994; 0.0
35.64810085296631; 0.0
35.665367126464844; 0.0
35.684120655059814; 0.0
35.70162034034729; 0.0
35.71817207336426; 0.0
35.736401319503784; 0.0
35.760859966278076; 0.0
35.78090977668762; 0.0
35.79738259315491; 0.0
35.81640839576721; 0.0
35.831313610076904; 0.0
35.849133014678955; 0.0
35.865410804748535; 0.0
35.881755113601685; 0.0
35.90221881866455; 0.0
35.92159104347229; 0.0
35.93646311759949; 0.0
35.956326484680176; 0.0
35.97537279129028; 0.0
35.99452018737793; 0.0
36.020211696624756; 0.0
36.040422201156616; 0.0
36.053797245025635; 0.0
36.066564083099365; 0.0
36.07985067367554; 0.0
36.09827661514282; 0.0
36.13350963592529; 0.0
36.14879536628723; 0.0
36.16963076591492; 0.0
36.18752861022949; 0.0
36.2026150226593; 0.0
36.22207951545715; 0.0
36.240644454956055; 0.0
36.253872871398926; 0.0
36.2695107460022; 0.0
36.29210376739502; 0.0
36.32040977478027; 0.0
36.336496353149414; 0.0
36.357216596603394; 0.0
36.377729415893555; 0.0
36.395710468292236; 0.0
36.410688638687134; 0.0
36.432788610458374; 0.0
36.45205545425415; 0.0
36.4669668674469; 0.0
36.48767614364624; 0.0
36.50347685813904; 0.0
36.522796392440796; 0.0
36.540732622146606; 0.0
36.56621217727661; 0.0
36.579508543014526; 0.0
36.59230351448059; 0.0
36.60586166381836; 0.0
36.624746799468994; 0.0
36.658244132995605; 0.0
36.67667746543884; 0.0
36.69788408279419; 0.0
36.71584868431091; 0.0
36.731810331344604; 0.0
36.7496075630188; 0.0
36.76539134979248; 0.0
36.782392263412476; 0.0
36.799978733062744; 0.0
36.81332325935364; 0.0
36.83819913864136; 0.0
36.85915756225586; 0.0
36.879743576049805; 0.0
36.89683389663696; 0.0
36.913904666900635; 0.0
36.93331050872803; 0.0
36.949323892593384; 0.0
36.9682993888855; 0.0
36.98563241958618; 0.0
37.00413966178894; 0.0
37.021376848220825; 0.0
37.04461693763733; 0.0
37.064115047454834; 0.0
37.08323431015015; 0.0
37.09597635269165; 0.0
37.109299659729004; 0.0
37.12256121635437; 0.0
37.13597559928894; 0.0
