0.0005781650543212891; 0.6904295982871124
0.013814687728881836; 0.6904295982871124
0.028362751007080078; 0.6904295982871124
0.043135881423950195; 0.700428578711256
0.06829547882080078; 0.6904295982871124
0.08726906776428223; 0.6904295982871124
0.11118817329406738; 0.700428578711256
0.14046907424926758; 0.6904295982871124
0.15965938568115234; 0.6904295982871124
0.17895269393920898; 0.6904295982871124
0.1975555419921875; 0.700428578711256
0.21998882293701172; 0.6904295982871124
0.2373652458190918; 0.6904295982871124
0.2893707752227783; 0.6904295982871124
0.32845520973205566; 0.6904295982871124
0.3668045997619629; 0.6904295982871124
0.38459157943725586; 0.6904295982871124
0.40117788314819336; 0.6904295982871124
0.4171152114868164; 0.6904295982871124
0.4304831027984619; 0.6904295982871124
0.4438621997833252; 0.6904295982871124
0.45737481117248535; 0.6904295982871124
0.470383882522583; 0.6904295982871124
0.48464083671569824; 0.700428578711256
0.4977407455444336; 0.6904295982871124
0.5114521980285645; 0.6904295982871124
0.5297412872314453; 0.6904295982871124
0.5521633625030518; 0.700428578711256
0.5703945159912109; 0.6904295982871124
0.5849101543426514; 0.6904295982871124
0.6007657051086426; 0.6904295982871124
0.6198563575744629; 0.6904295982871124
0.6402766704559326; 0.6904295982871124
0.6562659740447998; 0.6904295982871124
0.6734230518341064; 0.700428578711256
0.6918463706970215; 0.6904295982871124
0.706125020980835; 0.6904295982871124
0.7232494354248047; 0.6904295982871124
0.7364981174468994; 0.700428578711256
0.7501997947692871; 0.700428578711256
0.7654695510864258; 0.6904295982871124
0.7786591053009033; 0.6904295982871124
0.7982308864593506; 0.6904295982871124
0.8143963813781738; 0.6904295982871124
0.8300347328186035; 0.700428578711256
0.8430962562561035; 0.6904295982871124
0.8572094440460205; 0.6904295982871124
0.8751993179321289; 0.6904295982871124
0.8908867835998535; 0.6904295982871124
0.9043993949890137; 0.700428578711256
0.9216763973236084; 0.6904295982871124
0.9368362426757812; 0.6904295982871124
0.9537844657897949; 0.6904295982871124
0.972114086151123; 0.6904295982871124
0.9857714176177979; 0.6904295982871124
1.0019261837005615; 0.6904295982871124
1.0181801319122314; 0.6904295982871124
1.0336847305297852; 0.6904295982871124
1.0517089366912842; 0.6804306178629689
1.0664012432098389; 0.6904295982871124
1.0793943405151367; 0.6904295982871124
1.0927255153656006; 0.6904295982871124
1.1063017845153809; 0.6904295982871124
1.119328498840332; 0.6904295982871124
1.1382946968078613; 0.6904295982871124
1.1587297916412354; 0.6904295982871124
1.1751735210418701; 0.6904295982871124
1.190492868423462; 0.6904295982871124
1.2053866386413574; 0.6904295982871124
1.221184492111206; 0.700428578711256
1.2389755249023438; 0.700428578711256
1.2550396919250488; 0.700428578711256
1.2733569145202637; 0.6904295982871124
1.2921373844146729; 0.6904295982871124
1.3190875053405762; 0.6904295982871124
1.3356480598449707; 0.6904295982871124
1.3503894805908203; 0.6904295982871124
1.3713734149932861; 0.6904295982871124
1.3916687965393066; 0.6904295982871124
1.4089224338531494; 0.6904295982871124
1.4241111278533936; 0.700428578711256
1.4488883018493652; 0.6904295982871124
1.4697060585021973; 0.6904295982871124
1.4859108924865723; 0.6904295982871124
1.501648187637329; 0.6904295982871124
1.521470546722412; 0.6904295982871124
1.5383622646331787; 0.6904295982871124
1.5577507019042969; 0.6904295982871124
1.5757596492767334; 0.6904295982871124
1.5935466289520264; 0.6904295982871124
1.6197385787963867; 0.6904295982871124
1.640643835067749; 0.6904295982871124
1.6614017486572266; 0.6904295982871124
1.6858513355255127; 0.6904295982871124
1.703376293182373; 0.6904295982871124
1.7171475887298584; 0.6904295982871124
1.7298095226287842; 0.6904295982871124
1.7432780265808105; 0.6904295982871124
1.7597227096557617; 0.6904295982871124
1.7779009342193604; 0.6904295982871124
1.7915372848510742; 0.6904295982871124
1.8117544651031494; 0.6904295982871124
1.8329029083251953; 0.6904295982871124
1.850975513458252; 0.6904295982871124
1.872173547744751; 0.6904295982871124
1.8931241035461426; 0.6904295982871124
1.9075932502746582; 0.6904295982871124
1.9253807067871094; 0.6904295982871124
1.9435887336730957; 0.6904295982871124
1.9622015953063965; 0.700428578711256
1.9781527519226074; 0.6904295982871124
1.9973442554473877; 0.6904295982871124
2.0156912803649902; 0.6904295982871124
2.0334272384643555; 0.6904295982871124
2.050368547439575; 0.6904295982871124
2.064333915710449; 0.700428578711256
2.0790460109710693; 0.6904295982871124
2.098891258239746; 0.6904295982871124
2.1214566230773926; 0.700428578711256
2.1431477069854736; 0.700428578711256
2.168173313140869; 0.6904295982871124
2.1880736351013184; 0.6904295982871124
2.210500478744507; 0.6904295982871124
2.230520486831665; 0.6904295982871124
2.247523546218872; 0.6904295982871124
2.2684202194213867; 0.6904295982871124
2.291642665863037; 0.6904295982871124
2.312098264694214; 0.6904295982871124
2.3354313373565674; 0.700428578711256
2.3528547286987305; 0.6904295982871124
2.366170883178711; 0.6904295982871124
2.378819704055786; 0.6904295982871124
2.3950095176696777; 0.6904295982871124
2.409108877182007; 0.6904295982871124
2.426197052001953; 0.6904295982871124
2.441977024078369; 0.700428578711256
2.4643971920013428; 0.700428578711256
2.4853858947753906; 0.6904295982871124
2.501271963119507; 0.6904295982871124
2.524068832397461; 0.6904295982871124
2.5393762588500977; 0.6904295982871124
2.558051347732544; 0.6904295982871124
2.575410842895508; 0.6904295982871124
2.5908892154693604; 0.6904295982871124
2.6138083934783936; 0.6904295982871124
2.6277496814727783; 0.700428578711256
2.6428494453430176; 0.6904295982871124
2.664968967437744; 0.6904295982871124
2.682358741760254; 0.6904295982871124
2.7018091678619385; 0.700428578711256
2.7166318893432617; 0.6904295982871124
2.7383499145507812; 0.6904295982871124
2.767401933670044; 0.6904295982871124
2.7841897010803223; 0.6904295982871124
2.802659511566162; 0.700428578711256
2.826956033706665; 0.6904295982871124
2.8446128368377686; 0.6904295982871124
2.8621110916137695; 0.6904295982871124
2.8796215057373047; 0.6904295982871124
2.898282289505005; 0.6904295982871124
2.9214870929718018; 0.6904295982871124
2.9496676921844482; 0.700428578711256
2.968140125274658; 0.6904295982871124
2.981477737426758; 0.6904295982871124
2.994188070297241; 0.6904295982871124
3.00765323638916; 0.6904295982871124
3.023488759994507; 0.6904295982871124
3.0395076274871826; 0.6904295982871124
3.0571115016937256; 0.6904295982871124
3.0780739784240723; 0.700428578711256
3.0991134643554688; 0.6904295982871124
3.11920166015625; 0.6904295982871124
3.137843132019043; 0.6904295982871124
3.1540279388427734; 0.6904295982871124
3.1728155612945557; 0.6904295982871124
3.189488649368286; 0.6904295982871124
3.2077536582946777; 0.6904295982871124
3.2265031337738037; 0.700428578711256
3.241948366165161; 0.6904295982871124
3.258152484893799; 0.700428578711256
3.276515483856201; 0.700428578711256
3.300379753112793; 0.6904295982871124
3.31591796875; 0.6904295982871124
3.3358285427093506; 0.700428578711256
3.3603014945983887; 0.6904295982871124
3.3768398761749268; 0.6904295982871124
3.4034953117370605; 0.6904295982871124
3.427405595779419; 0.6904295982871124
3.4431097507476807; 0.6904295982871124
3.465604782104492; 0.6904295982871124
3.481762409210205; 0.6904295982871124
3.5018036365509033; 0.6904295982871124
3.519974946975708; 0.6904295982871124
3.537487745285034; 0.700428578711256
3.576904296875; 0.6904295982871124
3.595717668533325; 0.700428578711256
3.609503746032715; 0.6904295982871124
3.622836112976074; 0.6904295982871124
3.6361570358276367; 0.6904295982871124
3.651615858078003; 0.6904295982871124
3.669391393661499; 0.6904295982871124
3.6831884384155273; 0.6904295982871124
3.701350212097168; 0.6904295982871124
3.7159423828125; 0.700428578711256
3.730255126953125; 0.6904295982871124
3.745875597000122; 0.6904295982871124
3.769707679748535; 0.6904295982871124
3.787487030029297; 0.6904295982871124
3.8045573234558105; 0.6904295982871124
3.8220465183258057; 0.6904295982871124
3.840039014816284; 0.6904295982871124
3.862971305847168; 0.6904295982871124
3.8790805339813232; 0.6904295982871124
3.8959834575653076; 0.6904295982871124
3.9145877361297607; 0.6904295982871124
3.935349941253662; 0.6904295982871124
3.953693389892578; 0.700428578711256
3.9697060585021973; 0.6904295982871124
3.9902095794677734; 0.700428578711256
4.009040594100952; 0.6904295982871124
4.036937475204468; 0.6904295982871124
4.056800842285156; 0.6904295982871124
4.077216148376465; 0.6904295982871124
4.092056512832642; 0.6904295982871124
4.115630149841309; 0.6904295982871124
4.131501197814941; 0.6904295982871124
4.151723146438599; 0.6904295982871124
4.175943851470947; 0.700428578711256
4.1912500858306885; 0.6904295982871124
4.212194204330444; 0.6904295982871124
4.245469570159912; 0.6904295982871124
4.259415149688721; 0.6904295982871124
4.2727038860321045; 0.6904295982871124
4.286479711532593; 0.700428578711256
4.304523468017578; 0.6904295982871124
4.323817729949951; 0.700428578711256
4.339516639709473; 0.6904295982871124
4.3566906452178955; 0.6904295982871124
4.378164291381836; 0.6904295982871124
4.394688844680786; 0.700428578711256
4.418781280517578; 0.6904295982871124
4.4352052211761475; 0.6904295982871124
4.452711582183838; 0.6904295982871124
4.467804908752441; 0.6904295982871124
4.488976955413818; 0.6904295982871124
4.510541915893555; 0.700428578711256
4.527961015701294; 0.700428578711256
4.545135498046875; 0.6804306178629689
4.566636085510254; 0.6904295982871124
4.585675477981567; 0.6904295982871124
4.60840368270874; 0.700428578711256
4.632129907608032; 0.6904295982871124
4.652201175689697; 0.6904295982871124
4.672202110290527; 0.6904295982871124
4.69582724571228; 0.6904295982871124
4.711756467819214; 0.6904295982871124
4.727778673171997; 0.6904295982871124
4.744725704193115; 0.6904295982871124
4.7612104415893555; 0.700428578711256
4.790976047515869; 0.6904295982871124
4.819803237915039; 0.6904295982871124
4.853239059448242; 0.6904295982871124
4.8747193813323975; 0.6904295982871124
4.891449451446533; 0.6904295982871124
4.904165983200073; 0.6904295982871124
4.917847156524658; 0.6904295982871124
4.932719469070435; 0.6904295982871124
4.947394132614136; 0.700428578711256
4.963837146759033; 0.6904295982871124
4.9780659675598145; 0.6904295982871124
4.994096994400024; 0.6904295982871124
5.00848913192749; 0.6904295982871124
5.024429559707642; 0.6904295982871124
5.039805889129639; 0.6904295982871124
5.0547356605529785; 0.6904295982871124
5.074599981307983; 0.6904295982871124
5.0905561447143555; 0.6904295982871124
5.109592437744141; 0.6904295982871124
5.1255271434783936; 0.6904295982871124
5.142882585525513; 0.6904295982871124
5.1575233936309814; 0.6904295982871124
5.172609090805054; 0.6904295982871124
5.1891210079193115; 0.6904295982871124
5.212656259536743; 0.700428578711256
5.227882385253906; 0.700428578711256
5.243929386138916; 0.6904295982871124
5.265760660171509; 0.6904295982871124
5.285889148712158; 0.6904295982871124
5.304031848907471; 0.6904295982871124
5.320910930633545; 0.6904295982871124
5.337800741195679; 0.6904295982871124
5.354894161224365; 0.700428578711256
5.369900941848755; 0.6904295982871124
5.39136004447937; 0.6904295982871124
5.413544654846191; 0.6904295982871124
5.4339280128479; 0.6804306178629689
5.469385623931885; 0.6904295982871124
5.490301132202148; 0.6904295982871124
5.503021001815796; 0.6904295982871124
5.516379117965698; 0.700428578711256
5.529797792434692; 0.6904295982871124
5.551105737686157; 0.6904295982871124
5.568681240081787; 0.700428578711256
5.582740545272827; 0.6904295982871124
5.600390195846558; 0.6904295982871124
5.620284080505371; 0.700428578711256
5.635669231414795; 0.6904295982871124
5.657081365585327; 0.6904295982871124
5.67280125617981; 0.6904295982871124
5.692621469497681; 0.700428578711256
5.710273265838623; 0.6904295982871124
5.730548620223999; 0.6904295982871124
5.748463153839111; 0.6904295982871124
5.767308712005615; 0.6904295982871124
5.782942295074463; 0.6904295982871124
5.799620151519775; 0.6904295982871124
5.821208953857422; 0.700428578711256
5.8363049030303955; 0.700428578711256
5.854420185089111; 0.6904295982871124
5.875262022018433; 0.6904295982871124
5.8944361209869385; 0.6904295982871124
5.919989347457886; 0.700428578711256
5.942161560058594; 0.6904295982871124
5.957334756851196; 0.700428578711256
5.977247476577759; 0.700428578711256
5.9962663650512695; 0.6904295982871124
6.016376733779907; 0.6904295982871124
6.040745496749878; 0.700428578711256
6.060233116149902; 0.6904295982871124
6.092538118362427; 0.6904295982871124
6.1055238246917725; 0.6804306178629689
6.118850946426392; 0.6904295982871124
6.132104158401489; 0.700428578711256
6.154767274856567; 0.700428578711256
6.175935745239258; 0.6904295982871124
6.201047420501709; 0.700428578711256
6.2219178676605225; 0.700428578711256
6.238840579986572; 0.6904295982871124
6.255313396453857; 0.6904295982871124
6.272572994232178; 0.6904295982871124
6.289850950241089; 0.6904295982871124
6.306127071380615; 0.6904295982871124
6.325089931488037; 0.6904295982871124
6.345987319946289; 0.6904295982871124
6.360748529434204; 0.700428578711256
6.377565860748291; 0.6904295982871124
6.395461559295654; 0.6904295982871124
6.415548324584961; 0.6904295982871124
6.431886434555054; 0.700428578711256
6.4468982219696045; 0.700428578711256
6.473485469818115; 0.6904295982871124
6.495981931686401; 0.6904295982871124
6.520518779754639; 0.6904295982871124
6.542574405670166; 0.6904295982871124
6.558029413223267; 0.6904295982871124
6.5763936042785645; 0.6904295982871124
6.594030141830444; 0.6904295982871124
6.613277196884155; 0.6904295982871124
6.636919260025024; 0.6904295982871124
6.6587066650390625; 0.6904295982871124
6.6888604164123535; 0.6904295982871124
6.709684133529663; 0.6904295982871124
6.722593784332275; 0.6904295982871124
6.736609935760498; 0.6904295982871124
6.750040769577026; 0.700428578711256
6.7688212394714355; 0.6904295982871124
6.785833358764648; 0.6904295982871124
6.80246901512146; 0.6904295982871124
6.819943428039551; 0.6904295982871124
6.837491750717163; 0.6904295982871124
6.853497743606567; 0.6904295982871124
6.8697168827056885; 0.6904295982871124
6.88714337348938; 0.6904295982871124
6.910172462463379; 0.6904295982871124
6.926955938339233; 0.6904295982871124
6.94569993019104; 0.6904295982871124
6.965310096740723; 0.700428578711256
6.98476505279541; 0.6904295982871124
7.001963376998901; 0.6904295982871124
7.020676136016846; 0.700428578711256
7.037383794784546; 0.6904295982871124
7.052047967910767; 0.6904295982871124
7.069657325744629; 0.6904295982871124
7.084872722625732; 0.6904295982871124
7.111067533493042; 0.6904295982871124
7.128257989883423; 0.6904295982871124
7.15021538734436; 0.6904295982871124
7.171912431716919; 0.700428578711256
7.18872857093811; 0.6904295982871124
7.203806400299072; 0.700428578711256
7.220100402832031; 0.6904295982871124
7.235560655593872; 0.6904295982871124
7.264769554138184; 0.700428578711256
7.282895803451538; 0.6904295982871124
7.303894281387329; 0.6904295982871124
7.340759515762329; 0.6904295982871124
7.354078769683838; 0.6904295982871124
7.3694422245025635; 0.6904295982871124
7.3829121589660645; 0.700428578711256
7.4022605419158936; 0.6904295982871124
7.4187469482421875; 0.700428578711256
7.434858798980713; 0.6904295982871124
7.454035997390747; 0.6904295982871124
7.474402666091919; 0.6904295982871124
7.493602514266968; 0.6904295982871124
7.511877775192261; 0.6904295982871124
7.526852369308472; 0.6904295982871124
7.544795751571655; 0.6904295982871124
7.561746835708618; 0.6904295982871124
7.579530715942383; 0.6904295982871124
7.598557949066162; 0.6904295982871124
7.613713026046753; 0.6904295982871124
7.631790399551392; 0.6904295982871124
7.650698184967041; 0.700428578711256
7.673051118850708; 0.6904295982871124
7.693795442581177; 0.6904295982871124
7.7107720375061035; 0.6904295982871124
7.729400396347046; 0.700428578711256
7.749328851699829; 0.6904295982871124
7.767666339874268; 0.6904295982871124
7.793867111206055; 0.6904295982871124
7.810607194900513; 0.700428578711256
7.827355623245239; 0.700428578711256
7.846663475036621; 0.6904295982871124
7.861663341522217; 0.6904295982871124
7.889037370681763; 0.6904295982871124
7.909095048904419; 0.6904295982871124
7.932457685470581; 0.6904295982871124
7.974430084228516; 0.6904295982871124
7.989490509033203; 0.700428578711256
8.002140760421753; 0.700428578711256
8.015601396560669; 0.700428578711256
8.031501293182373; 0.6904295982871124
8.047281980514526; 0.6904295982871124
8.063100099563599; 0.6904295982871124
8.084292888641357; 0.6904295982871124
8.103147506713867; 0.6904295982871124
8.121172904968262; 0.6904295982871124
8.139166355133057; 0.6904295982871124
8.154112815856934; 0.6904295982871124
8.17596173286438; 0.6904295982871124
8.19327974319458; 0.6904295982871124
8.211133003234863; 0.700428578711256
8.231194496154785; 0.6904295982871124
8.246387958526611; 0.6904295982871124
8.27086067199707; 0.6904295982871124
8.294070720672607; 0.6904295982871124
8.309326171875; 0.6904295982871124
8.33098292350769; 0.6904295982871124
8.34736680984497; 0.6804306178629689
8.36671257019043; 0.6904295982871124
8.388049840927124; 0.700428578711256
8.409018754959106; 0.6904295982871124
8.424653053283691; 0.6904295982871124
8.444053173065186; 0.6904295982871124
8.461014032363892; 0.6904295982871124
8.478089809417725; 0.6904295982871124
8.493400812149048; 0.700428578711256
8.515796899795532; 0.700428578711256
8.538462400436401; 0.6904295982871124
8.554591417312622; 0.6904295982871124
8.59900975227356; 0.6904295982871124
8.61751413345337; 0.700428578711256
8.633145332336426; 0.6904295982871124
8.645818948745728; 0.700428578711256
8.659332990646362; 0.6904295982871124
8.677719354629517; 0.700428578711256
8.695733785629272; 0.700428578711256
8.711003065109253; 0.6904295982871124
8.731962203979492; 0.700428578711256
8.749034881591797; 0.6904295982871124
8.762792587280273; 0.6904295982871124
8.788723945617676; 0.6904295982871124
8.808974266052246; 0.700428578711256
8.82366394996643; 0.6904295982871124
8.839246988296509; 0.6904295982871124
8.856662034988403; 0.700428578711256
8.874840497970581; 0.6904295982871124
8.895354509353638; 0.700428578711256
8.9182608127594; 0.6904295982871124
8.940102338790894; 0.6904295982871124
8.954899549484253; 0.6904295982871124
8.976672649383545; 0.6904295982871124
8.99404263496399; 0.6904295982871124
9.014617919921875; 0.700428578711256
9.043184041976929; 0.6904295982871124
9.06393575668335; 0.6904295982871124
9.078789472579956; 0.6904295982871124
9.094775199890137; 0.6904295982871124
9.11242151260376; 0.6904295982871124
9.13422417640686; 0.6904295982871124
9.15797472000122; 0.6904295982871124
9.194475889205933; 0.700428578711256
9.212903022766113; 0.700428578711256
9.226191520690918; 0.6904295982871124
9.239898204803467; 0.6904295982871124
9.253249168395996; 0.6804306178629689
9.27174997329712; 0.6904295982871124
9.286901950836182; 0.6904295982871124
9.302792310714722; 0.6904295982871124
9.321432828903198; 0.7104275591353996
9.345069885253906; 0.700428578711256
9.362322092056274; 0.6904295982871124
9.380106687545776; 0.6904295982871124
9.39556622505188; 0.6904295982871124
9.412957906723022; 0.6904295982871124
9.435863256454468; 0.700428578711256
9.449835538864136; 0.6904295982871124
9.468467950820923; 0.700428578711256
9.482979536056519; 0.6904295982871124
9.502887487411499; 0.6904295982871124
9.528573274612427; 0.6904295982871124
9.550824880599976; 0.6904295982871124
9.568589448928833; 0.6904295982871124
9.58851170539856; 0.6904295982871124
9.610765933990479; 0.700428578711256
9.629721879959106; 0.700428578711256
9.64807653427124; 0.6904295982871124
9.663203477859497; 0.6904295982871124
9.680012702941895; 0.700428578711256
9.701157569885254; 0.9204061480424142
9.721952199935913; 1.1803796390701466
9.743630409240723; 1.2103765803425772
9.764239311218262; 1.1203857565252853
9.806450843811035; 1.530343953915171
9.819499254226685; 1.7903174449429036
9.832865953445435; 1.8803082687601955
9.84644627571106; 1.8203143862153341
9.865776777267456; 1.6703296798531808
9.880468845367432; 1.2703704628874386
9.898603439331055; 0.28047140089722666
9.918500900268555; 0.0004999490212071493
9.93956208229065; 0.0004999490212071493
9.95604920387268; 0.0004999490212071493
9.974200248718262; 0.0004999490212071493
9.993207216262817; 0.0004999490212071493
10.012144327163696; 0.0004999490212071493
10.02954387664795; 0.0004999490212071493
10.044246912002563; 0.0004999490212071493
10.06224536895752; 0.0004999490212071493
10.076077699661255; 0.0004999490212071493
10.096631288528442; 0.0004999490212071493
10.121240615844727; 0.0004999490212071493
10.138261079788208; 0.0004999490212071493
10.156293869018555; 0.0004999490212071493
10.181929588317871; 0.0004999490212071493
10.199552059173584; 0.0004999490212071493
10.220905542373657; 0.0004999490212071493
10.242762327194214; 0.0004999490212071493
10.26146411895752; 0.0004999490212071493
10.281492233276367; 0.0004999490212071493
10.308255434036255; 0.0004999490212071493
10.331806659698486; 0.0004999490212071493
10.353058815002441; 0.0004999490212071493
10.366598129272461; 0.0004999490212071493
10.379594326019287; 0.0004999490212071493
10.393516063690186; 0.0004999490212071493
10.41456413269043; 0.0004999490212071493
10.43179726600647; 0.0004999490212071493
10.446117877960205; 0.0004999490212071493
10.47201919555664; 0.0004999490212071493
10.490163087844849; 0.0004999490212071493
10.506823539733887; 0.0004999490212071493
10.52581000328064; 0.0004999490212071493
10.546226263046265; 0.0004999490212071493
10.562589406967163; 0.0004999490212071493
10.581590414047241; 0.0004999490212071493
10.595072269439697; 0.0004999490212071493
10.614561796188354; 0.0004999490212071493
10.629534721374512; 0.0004999490212071493
10.648479700088501; 0.0004999490212071493
10.672883987426758; 0.0004999490212071493
10.687575340270996; 0.0004999490212071493
10.705438375473022; 0.0004999490212071493
10.723445892333984; 0.0004999490212071493
10.741116046905518; 0.0004999490212071493
10.765121221542358; 0.0004999490212071493
10.789793014526367; 0.0004999490212071493
10.80853796005249; 0.0004999490212071493
10.828747987747192; 0.0004999490212071493
10.853954076766968; 0.0004999490212071493
10.87182354927063; 0.0004999490212071493
10.889983177185059; 0.0004999490212071493
10.913161039352417; 0.0004999490212071493
10.933988571166992; 0.0004999490212071493
10.949347734451294; 0.0004999490212071493
10.962409734725952; 0.0004999490212071493
10.975640535354614; 0.0004999490212071493
10.990731000900269; 0.0004999490212071493
11.011099815368652; 0.0004999490212071493
11.028414487838745; 0.0004999490212071493
11.042989492416382; 0.0004999490212071493
11.067347288131714; 0.0004999490212071493
11.085609436035156; 0.010498929445350705
11.100885391235352; 0.0004999490212071493
11.120076179504395; 0.0004999490212071493
11.136106967926025; 0.0004999490212071493
11.155686616897583; 0.0004999490212071493
11.171501159667969; 0.0004999490212071493
11.197476863861084; 0.0004999490212071493
11.220924615859985; 0.0004999490212071493
11.240624189376831; 0.0004999490212071493
11.260734558105469; 0.0004999490212071493
11.28629469871521; 0.0004999490212071493
11.303330659866333; 0.0004999490212071493
11.331660270690918; 0.0004999490212071493
11.353634357452393; 0.0004999490212071493
11.377338647842407; 0.0004999490212071493
11.393980026245117; 0.0004999490212071493
11.409452676773071; 0.0004999490212071493
11.426722764968872; 0.0004999490212071493
11.443145990371704; 0.0004999490212071493
11.466514348983765; 0.0004999490212071493
11.485181331634521; 0.0004999490212071493
11.505537509918213; 0.0004999490212071493
11.520756483078003; 0.0004999490212071493
11.533584594726562; 0.0004999490212071493
11.546478033065796; 0.0004999490212071493
11.560206651687622; 0.0004999490212071493
11.579120635986328; 0.0004999490212071493
11.597135782241821; 0.0004999490212071493
11.61442756652832; 0.0004999490212071493
11.637294054031372; 0.0004999490212071493
11.655433177947998; 0.0004999490212071493
11.678020477294922; 0.0004999490212071493
11.69380784034729; 0.0004999490212071493
11.71045446395874; 0.0004999490212071493
11.725226163864136; 0.0004999490212071493
11.741522073745728; 0.0004999490212071493
11.75890040397644; 0.0004999490212071493
11.773178100585938; 0.0004999490212071493
11.799289226531982; 0.0004999490212071493
11.819609880447388; 0.0004999490212071493
11.838462829589844; 0.0004999490212071493
11.855387210845947; 0.0004999490212071493
11.870085000991821; 0.0004999490212071493
11.890521049499512; 0.0004999490212071493
11.909387588500977; 0.0004999490212071493
11.93930435180664; 0.0004999490212071493
11.959028482437134; 0.0004999490212071493
11.983490705490112; 0.0004999490212071493
11.999241352081299; 0.0004999490212071493
12.015560388565063; 0.0004999490212071493
12.03815245628357; 0.0004999490212071493
12.054536819458008; 0.0004999490212071493
12.084033250808716; 0.0004999490212071493
12.098839521408081; 0.0004999490212071493
12.111673831939697; 0.0004999490212071493
12.124544143676758; 0.0004999490212071493
12.138134002685547; 0.0004999490212071493
12.156975746154785; 0.0004999490212071493
12.173835039138794; 0.0004999490212071493
12.189902782440186; 0.0004999490212071493
12.208863735198975; 0.0004999490212071493
12.231326818466187; 0.0004999490212071493
12.24608850479126; 0.0004999490212071493
12.264514923095703; 0.0004999490212071493
12.279164552688599; 0.0004999490212071493
12.299798727035522; 0.0004999490212071493
12.319041728973389; 0.0004999490212071493
12.339877128601074; 0.0004999490212071493
12.363608360290527; 0.0004999490212071493
12.381554126739502; 0.0004999490212071493
12.399304628372192; 0.0004999490212071493
12.41766619682312; 0.0004999490212071493
12.440750122070312; 0.0004999490212071493
12.4611496925354; 0.0004999490212071493
12.478468656539917; 0.0004999490212071493
12.50520133972168; 0.0004999490212071493
12.52343463897705; 0.0004999490212071493
12.546100378036499; 0.0004999490212071493
12.567908763885498; 0.0004999490212071493
12.582907438278198; 0.0004999490212071493
12.612117052078247; 0.0004999490212071493
12.631790399551392; 0.0004999490212071493
12.65581488609314; 0.0004999490212071493
12.66901421546936; 0.0004999490212071493
12.682922601699829; 0.0004999490212071493
12.69873332977295; 0.0004999490212071493
12.71365761756897; 0.0004999490212071493
12.73308515548706; 0.0004999490212071493
12.748366832733154; 0.0004999490212071493
12.763936519622803; 0.0004999490212071493
12.785654544830322; 0.0004999490212071493
12.802823305130005; 0.0004999490212071493
12.82125997543335; 0.0004999490212071493
12.842087268829346; 0.0004999490212071493
12.858085870742798; 0.0004999490212071493
12.876145362854004; 0.0004999490212071493
12.893343925476074; -0.009499031402936405
12.911163806915283; 0.0004999490212071493
12.930996656417847; 0.0004999490212071493
12.945240497589111; 0.0004999490212071493
12.9643235206604; 0.0004999490212071493
12.983574628829956; 0.0004999490212071493
13.003643274307251; 0.0004999490212071493
13.023154020309448; 0.0004999490212071493
13.04381275177002; 0.0004999490212071493
13.061446189880371; 0.0004999490212071493
13.078486680984497; 0.0004999490212071493
13.097864866256714; 0.0004999490212071493
13.117133140563965; 0.0004999490212071493
13.133630752563477; 0.0004999490212071493
13.150106430053711; 0.0004999490212071493
13.1750648021698; 0.0004999490212071493
13.193570613861084; 0.0004999490212071493
13.215864419937134; 0.0004999490212071493
13.231985330581665; 0.0004999490212071493
13.24463152885437; 0.0004999490212071493
13.257995128631592; 0.0004999490212071493
13.271600484848022; 0.0004999490212071493
13.291348457336426; 0.0004999490212071493
13.309977293014526; 0.0004999490212071493
13.32603120803833; 0.0004999490212071493
13.343478918075562; 0.0004999490212071493
13.36372184753418; 0.0004999490212071493
13.377387285232544; 0.0004999490212071493
13.393307447433472; 0.0004999490212071493
13.409932613372803; 0.0004999490212071493
13.425115585327148; 0.0004999490212071493
13.439499139785767; 0.0004999490212071493
13.456044912338257; 0.0004999490212071493
13.474424362182617; 0.0004999490212071493
13.491402626037598; 0.0004999490212071493
13.511387825012207; 0.0004999490212071493
13.527564525604248; 0.0004999490212071493
13.54544472694397; 0.0004999490212071493
13.567405462265015; 0.0004999490212071493
13.586602926254272; 0.0004999490212071493
13.605010509490967; 0.0004999490212071493
13.623247146606445; 0.0004999490212071493
13.647236347198486; 0.0004999490212071493
13.664344787597656; 0.0004999490212071493
13.687366724014282; 0.0004999490212071493
13.7019784450531; 0.0004999490212071493
13.723523139953613; 0.0004999490212071493
13.746111392974854; 0.0004999490212071493
13.768963813781738; 0.0004999490212071493
13.792525053024292; 0.0004999490212071493
13.805841445922852; 0.0004999490212071493
13.819150924682617; 0.0004999490212071493
13.8324875831604; 0.0004999490212071493
13.851955652236938; 0.0004999490212071493
13.876182556152344; 0.0004999490212071493
13.891054153442383; 0.0004999490212071493
13.913395404815674; 0.0004999490212071493
13.931340456008911; 0.0004999490212071493
13.946910619735718; 0.0004999490212071493
13.969449996948242; 0.0004999490212071493
13.985140800476074; 0.0004999490212071493
14.00347375869751; 0.0004999490212071493
14.019664287567139; 0.0004999490212071493
14.037164211273193; 0.0004999490212071493
14.059095621109009; 0.0004999490212071493
14.074697256088257; 0.0004999490212071493
14.095137357711792; 0.0004999490212071493
14.112226247787476; 0.0004999490212071493
14.130426168441772; 0.0004999490212071493
14.147040128707886; 0.0004999490212071493
14.162141561508179; 0.0004999490212071493
14.183802366256714; 0.0004999490212071493
14.20334768295288; 0.0004999490212071493
14.221238136291504; 0.0004999490212071493
14.242218255996704; 0.0004999490212071493
14.262408256530762; 0.0004999490212071493
14.277604579925537; 0.0004999490212071493
14.29215693473816; 0.0004999490212071493
14.310984134674072; 0.0004999490212071493
14.328819274902344; 0.0004999490212071493
14.345364332199097; 0.0004999490212071493
14.366596937179565; 0.0004999490212071493
14.379267930984497; 0.0004999490212071493
14.39319896697998; 0.0004999490212071493
14.405834913253784; 0.0004999490212071493
14.419174194335938; 0.0004999490212071493
14.438884258270264; 0.0004999490212071493
14.458262920379639; 0.0004999490212071493
14.475643157958984; 0.0004999490212071493
14.489936590194702; 0.0004999490212071493
14.506120204925537; 0.0004999490212071493
14.519562244415283; 0.0004999490212071493
14.535715103149414; 0.0004999490212071493
14.550118207931519; 0.0004999490212071493
14.564629077911377; 0.0004999490212071493
14.582449197769165; 0.0004999490212071493
14.597691774368286; -0.009499031402936405
14.61203384399414; 0.0004999490212071493
14.625258684158325; 0.0004999490212071493
14.640130519866943; 0.0004999490212071493
14.657838106155396; 0.0004999490212071493
14.67141580581665; 0.0004999490212071493
14.688586950302124; 0.0004999490212071493
14.702739238739014; 0.0004999490212071493
14.719635009765625; 0.0004999490212071493
14.735441207885742; 0.0004999490212071493
14.750365018844604; 0.0004999490212071493
14.766286134719849; 0.0004999490212071493
14.781994819641113; 0.0004999490212071493
14.796874046325684; 0.0004999490212071493
14.81323790550232; 0.0004999490212071493
14.827821493148804; 0.0004999490212071493
14.84329867362976; 0.0004999490212071493
14.8589506149292; 0.0004999490212071493
14.872514009475708; 0.0004999490212071493
14.885697364807129; 0.0004999490212071493
14.902387380599976; -0.009499031402936405
14.918798923492432; 0.0004999490212071493
14.933633804321289; 0.0004999490212071493
14.948884963989258; 0.0004999490212071493
14.961860418319702; 0.0004999490212071493
14.975301504135132; 0.0004999490212071493
14.990950345993042; 0.0004999490212071493
15.005562782287598; 0.0004999490212071493
15.025849342346191; 0.0004999490212071493
15.044783353805542; 0.0004999490212071493
15.06081509590149; 0.0004999490212071493
15.085178852081299; 0.0004999490212071493
15.103602886199951; 0.0004999490212071493
15.121281147003174; 0.0004999490212071493
15.139423847198486; 0.0004999490212071493
15.159925699234009; 0.0004999490212071493
15.174123287200928; 0.0004999490212071493
15.19140887260437; 0.0004999490212071493
15.208950996398926; 0.0004999490212071493
15.223627805709839; 0.0004999490212071493
15.250813722610474; 0.0004999490212071493
15.269967555999756; 0.0004999490212071493
15.290202379226685; 0.0004999490212071493
15.31296443939209; 0.0004999490212071493
15.327963829040527; 0.0004999490212071493
15.351622819900513; 0.0004999490212071493
15.375821352005005; 0.0004999490212071493
15.3965425491333; 0.0004999490212071493
15.411904335021973; 0.0004999490212071493
15.435610055923462; 0.0004999490212071493
15.45045781135559; 0.0004999490212071493
15.473727464675903; 0.0004999490212071493
15.500693321228027; 0.0004999490212071493
15.53015923500061; 0.0004999490212071493
15.543174028396606; 0.0004999490212071493
15.55710244178772; 0.0004999490212071493
15.573680639266968; 0.0004999490212071493
15.593529224395752; 0.0004999490212071493
15.62040638923645; 0.0004999490212071493
15.636491060256958; 0.0004999490212071493
15.652950048446655; 0.0004999490212071493
15.670710563659668; 0.0004999490212071493
15.688132524490356; 0.0004999490212071493
15.710501432418823; 0.0004999490212071493
15.725860834121704; 0.0004999490212071493
15.748193979263306; 0.0004999490212071493
15.762686252593994; 0.0004999490212071493
15.78293251991272; 0.0004999490212071493
15.802476406097412; 0.0004999490212071493
15.825339555740356; 0.0004999490212071493
15.844173669815063; 0.0004999490212071493
15.865453958511353; 0.0004999490212071493
15.882567405700684; 0.0004999490212071493
15.901861906051636; 0.0004999490212071493
15.916571140289307; 0.0004999490212071493
15.937294483184814; 0.0004999490212071493
15.961440563201904; 0.0004999490212071493
15.986316680908203; 0.0004999490212071493
16.006544589996338; 0.0004999490212071493
16.02445697784424; 0.0004999490212071493
16.040225982666016; 0.0004999490212071493
16.056915521621704; 0.0004999490212071493
16.08434557914734; 0.0004999490212071493
16.10364532470703; 0.0004999490212071493
16.130051851272583; 0.0004999490212071493
16.142918586730957; 0.010498929445350705
16.155861139297485; 0.0004999490212071493
16.170085191726685; 0.0004999490212071493
16.185779094696045; 0.0004999490212071493
16.205392837524414; 0.0004999490212071493
16.229440212249756; 0.0004999490212071493
16.25208044052124; 0.0004999490212071493
16.267593383789062; 0.0004999490212071493
16.29204797744751; 0.0004999490212071493
16.313079357147217; 0.0004999490212071493
16.32840657234192; 0.0004999490212071493
16.343658447265625; 0.0004999490212071493
16.360793590545654; 0.0004999490212071493
16.37734580039978; 0.0004999490212071493
16.39582133293152; 0.0004999490212071493
16.427184104919434; 0.0004999490212071493
16.446985483169556; 0.0004999490212071493
16.468093872070312; 0.0004999490212071493
16.491288900375366; 0.0004999490212071493
16.511338233947754; 0.0004999490212071493
16.53478217124939; 0.0004999490212071493
16.560495853424072; 0.0004999490212071493
16.5798556804657; 0.0004999490212071493
16.604936838150024; 0.0004999490212071493
16.62217879295349; 0.010498929445350705
16.63733148574829; 0.0004999490212071493
16.660531520843506; 0.0004999490212071493
16.6799578666687; 0.0004999490212071493
16.708446741104126; 0.0004999490212071493
16.721909046173096; 0.0004999490212071493
16.73554825782776; 0.0004999490212071493
16.75028109550476; 0.0004999490212071493
16.763738870620728; 0.0004999490212071493
16.78718113899231; 0.0004999490212071493
16.80315613746643; 0.0004999490212071493
16.820462226867676; 0.0004999490212071493
16.843495845794678; 0.0004999490212071493
16.86130976676941; 0.0004999490212071493
16.877726316452026; 0.0004999490212071493
16.898099899291992; 0.0004999490212071493
16.911674737930298; 0.0004999490212071493
16.934812545776367; 0.0004999490212071493
16.952681303024292; 0.0004999490212071493
16.973376274108887; 0.0004999490212071493
16.998419523239136; 0.0004999490212071493
17.01958394050598; 0.0004999490212071493
17.040220975875854; 0.0004999490212071493
17.06396985054016; 0.0004999490212071493
17.082504987716675; 0.0004999490212071493
17.10128402709961; 0.0004999490212071493
17.126205444335938; 0.0004999490212071493
17.156662702560425; 0.0004999490212071493
17.173417806625366; 0.0004999490212071493
17.18950843811035; 0.0004999490212071493
17.21058177947998; 0.0004999490212071493
17.23383092880249; 0.0004999490212071493
17.252577304840088; 0.0004999490212071493
17.275312900543213; 0.0004999490212071493
17.298715591430664; 0.0004999490212071493
17.312233209609985; 0.0004999490212071493
17.325748443603516; 0.0004999490212071493
17.33939266204834; 0.0004999490212071493
17.358049154281616; 0.0004999490212071493
17.379760026931763; 0.0004999490212071493
17.398062467575073; 0.0004999490212071493
17.415873527526855; 0.0004999490212071493
17.43084406852722; 0.0004999490212071493
17.445715188980103; 0.0004999490212071493
17.461686372756958; 0.0004999490212071493
17.47820019721985; 0.0004999490212071493
17.49184012413025; 0.0004999490212071493
17.516146898269653; 0.0004999490212071493
17.53497862815857; 0.0004999490212071493
17.555112600326538; 0.0004999490212071493
17.577899932861328; 0.0004999490212071493
17.59403157234192; 0.0004999490212071493
17.621582984924316; 0.0004999490212071493
17.646048307418823; 0.0004999490212071493
17.66366958618164; 0.0004999490212071493
17.68079662322998; 0.0004999490212071493
17.704383611679077; 0.0004999490212071493
17.72460913658142; 0.0004999490212071493
17.743659496307373; 0.0004999490212071493
17.769656658172607; 0.0004999490212071493
17.787237405776978; 0.0004999490212071493
17.801783800125122; 0.0004999490212071493
17.84566354751587; 0.0004999490212071493
17.88155770301819; -0.009499031402936405
17.89427638053894; 0.0004999490212071493
17.908877849578857; 0.0004999490212071493
17.92152428627014; 0.0004999490212071493
17.934937238693237; 0.0004999490212071493
17.94788670539856; 0.0004999490212071493
17.966183185577393; 0.0004999490212071493
17.992483615875244; 0.0004999490212071493
18.0089271068573; 0.0004999490212071493
18.026395082473755; 0.0004999490212071493
18.045265197753906; 0.0004999490212071493
18.05956745147705; 0.0004999490212071493
18.075541019439697; 0.0004999490212071493
18.101097345352173; 0.0004999490212071493
18.117805242538452; 0.0004999490212071493
18.133727073669434; 0.0004999490212071493
18.153446197509766; 0.0004999490212071493
18.178577661514282; 0.0004999490212071493
18.198100090026855; 0.0004999490212071493
18.222993850708008; 0.0004999490212071493
18.244542121887207; 0.0004999490212071493
18.259063005447388; 0.0004999490212071493
18.28731656074524; 0.0004999490212071493
18.30853295326233; 0.0004999490212071493
18.33170461654663; 0.0004999490212071493
18.355041027069092; 0.0004999490212071493
18.381041765213013; 0.0004999490212071493
18.407008409500122; 0.0004999490212071493
18.426669359207153; 0.0004999490212071493
18.451276063919067; 0.0004999490212071493
18.47588801383972; 0.0004999490212071493
18.499081134796143; 0.0004999490212071493
18.511904001235962; 0.0004999490212071493
18.52881121635437; 0.0004999490212071493
18.54216480255127; 0.0004999490212071493
18.560640811920166; 0.0004999490212071493
18.587079763412476; 0.0004999490212071493
18.608754873275757; 0.0004999490212071493
18.624471426010132; 0.0004999490212071493
18.64173698425293; 0.0004999490212071493
18.656392812728882; 0.0004999490212071493
18.673631191253662; 0.0004999490212071493
18.692296504974365; 0.0004999490212071493
18.71100354194641; 0.0004999490212071493
18.727039575576782; 0.0004999490212071493
18.743863344192505; 0.0004999490212071493
18.76142716407776; 0.0004999490212071493
18.781282901763916; 0.0004999490212071493
18.804774522781372; 0.0004999490212071493
18.826287269592285; 0.0004999490212071493
18.844791412353516; 0.0004999490212071493
18.871209144592285; 0.0004999490212071493
18.886064052581787; 0.0004999490212071493
18.90794563293457; 0.0004999490212071493
18.941724061965942; 0.0004999490212071493
18.96292233467102; 0.0004999490212071493
18.982887744903564; 0.0004999490212071493
18.998576402664185; 0.0004999490212071493
19.021191358566284; 0.0004999490212071493
19.041505813598633; 0.0004999490212071493
19.061122179031372; 0.0004999490212071493
19.100634813308716; 0.0004999490212071493
19.114240646362305; 0.0004999490212071493
19.127726554870605; 0.0004999490212071493
19.141382932662964; 0.0004999490212071493
19.15601897239685; 0.0004999490212071493
19.1696515083313; 0.0004999490212071493
19.201640605926514; 0.0004999490212071493
19.222820043563843; 0.0004999490212071493
19.240535497665405; 0.0004999490212071493
19.264407873153687; 0.0004999490212071493
19.284263610839844; 0.0004999490212071493
19.299986600875854; 0.0004999490212071493
19.31400179862976; 0.0004999490212071493
19.33530855178833; 0.0004999490212071493
19.355389833450317; 0.0004999490212071493
19.372324466705322; 0.0004999490212071493
19.38673496246338; 0.0004999490212071493
19.41385054588318; 0.0004999490212071493
19.434144496917725; 0.0004999490212071493
19.45106053352356; 0.0004999490212071493
19.467814445495605; 0.0004999490212071493
19.482811212539673; 0.0004999490212071493
19.5037739276886; 0.0004999490212071493
19.529203176498413; 0.0004999490212071493
19.54525661468506; 0.0004999490212071493
19.57327151298523; 0.0004999490212071493
19.605637311935425; 0.0004999490212071493
19.62816071510315; 0.0004999490212071493
19.65621542930603; 0.0004999490212071493
19.685880184173584; 0.0004999490212071493
19.70817756652832; 0.0004999490212071493
19.73096776008606; 0.0004999490212071493
19.744046211242676; 0.0004999490212071493
19.757049560546875; 0.0004999490212071493
19.771102905273438; 0.0004999490212071493
19.785542726516724; 0.0004999490212071493
19.79953122138977; 0.0004999490212071493
19.83180046081543; 0.0004999490212071493
19.8539137840271; 0.0004999490212071493
19.87584662437439; 0.0004999490212071493
19.89496421813965; 0.0004999490212071493
19.92131209373474; 0.0004999490212071493
19.943675756454468; 0.0004999490212071493
19.95864200592041; 0.0004999490212071493
19.975722789764404; 0.0004999490212071493
19.991244554519653; 0.0004999490212071493
20.00634527206421; 0.0004999490212071493
20.02100110054016; 0.0004999490212071493
20.03666639328003; 0.0004999490212071493
20.058736562728882; 0.0004999490212071493
20.078190088272095; 0.0004999490212071493
20.10001254081726; 0.0004999490212071493
20.126354455947876; 0.0004999490212071493
20.146476984024048; 0.0004999490212071493
20.17397713661194; 0.0004999490212071493
20.19496178627014; 0.0004999490212071493
20.221765279769897; 0.0004999490212071493
20.24686574935913; 0.0004999490212071493
20.26712727546692; 0.0004999490212071493
20.284481525421143; 0.0004999490212071493
20.306061506271362; 0.0004999490212071493
20.324548959732056; 0.0004999490212071493
20.34137487411499; 0.0004999490212071493
20.36133337020874; 0.0004999490212071493
20.387688875198364; 0.0004999490212071493
20.407687664031982; 0.0004999490212071493
20.432881593704224; 0.0004999490212071493
20.445765495300293; 0.0004999490212071493
20.45910120010376; 0.0004999490212071493
20.473036527633667; 0.0004999490212071493
20.49295210838318; 0.0004999490212071493
20.520975828170776; 0.0004999490212071493
20.53754687309265; 0.0004999490212071493
20.55574870109558; 0.0004999490212071493
20.580945253372192; 0.0004999490212071493
20.597350597381592; 0.0004999490212071493
20.615429639816284; 0.0004999490212071493
20.63303518295288; 0.0004999490212071493
20.65126609802246; 0.0004999490212071493
20.67411756515503; 0.0004999490212071493
20.68802809715271; 0.0004999490212071493
20.71334743499756; 0.0004999490212071493
20.733717918395996; 0.0004999490212071493
20.753985166549683; 0.0004999490212071493
20.77200484275818; 0.0004999490212071493
20.795702695846558; 0.0004999490212071493
20.81172513961792; 0.0004999490212071493
20.830572843551636; 0.0004999490212071493
20.847708702087402; 0.0004999490212071493
20.872551202774048; 0.0004999490212071493
20.889212608337402; 0.0004999490212071493
20.90808868408203; 0.0004999490212071493
20.928081035614014; 0.0004999490212071493
20.954022645950317; 0.0004999490212071493
20.977184534072876; 0.0004999490212071493
20.99870014190674; 0.0004999490212071493
21.029531717300415; 0.0004999490212071493
21.046603202819824; 0.0004999490212071493
21.063915014266968; 0.0004999490212071493
21.077242612838745; 0.0004999490212071493
21.09062361717224; 0.0004999490212071493
21.110217332839966; 0.0004999490212071493
21.13515591621399; 0.0004999490212071493
21.151282787322998; 0.0004999490212071493
21.168566465377808; 0.0004999490212071493
21.187095642089844; 0.0004999490212071493
21.200671195983887; 0.0004999490212071493
21.21802306175232; 0.0004999490212071493
21.23572063446045; 0.0004999490212071493
21.25704050064087; 0.0004999490212071493
21.271633863449097; 0.0004999490212071493
21.28904438018799; 0.0004999490212071493
21.30655550956726; 0.0004999490212071493
21.32390069961548; 0.0004999490212071493
21.344388246536255; 0.0004999490212071493
21.36671733856201; 0.0004999490212071493
21.3855562210083; 0.0004999490212071493
21.413111925125122; 0.0004999490212071493
21.42893099784851; 0.0004999490212071493
21.455331087112427; 0.0004999490212071493
21.477766513824463; 0.0004999490212071493
21.503472328186035; 0.0004999490212071493
21.51838254928589; 0.0004999490212071493
21.53636384010315; -0.009499031402936405
21.554632425308228; 0.0004999490212071493
21.57174062728882; 0.0004999490212071493
21.595149040222168; 0.0004999490212071493
21.612261533737183; 0.0004999490212071493
21.638265132904053; 0.0004999490212071493
21.65685248374939; 0.0004999490212071493
21.67037081718445; 0.0004999490212071493
21.684165000915527; 0.0004999490212071493
21.69792628288269; 0.0004999490212071493
21.71794557571411; 0.0004999490212071493
21.741892099380493; 0.0004999490212071493
21.760721683502197; 0.0004999490212071493
21.779919385910034; 0.0004999490212071493
21.807384967803955; 0.0004999490212071493
21.822624683380127; 0.0004999490212071493
21.84231948852539; 0.0004999490212071493
21.86007261276245; 0.0004999490212071493
21.878180027008057; 0.0004999490212071493
21.90121364593506; 0.0004999490212071493
21.914897680282593; 0.0004999490212071493
21.931291103363037; 0.0004999490212071493
21.951894521713257; 0.0004999490212071493
21.97000741958618; 0.0004999490212071493
21.99590563774109; 0.0004999490212071493
22.011090993881226; 0.0004999490212071493
22.02924346923828; 0.0004999490212071493
22.053158044815063; 0.0004999490212071493
22.0716233253479; 0.0004999490212071493
22.101402282714844; 0.0004999490212071493
22.120606660842896; 0.0004999490212071493
22.145288467407227; 0.0004999490212071493
22.16325879096985; 0.0004999490212071493
22.180143117904663; 0.0004999490212071493
22.20555281639099; 0.0004999490212071493
22.227206230163574; 0.0004999490212071493
22.247201919555664; 0.0004999490212071493
22.270375967025757; 0.0004999490212071493
22.283384799957275; 0.0004999490212071493
22.299935579299927; 0.0004999490212071493
22.312886238098145; 0.0004999490212071493
22.327635526657104; 0.0004999490212071493
22.34624147415161; 0.0004999490212071493
22.368921518325806; 0.0004999490212071493
22.387324571609497; 0.0004999490212071493
22.40651845932007; 0.0004999490212071493
22.425313472747803; 0.0004999490212071493
22.439125061035156; 0.0004999490212071493
22.454078912734985; 0.0004999490212071493
22.46860647201538; 0.0004999490212071493
22.484538316726685; 0.0004999490212071493
22.501357793807983; 0.0004999490212071493
22.51846694946289; 0.0004999490212071493
22.540223360061646; 0.0004999490212071493
22.560461044311523; 0.0004999490212071493
22.58063769340515; 0.0004999490212071493
22.606112003326416; 0.0004999490212071493
22.627757787704468; 0.0004999490212071493
22.64289879798889; 0.0004999490212071493
22.666574001312256; 0.0004999490212071493
22.683409690856934; 0.0004999490212071493
22.704431772232056; -0.009499031402936405
22.727218627929688; 0.0004999490212071493
22.746068000793457; 0.0004999490212071493
22.76115107536316; 0.0004999490212071493
22.7840793132782; 0.0004999490212071493
22.80925941467285; 0.0004999490212071493
22.836240530014038; 0.0004999490212071493
22.862122297286987; 0.0004999490212071493
22.884849071502686; 0.0004999490212071493
22.898355722427368; 0.0004999490212071493
22.9118709564209; 0.0004999490212071493
22.92554497718811; 0.0004999490212071493
22.945017099380493; 0.0004999490212071493
22.972493886947632; 0.0004999490212071493
22.99045705795288; 0.0004999490212071493
23.009478330612183; 0.0004999490212071493
23.034090280532837; 0.0004999490212071493
23.051191806793213; 0.0004999490212071493
23.0699782371521; 0.0004999490212071493
23.089850664138794; 0.0004999490212071493
23.10722541809082; 0.0004999490212071493
23.125422954559326; 0.0004999490212071493
23.140504837036133; 0.0004999490212071493
23.161988258361816; 0.0004999490212071493
23.185296535491943; 0.0004999490212071493
23.203739166259766; 0.0004999490212071493
23.22204279899597; 0.0004999490212071493
23.246115922927856; 0.0004999490212071493
23.260688543319702; 0.0004999490212071493
23.28469729423523; 0.0004999490212071493
23.311124801635742; 0.0004999490212071493
23.32927632331848; 0.0004999490212071493
23.344921588897705; 0.0004999490212071493
23.36870288848877; 0.0004999490212071493
23.38673233985901; 0.0004999490212071493
23.402326345443726; 0.0004999490212071493
23.433619260787964; 0.0004999490212071493
23.452479124069214; 0.0004999490212071493
23.472256183624268; 0.0004999490212071493
23.49687385559082; 0.0004999490212071493
23.50971293449402; 0.0004999490212071493
23.52318286895752; 0.0004999490212071493
23.5367751121521; 0.0004999490212071493
23.55618643760681; 0.0004999490212071493
23.583989143371582; 0.0004999490212071493
23.60167098045349; 0.0004999490212071493
23.61935305595398; 0.0004999490212071493
23.645822048187256; 0.0004999490212071493
23.665061235427856; 0.0004999490212071493
23.68340826034546; 0.0004999490212071493
23.702932834625244; -0.009499031402936405
23.718580961227417; 0.0004999490212071493
23.738558053970337; 0.0004999490212071493
23.752928018569946; 0.0004999490212071493
23.76874589920044; 0.0004999490212071493
23.79568910598755; -0.009499031402936405
23.81234097480774; 0.0004999490212071493
23.83044457435608; 0.0004999490212071493
23.8535213470459; 0.0004999490212071493
23.871087789535522; 0.0004999490212071493
23.894627332687378; 0.0004999490212071493
23.924927473068237; 0.0004999490212071493
23.951938152313232; 0.0004999490212071493
23.969789266586304; 0.0004999490212071493
23.985040426254272; 0.0004999490212071493
24.014382362365723; 0.0004999490212071493
24.040313005447388; 0.0004999490212071493
24.060203075408936; 0.0004999490212071493
24.077660083770752; 0.0004999490212071493
24.105345726013184; 0.010498929445350705
24.119000673294067; 0.0004999490212071493
24.13284921646118; 0.0004999490212071493
24.146997451782227; 0.0004999490212071493
24.161426544189453; 0.0004999490212071493
24.181782007217407; 0.0004999490212071493
24.20484161376953; 0.0004999490212071493
24.223562955856323; 0.0004999490212071493
24.241536617279053; 0.0004999490212071493
24.262099266052246; 0.0004999490212071493
24.276272535324097; 0.0004999490212071493
24.292343139648438; 0.0004999490212071493
24.307162046432495; 0.0004999490212071493
24.322606325149536; 0.0004999490212071493
24.344849824905396; 0.0004999490212071493
24.366952657699585; 0.0004999490212071493
24.384448528289795; 0.0004999490212071493
24.408660173416138; 0.0004999490212071493
24.43039870262146; 0.0004999490212071493
24.450586557388306; 0.0004999490212071493
24.47323179244995; 0.0004999490212071493
24.491002321243286; 0.0004999490212071493
24.506174325942993; -0.009499031402936405
24.5338716506958; -0.009499031402936405
24.560381174087524; 0.0004999490212071493
24.58347487449646; 0.0004999490212071493
24.598979711532593; 0.0004999490212071493
24.622887134552002; 0.0004999490212071493
24.64410948753357; 0.0004999490212071493
24.66902184486389; 0.0004999490212071493
24.692103624343872; 0.0004999490212071493
24.72274422645569; 0.0004999490212071493
24.7424373626709; 0.0004999490212071493
24.755215883255005; 0.0004999490212071493
24.771596908569336; 0.0004999490212071493
24.78508973121643; 0.0004999490212071493
24.81232738494873; 0.0004999490212071493
24.828728675842285; 0.0004999490212071493
24.84491777420044; 0.0004999490212071493
24.867048025131226; 0.0004999490212071493
24.885735034942627; 0.0004999490212071493
24.90473985671997; 0.0004999490212071493
24.924839735031128; 0.0004999490212071493
24.93901801109314; 0.0004999490212071493
24.96087098121643; 0.0004999490212071493
24.978955507278442; 0.0004999490212071493
24.99790358543396; 0.0004999490212071493
25.021013021469116; 0.0004999490212071493
25.03830075263977; 0.0004999490212071493
25.057016849517822; 0.0004999490212071493
25.083052158355713; 0.0004999490212071493
25.099773645401; 0.0004999490212071493
25.117234468460083; 0.0004999490212071493
25.144534826278687; 0.0004999490212071493
25.17708730697632; 0.0004999490212071493
25.194807291030884; 0.0004999490212071493
25.210230112075806; 0.0004999490212071493
25.226274967193604; 0.0004999490212071493
25.241523504257202; 0.0004999490212071493
25.26189637184143; 0.0004999490212071493
25.28527307510376; 0.0004999490212071493
25.309128999710083; 0.0004999490212071493
25.33119821548462; 0.0004999490212071493
25.344228506088257; 0.0004999490212071493
25.357813596725464; 0.0004999490212071493
25.371333599090576; 0.0004999490212071493
25.386220693588257; 0.0004999490212071493
25.404918432235718; 0.0004999490212071493
25.43506407737732; 0.0004999490212071493
25.450180053710938; 0.0004999490212071493
25.468560218811035; 0.0004999490212071493
25.488126754760742; 0.0004999490212071493
25.50543737411499; 0.0004999490212071493
25.520838499069214; 0.0004999490212071493
25.546945095062256; 0.0004999490212071493
25.565165996551514; 0.0004999490212071493
25.57906436920166; 0.0004999490212071493
25.600833654403687; 0.0004999490212071493
25.614155769348145; 0.0004999490212071493
25.641845703125; 0.0004999490212071493
25.655627250671387; 0.0004999490212071493
25.679280996322632; 0.0004999490212071493
25.699338674545288; 0.0004999490212071493
25.727792024612427; 0.0004999490212071493
25.751564025878906; 0.0004999490212071493
25.770660638809204; 0.0004999490212071493
25.792996644973755; 0.0004999490212071493
25.8156840801239; 0.0004999490212071493
25.832513332366943; 0.0004999490212071493
25.850670337677002; 0.0004999490212071493
25.865666389465332; 0.0004999490212071493
25.887636184692383; 0.0004999490212071493
25.908055543899536; 0.0004999490212071493
25.92767882347107; 0.0004999490212071493
25.948676586151123; 0.0004999490212071493
25.961562395095825; 0.0004999490212071493
25.97494387626648; 0.0004999490212071493
25.987650632858276; 0.0004999490212071493
26.001198530197144; 0.0004999490212071493
26.019922971725464; 0.0004999490212071493
26.04698395729065; 0.0004999490212071493
26.066768169403076; 0.0004999490212071493
26.085137128829956; 0.0004999490212071493
26.10731291770935; 0.0004999490212071493
26.12307596206665; 0.0004999490212071493
26.14135503768921; 0.0004999490212071493
26.159460306167603; 0.0004999490212071493
26.18309998512268; 0.0004999490212071493
26.203218698501587; 0.0004999490212071493
26.221033811569214; 0.0004999490212071493
26.24408745765686; 0.0004999490212071493
26.262012243270874; 0.0004999490212071493
26.287477254867554; 0.0004999490212071493
26.3099102973938; 0.0004999490212071493
26.327784299850464; 0.0004999490212071493
26.345289945602417; 0.0004999490212071493
26.36282753944397; 0.0004999490212071493
26.38939094543457; 0.0004999490212071493
26.409112691879272; 0.0004999490212071493
26.43460774421692; 0.0004999490212071493
26.452297925949097; 0.0004999490212071493
26.467198371887207; 0.0004999490212071493
26.497956037521362; 0.0004999490212071493
26.52156686782837; 0.0004999490212071493
26.540461778640747; 0.0004999490212071493
26.56169605255127; 0.0004999490212071493
26.58679175376892; 0.0004999490212071493
26.599485397338867; 0.0004999490212071493
26.61269211769104; 0.0004999490212071493
26.625960111618042; 0.0004999490212071493
26.645110845565796; 0.0004999490212071493
26.674956560134888; 0.0004999490212071493
26.69430661201477; -0.009499031402936405
26.716646432876587; 0.0004999490212071493
26.73921847343445; 0.0004999490212071493
26.75627851486206; 0.0004999490212071493
26.77429723739624; 0.0004999490212071493
26.78922390937805; 0.0004999490212071493
26.809730529785156; 0.0004999490212071493
26.8252854347229; 0.0004999490212071493
26.83988118171692; 0.0004999490212071493
26.85979914665222; 0.0004999490212071493
26.890799283981323; 0.0004999490212071493
26.907619953155518; 0.0004999490212071493
26.926838874816895; 0.0004999490212071493
26.949270248413086; 0.0004999490212071493
26.96408700942993; 0.0004999490212071493
26.983954906463623; 0.0004999490212071493
27.000962495803833; 0.0004999490212071493
27.021265029907227; 0.0004999490212071493
27.041985988616943; 0.0004999490212071493
27.070964336395264; 0.0004999490212071493
27.092318058013916; 0.0004999490212071493
27.111384391784668; 0.0004999490212071493
27.13373851776123; 0.0004999490212071493
27.152393341064453; 0.0004999490212071493
27.169737815856934; 0.0004999490212071493
27.18711280822754; 0.0004999490212071493
27.207820177078247; 0.0004999490212071493
27.222464084625244; 0.0004999490212071493
27.235156536102295; 0.0004999490212071493
27.249231338500977; 0.0004999490212071493
27.267787218093872; 0.0004999490212071493
27.298210859298706; 0.0004999490212071493
27.31896710395813; 0.0004999490212071493
27.337815523147583; 0.0004999490212071493
27.35925555229187; 0.0004999490212071493
27.37600326538086; 0.0004999490212071493
27.399510145187378; 0.0004999490212071493
27.41336417198181; 0.0004999490212071493
27.439207315444946; 0.0004999490212071493
27.458216667175293; 0.0004999490212071493
27.477492094039917; 0.0004999490212071493
27.496544361114502; 0.0004999490212071493
27.517326831817627; 0.0004999490212071493
27.531991243362427; 0.0004999490212071493
27.55206274986267; 0.0004999490212071493
27.571264266967773; 0.0004999490212071493
27.589617013931274; 0.0004999490212071493
27.60565733909607; 0.0004999490212071493
27.626018047332764; -0.009499031402936405
27.642333984375; 0.0004999490212071493
27.65843391418457; 0.0004999490212071493
27.67621898651123; 0.0004999490212071493
27.692046880722046; 0.0004999490212071493
27.71747899055481; 0.0004999490212071493
27.73667573928833; 0.0004999490212071493
27.754132986068726; 0.0004999490212071493
27.78131127357483; 0.0004999490212071493
27.806208848953247; 0.0004999490212071493
27.83148193359375; 0.0004999490212071493
27.844250202178955; -0.009499031402936405
27.85756778717041; 0.0004999490212071493
27.87085199356079; 0.0004999490212071493
27.88406753540039; 0.0004999490212071493
27.902700424194336; 0.0004999490212071493
27.933181047439575; 0.0004999490212071493
27.947190523147583; 0.0004999490212071493
27.97168278694153; 0.0004999490212071493
27.993566751480103; 0.0004999490212071493
28.01266622543335; 0.0004999490212071493
28.031470775604248; 0.0004999490212071493
28.049607515335083; 0.0004999490212071493
28.065710306167603; 0.0004999490212071493
28.08360505104065; 0.0004999490212071493
28.10180926322937; 0.0004999490212071493
28.117022037506104; 0.0004999490212071493
28.137781381607056; 0.0004999490212071493
28.15496277809143; 0.0004999490212071493
28.175047159194946; 0.0004999490212071493
28.19302272796631; 0.0004999490212071493
28.207929611206055; 0.0004999490212071493
28.227014303207397; 0.0004999490212071493
28.244315147399902; 0.0004999490212071493
28.267043590545654; 0.0004999490212071493
28.289854049682617; 0.0004999490212071493
28.31335473060608; 0.0004999490212071493
28.33394980430603; 0.0004999490212071493
28.353456497192383; 0.0004999490212071493
28.370784759521484; 0.0004999490212071493
28.391138553619385; 0.0004999490212071493
28.41157817840576; 0.0004999490212071493
28.427439212799072; 0.0004999490212071493
28.457056522369385; 0.0004999490212071493
28.473533868789673; 0.0004999490212071493
28.48683452606201; 0.0004999490212071493
28.50021481513977; 0.0004999490212071493
28.513813018798828; -0.009499031402936405
28.532246828079224; 0.0004999490212071493
28.560622692108154; 0.0004999490212071493
28.579457759857178; 0.0004999490212071493
28.600630283355713; 0.0004999490212071493
28.62374186515808; 0.0004999490212071493
28.638166666030884; 0.0004999490212071493
28.66254162788391; 0.0004999490212071493
28.684541940689087; 0.0004999490212071493
28.69883418083191; 0.0004999490212071493
28.714943885803223; 0.0004999490212071493
28.733598947525024; 0.0004999490212071493
28.759817600250244; 0.0004999490212071493
28.774741649627686; 0.0004999490212071493
28.79949188232422; 0.0004999490212071493
28.821453094482422; 0.0004999490212071493
28.840457916259766; 0.0004999490212071493
28.86049461364746; 0.0004999490212071493
28.88284993171692; 0.0004999490212071493
28.900859355926514; 0.0004999490212071493
28.921915292739868; 0.0004999490212071493
28.94006109237671; 0.0004999490212071493
28.95933198928833; 0.0004999490212071493
28.977962732315063; 0.0004999490212071493
28.997678995132446; 0.0004999490212071493
29.014362812042236; 0.0004999490212071493
29.037695169448853; 0.0004999490212071493
29.06338381767273; 0.0004999490212071493
29.07898712158203; 0.0004999490212071493
29.092694997787476; 0.0004999490212071493
29.106992483139038; 0.0004999490212071493
29.121079206466675; 0.0004999490212071493
29.139782905578613; 0.0004999490212071493
29.170732736587524; 0.0004999490212071493
29.189146995544434; 0.0004999490212071493
29.2079815864563; 0.0004999490212071493
29.224355459213257; 0.0004999490212071493
29.246033906936646; 0.0004999490212071493
29.26500391960144; 0.0004999490212071493
29.283060312271118; 0.0004999490212071493
29.30918264389038; 0.0004999490212071493
29.327067375183105; 0.0004999490212071493
29.344483137130737; 0.0004999490212071493
29.365575551986694; 0.0004999490212071493
29.382838487625122; 0.0004999490212071493
29.39877986907959; 0.0004999490212071493
29.41477680206299; 0.0004999490212071493
29.43197274208069; 0.0004999490212071493
29.449774026870728; 0.0004999490212071493
29.464060306549072; 0.0004999490212071493
29.481733560562134; 0.0004999490212071493
29.498665809631348; 0.0004999490212071493
29.527015924453735; 0.0004999490212071493
29.549245357513428; 0.0004999490212071493
29.5700581073761; 0.0004999490212071493
29.58523154258728; 0.0004999490212071493
29.602376222610474; 0.0004999490212071493
29.621917963027954; 0.0004999490212071493
29.646098136901855; 0.0004999490212071493
29.66674304008484; 0.0004999490212071493
29.689757108688354; 0.0004999490212071493
29.703967809677124; 0.0004999490212071493
29.71721315383911; 0.0004999490212071493
29.73167085647583; 0.0004999490212071493
29.744912147521973; 0.0004999490212071493
29.764402866363525; 0.0004999490212071493
29.7939772605896; 0.0004999490212071493
29.809147834777832; 0.0004999490212071493
29.834248542785645; 0.0004999490212071493
29.855351209640503; 0.0004999490212071493
29.871679067611694; 0.0004999490212071493
29.890231132507324; 0.0004999490212071493
29.907989263534546; 0.0004999490212071493
29.925715923309326; 0.0004999490212071493
29.944305419921875; 0.0004999490212071493
29.96256160736084; 0.0004999490212071493
29.980963468551636; 0.0004999490212071493
30.00040555000305; 0.0004999490212071493
30.016953229904175; 0.0004999490212071493
30.033833742141724; 0.0004999490212071493
30.0525119304657; 0.0004999490212071493
30.07703161239624; 0.0004999490212071493
30.09300684928894; 0.0004999490212071493
30.108986139297485; 0.0004999490212071493
30.13117527961731; 0.0004999490212071493
30.154319763183594; 0.0004999490212071493
30.17105460166931; 0.0004999490212071493
30.204046487808228; 0.0004999490212071493
30.220661163330078; 0.0004999490212071493
30.235817670822144; 0.0004999490212071493
30.255589723587036; 0.0004999490212071493
30.27879548072815; 0.0004999490212071493
30.298938274383545; 0.0004999490212071493
30.318008422851562; 0.0004999490212071493
30.344112157821655; 0.0004999490212071493
30.357426166534424; 0.0004999490212071493
30.370018482208252; 0.0004999490212071493
30.38450264930725; 0.0004999490212071493
30.398149728775024; 0.0004999490212071493
30.416462898254395; 0.0004999490212071493
30.446844816207886; 0.0004999490212071493
30.463093042373657; 0.0004999490212071493
30.483843088150024; 0.0004999490212071493
30.502109050750732; 0.0004999490212071493
30.520797729492188; 0.0004999490212071493
30.53779411315918; 0.0004999490212071493
30.554314136505127; 0.0004999490212071493
30.57211446762085; 0.0004999490212071493
30.589177131652832; 0.0004999490212071493
30.60806703567505; 0.0004999490212071493
30.63304114341736; 0.0004999490212071493
30.658581256866455; 0.0004999490212071493
30.677130460739136; 0.0004999490212071493
30.69598150253296; 0.0004999490212071493
30.712716102600098; 0.0004999490212071493
30.73747992515564; 0.0004999490212071493
30.75765585899353; 0.0004999490212071493
30.77589702606201; 0.0004999490212071493
30.7945077419281; 0.0004999490212071493
30.81863260269165; 0.0004999490212071493
30.83561635017395; 0.0004999490212071493
30.852604389190674; 0.0004999490212071493
30.876290798187256; 0.0004999490212071493
30.89775013923645; 0.0004999490212071493
30.91383385658264; 0.0004999490212071493
30.936477422714233; 0.0004999490212071493
30.949925899505615; 0.0004999490212071493
30.96332335472107; 0.010498929445350705
30.976632356643677; 0.0004999490212071493
30.992610454559326; -0.009499031402936405
