0.007099628448486328; 0.2688129484304933
0.028380393981933594; 0.25781855381165925
0.05461740493774414; 0.25781855381165925
0.07966780662536621; 0.2688129484304933
0.10381603240966797; 0.25781855381165925
0.12069559097290039; 0.2688129484304933
0.1422269344329834; 0.25781855381165925
0.15833663940429688; 0.2688129484304933
0.17519736289978027; 0.2688129484304933
0.18964195251464844; 0.25781855381165925
0.20528149604797363; 0.25781855381165925
0.22278428077697754; 0.2688129484304933
0.23871278762817383; 0.25781855381165925
0.26074647903442383; 0.25781855381165925
0.2732670307159424; 0.2688129484304933
0.28635263442993164; 0.25781855381165925
0.29949188232421875; 0.25781855381165925
0.31261205673217773; 0.2688129484304933
0.32564783096313477; 0.25781855381165925
0.33864927291870117; 0.25781855381165925
0.3513355255126953; 0.25781855381165925
0.36407947540283203; 0.25781855381165925
0.3767666816711426; 0.25781855381165925
0.3896751403808594; 0.27980734304932736
0.40238189697265625; 0.25781855381165925
0.41506433486938477; 0.25781855381165925
0.4277677536010742; 0.2688129484304933
0.4406616687774658; 0.25781855381165925
0.4533507823944092; 0.25781855381165925
0.46606969833374023; 0.2688129484304933
0.4788093566894531; 0.2688129484304933
0.49169135093688965; 0.25781855381165925
0.5043864250183105; 0.25781855381165925
0.5183620452880859; 0.25781855381165925
0.5359899997711182; 0.2688129484304933
0.5506019592285156; 0.25781855381165925
0.5653393268585205; 0.2688129484304933
0.5834083557128906; 0.2688129484304933
0.5993390083312988; 0.2688129484304933
0.6169984340667725; 0.25781855381165925
0.631080150604248; 0.25781855381165925
0.648911714553833; 0.25781855381165925
0.6652028560638428; 0.25781855381165925
0.682070255279541; 0.25781855381165925
0.6993331909179688; 0.25781855381165925
0.7161109447479248; 0.25781855381165925
0.730032205581665; 0.25781855381165925
0.7481625080108643; 0.25781855381165925
0.7647891044616699; 0.25781855381165925
0.779123067855835; 0.25781855381165925
0.7964479923248291; 0.25781855381165925
0.8140616416931152; 0.25781855381165925
0.8473899364471436; 0.2688129484304933
0.8721756935119629; 0.25781855381165925
0.8908987045288086; 0.25781855381165925
0.9189462661743164; 0.25781855381165925
0.9348692893981934; 0.2688129484304933
0.9529120922088623; 0.25781855381165925
0.9726161956787109; 0.25781855381165925
1.0009894371032715; 0.25781855381165925
1.0192105770111084; 0.25781855381165925
1.032207727432251; 0.2688129484304933
1.0454492568969727; 0.25781855381165925
1.0588393211364746; 0.25781855381165925
1.0721287727355957; 0.2688129484304933
1.089165449142456; 0.2688129484304933
1.1026239395141602; 0.25781855381165925
1.1171212196350098; 0.25781855381165925
1.1332464218139648; 0.25781855381165925
1.1493120193481445; 0.25781855381165925
1.162940263748169; 0.2688129484304933
1.177269458770752; 0.25781855381165925
1.1911036968231201; 0.2688129484304933
1.2062549591064453; 0.25781855381165925
1.2199113368988037; 0.25781855381165925
1.2338886260986328; 0.25781855381165925
1.2477717399597168; 0.2688129484304933
1.2680675983428955; 0.2688129484304933
1.284106969833374; 0.2688129484304933
1.3015305995941162; 0.2688129484304933
1.3189024925231934; 0.2688129484304933
1.3330507278442383; 0.25781855381165925
1.3473987579345703; 0.2688129484304933
1.3660199642181396; 0.25781855381165925
1.3810040950775146; 0.2688129484304933
1.4009721279144287; 0.2688129484304933
1.4164891242980957; 0.25781855381165925
1.430217981338501; 0.25781855381165925
1.4489996433258057; 0.2688129484304933
1.4717490673065186; 0.25781855381165925
1.5157463550567627; 0.25781855381165925
1.5284161567687988; 0.2688129484304933
1.5409471988677979; 0.25781855381165925
1.554579257965088; 0.2688129484304933
1.5687241554260254; 0.25781855381165925
1.5828101634979248; 0.25781855381165925
1.5990636348724365; 0.25781855381165925
1.61326003074646; 0.2688129484304933
1.6279678344726562; 0.2688129484304933
1.642242431640625; 0.25781855381165925
1.6569035053253174; 0.2688129484304933
1.67331862449646; 0.2688129484304933
1.6874539852142334; 0.2688129484304933
1.7069518566131592; 0.25781855381165925
1.7213051319122314; 0.2688129484304933
1.7350821495056152; 0.25781855381165925
1.748276948928833; 0.2688129484304933
1.7621936798095703; 0.25781855381165925
1.7779793739318848; 0.25781855381165925
1.79484224319458; 0.25781855381165925
1.8131778240203857; 0.2688129484304933
1.832120656967163; 0.25781855381165925
1.8460056781768799; 0.2688129484304933
1.864074468612671; 0.25781855381165925
1.879817247390747; 0.25781855381165925
1.898939609527588; 0.2688129484304933
1.913489580154419; 0.2688129484304933
1.9291105270385742; 0.25781855381165925
1.9462263584136963; 0.2688129484304933
1.965017318725586; 0.25781855381165925
1.9819254875183105; 0.2688129484304933
2.026428461074829; 0.2688129484304933
2.0394461154937744; 0.2688129484304933
2.052570104598999; 0.25781855381165925
2.065758466720581; 0.25781855381165925
2.0791845321655273; 0.2688129484304933
2.0929455757141113; 0.2688129484304933
2.1068637371063232; 0.25781855381165925
2.1206579208374023; 0.25781855381165925
2.13818621635437; 0.2688129484304933
2.151512861251831; 0.2688129484304933
2.1675384044647217; 0.2688129484304933
2.1856942176818848; 0.25781855381165925
2.2020835876464844; 0.25781855381165925
2.2190170288085938; 0.25781855381165925
2.2337162494659424; 0.2688129484304933
2.2520995140075684; 0.2688129484304933
2.276827573776245; 0.25781855381165925
2.289942741394043; 0.2688129484304933
2.306032419204712; 0.2688129484304933
2.324343681335449; 0.2688129484304933
2.344296455383301; 0.25781855381165925
2.3593268394470215; 0.25781855381165925
2.378359794616699; 0.25781855381165925
2.3964433670043945; 0.2688129484304933
2.416229009628296; 0.25781855381165925
2.4321420192718506; 0.2688129484304933
2.448730230331421; 0.2688129484304933
2.4631147384643555; 0.25781855381165925
2.481076717376709; 0.25781855381165925
2.498469114303589; 0.2688129484304933
2.537501096725464; 0.2688129484304933
2.5561258792877197; 0.25781855381165925
2.5686047077178955; 0.25781855381165925
2.5811355113983154; 0.2688129484304933
2.6001665592193604; 0.2688129484304933
2.622088670730591; 0.2688129484304933
2.636199474334717; 0.2688129484304933
2.654888391494751; 0.25781855381165925
2.673924207687378; 0.25781855381165925
2.6885416507720947; 0.25781855381165925
2.70827054977417; 0.25781855381165925
2.7223892211914062; 0.2688129484304933
2.745739459991455; 0.25781855381165925
2.7613706588745117; 0.2688129484304933
2.7794268131256104; 0.27980734304932736
2.796384334564209; 0.4887008408071749
2.8106980323791504; 0.8185326793721973
2.824798822402954; 1.0933925448430493
2.842154026031494; 1.324274831838565
2.8627192974090576; 1.5771459080717487
2.877032995223999; 1.7200730381165918
2.8913609981536865; 1.884988957399103
2.9099552631378174; 2.016921692825112
2.9286108016967773; 2.5226638452914796
2.9498023986816406; 3.105366760089686
2.97127628326416; 3.7760248318385647
2.9857699871063232; 4.105856670403587
3.0004234313964844; 4.5126492713004485
3.0168871879577637; 4.919441872197309
3.035659074783325; 5.348223262331838
3.0748257637023926; 6.194791647982063
3.0935826301574707; 6.29374119955157
3.1060543060302734; 6.711528195067265
3.118572473526001; 7.0303656390134535
3.13154935836792; 7.3711918721973095
3.145721912384033; 7.701023710762332
3.160539150238037; 7.953894786995516
3.174311637878418; 8.15179389013453
3.192439556121826; 8.514608912556055
3.212285280227661; 9.086317432735427
3.225562572479248; 9.460126849775785
3.245079278945923; 9.702003531390135
3.2578859329223633; 9.866919450672647
3.2777464389801025; 10.086807343049328
3.2909603118896484; 10.207745683856503
3.3044328689575195; 10.163768105381166
3.317946672439575; 10.11979052690583
3.337094306945801; 10.141779316143499
3.3513312339782715; 10.1747625
3.369096040725708; 10.042829764573991
3.38603138923645; 10.020840975336323
3.4008049964904785; 10.097801737668162
3.4148497581481934; 10.108796132286995
3.4287147521972656; 10.042829764573991
3.4498908519744873; 9.98785779147982
3.468923330307007; 10.042829764573991
3.4920482635498047; 10.020840975336323
3.5117456912994385; 10.031835369955157
3.525653123855591; 9.976863396860987
3.5396344661712646; 10.075812948430494
3.5538442134857178; 10.108796132286995
3.570293426513672; 10.031835369955157
3.585838556289673; 9.965869002242153
3.601149320602417; 9.921891423766816
3.620274543762207; 9.866919450672647
3.64199161529541; 9.866919450672647
3.6545631885528564; 9.888908239910315
3.667652130126953; 9.855925056053811
3.6807632446289062; 9.82294187219731
3.693974494934082; 9.855925056053811
3.7073328495025635; 9.778964293721973
3.721815824508667; 9.789958688340807
3.7366247177124023; 9.80095308295964
3.7553906440734863; 9.723992320627802
3.77129864692688; 9.680014742152467
3.7849020957946777; 9.669020347533632
3.8027334213256836; 9.570070795964126
3.820250988006592; 9.614048374439463
3.838411569595337; 9.680014742152467
3.853294849395752; 9.691009136771301
3.87113881111145; 9.680014742152467
3.8877668380737305; 9.614048374439463
3.9050188064575195; 9.658025952914798
3.922123670578003; 9.680014742152467
3.9415242671966553; 9.537087612107623
3.957566499710083; 9.504104428251122
3.976999521255493; 9.559076401345292
3.9908504486083984; 9.482115639013454
4.010512351989746; 9.41614927130045
4.0290586948394775; 9.317199719730942
4.046448707580566; 9.185266984304933
4.0628721714019775; 8.833446356502243
4.08138370513916; 8.547592096412556
4.101170063018799; 8.26173783632287
4.116065263748169; 7.942900392376682
4.1351401805877686; 7.3711918721973095
4.150909423828125; 6.6455618273542605
4.176037788391113; 4.776514742152466
4.18856954574585; 3.622103307174888
4.20173716545105; 2.533658239910314
4.214244604110718; 1.610129091928251
4.227510213851929; 0.8405214686098655
4.247232675552368; 0.27980734304932736
4.266257047653198; 0.2688129484304933
4.286958694458008; 0.2688129484304933
4.30412745475769; 0.25781855381165925
4.319134712219238; 0.2688129484304933
4.336759805679321; 0.2688129484304933
4.350655794143677; 0.2688129484304933
4.367830038070679; 0.2688129484304933
4.381849050521851; 0.2688129484304933
4.399652719497681; 0.25781855381165925
4.416543006896973; 0.2688129484304933
4.431650638580322; 0.25781855381165925
4.447085857391357; 0.25781855381165925
4.463953256607056; 0.2688129484304933
4.479226112365723; 0.25781855381165925
4.49664568901062; 0.25781855381165925
4.512928485870361; 0.25781855381165925
4.529678821563721; 0.25781855381165925
4.549026727676392; 0.25781855381165925
4.5667290687561035; 0.25781855381165925
4.583471775054932; 0.2688129484304933
4.597131967544556; 0.25781855381165925
4.615245819091797; 0.2688129484304933
4.630661487579346; 0.25781855381165925
4.654537677764893; 0.2688129484304933
4.669203996658325; 0.25781855381165925
4.682353258132935; 0.2688129484304933
4.694904088973999; 0.25781855381165925
4.708256006240845; 0.25781855381165925
4.721494913101196; 0.2688129484304933
4.738913536071777; 0.25781855381165925
4.755056142807007; 0.25781855381165925
4.772193193435669; 0.25781855381165925
4.787255048751831; 0.2688129484304933
4.80428147315979; 0.25781855381165925
4.8205084800720215; 0.2688129484304933
4.83845067024231; 0.25781855381165925
4.854029417037964; 0.2688129484304933
4.869302988052368; 0.25781855381165925
4.883218765258789; 0.2688129484304933
4.901086807250977; 0.25781855381165925
4.919923782348633; 0.2688129484304933
4.934530735015869; 0.25781855381165925
4.950597047805786; 0.2688129484304933
4.967962980270386; 0.25781855381165925
4.982592582702637; 0.25781855381165925
4.999687910079956; 0.25781855381165925
5.01939058303833; 0.2688129484304933
5.041024446487427; 0.2688129484304933
5.060381889343262; 0.25781855381165925
5.079818964004517; 0.2688129484304933
5.094256162643433; 0.2688129484304933
5.1113669872283936; 0.2688129484304933
5.1271653175354; 0.2688129484304933
5.153214454650879; 0.2688129484304933
5.165825843811035; 0.25781855381165925
5.179974317550659; 0.25781855381165925
5.192474603652954; 0.25781855381165925
5.20572829246521; 0.2688129484304933
5.218875169754028; 0.25781855381165925
5.2319746017456055; 0.2688129484304933
5.253386497497559; 0.2688129484304933
5.267690658569336; 0.25781855381165925
5.287431955337524; 0.2688129484304933
5.3053600788116455; 0.25781855381165925
5.320008993148804; 0.2688129484304933
5.3371875286102295; 0.25781855381165925
5.354413032531738; 0.25781855381165925
5.367565870285034; 0.2688129484304933
5.383706331253052; 0.2688129484304933
5.400527238845825; 0.2688129484304933
5.419840574264526; 0.25781855381165925
5.434486627578735; 0.2688129484304933
5.455075979232788; 0.25781855381165925
5.474339246749878; 0.2688129484304933
5.487879991531372; 0.25781855381165925
5.501492261886597; 0.2688129484304933
5.5179283618927; 0.25781855381165925
5.536542892456055; 0.25781855381165925
5.559255123138428; 0.25781855381165925
5.578388690948486; 0.2688129484304933
5.593207359313965; 0.25781855381165925
5.610006093978882; 0.25781855381165925
5.624858856201172; 0.25781855381165925
5.643515348434448; 0.25781855381165925
5.665318250656128; 0.2688129484304933
5.6781980991363525; 0.25781855381165925
5.690649032592773; 0.25781855381165925
5.703175067901611; 0.2688129484304933
5.716452360153198; 0.25781855381165925
5.729773044586182; 0.25781855381165925
5.74271035194397; 0.2688129484304933
5.757110834121704; 0.25781855381165925
5.770709276199341; 0.2688129484304933
5.790534257888794; 0.25781855381165925
5.809283256530762; 0.2688129484304933
5.824404239654541; 0.25781855381165925
5.841351509094238; 0.25781855381165925
5.857768297195435; 0.25781855381165925
5.871733903884888; 0.25781855381165925
5.886136293411255; 0.2688129484304933
5.902938365936279; 0.2688129484304933
5.922487258911133; 0.25781855381165925
5.936756610870361; 0.2688129484304933
5.956986427307129; 0.25781855381165925
5.9758148193359375; 0.25781855381165925
5.9911675453186035; 0.2688129484304933
6.006566286087036; 0.2688129484304933
6.030970096588135; 0.25781855381165925
6.047625541687012; 0.25781855381165925
6.070307493209839; 0.2688129484304933
6.090522766113281; 0.2688129484304933
6.104042291641235; 0.2688129484304933
6.117602109909058; 0.2688129484304933
6.134549617767334; 0.25781855381165925
6.150733470916748; 0.25781855381165925
6.174520254135132; 0.25781855381165925
6.190359830856323; 0.2688129484304933
6.203131437301636; 0.25781855381165925
6.215745687484741; 0.2688129484304933
6.229262351989746; 0.25781855381165925
6.2441558837890625; 0.2688129484304933
6.258549451828003; 0.25781855381165925
6.272879123687744; 0.2688129484304933
6.288631200790405; 0.2688129484304933
6.30317759513855; 0.25781855381165925
6.3176610469818115; 0.2688129484304933
6.332900524139404; 0.2688129484304933
6.348755121231079; 0.25781855381165925
6.363730430603027; 0.2688129484304933
6.377354860305786; 0.25781855381165925
6.391052484512329; 0.2688129484304933
6.408215045928955; 0.25781855381165925
6.423869371414185; 0.25781855381165925
6.442940950393677; 0.25781855381165925
6.459455251693726; 0.25781855381165925
6.476884126663208; 0.2688129484304933
6.4959716796875; 0.25781855381165925
6.514504432678223; 0.25781855381165925
6.528041839599609; 0.2688129484304933
6.547163963317871; 0.25781855381165925
6.569194316864014; 0.25781855381165925
6.587719678878784; 0.2688129484304933
6.60664701461792; 0.25781855381165925
6.620554447174072; 0.2688129484304933
6.63507080078125; 0.25781855381165925
6.652425050735474; 0.2688129484304933
6.6678786277771; 0.25781855381165925
6.69230055809021; 0.25781855381165925
6.7077412605285645; 0.2688129484304933
6.720252990722656; 0.2688129484304933
6.733472108840942; 0.25781855381165925
6.748375654220581; 0.25781855381165925
6.764840841293335; 0.2688129484304933
6.77933669090271; 0.2688129484304933
6.792811632156372; 0.25781855381165925
6.814144134521484; 0.2688129484304933
6.832056999206543; 0.25781855381165925
6.847109794616699; 0.25781855381165925
6.864945650100708; 0.25781855381165925
6.8820977210998535; 0.25781855381165925
6.9001994132995605; 0.2688129484304933
6.915268421173096; 0.2688129484304933
6.932662010192871; 0.2688129484304933
6.949977159500122; 0.25781855381165925
6.966388702392578; 0.2688129484304933
6.991540431976318; 0.25781855381165925
7.006451845169067; 0.2688129484304933
7.0233330726623535; 0.25781855381165925
7.037032604217529; 0.2688129484304933
7.052371263504028; 0.2688129484304933
7.072507858276367; 0.25781855381165925
7.091665267944336; 0.2688129484304933
7.109691619873047; 0.2688129484304933
7.140331983566284; 0.25781855381165925
7.154852867126465; 0.25781855381165925
7.175296306610107; 0.2688129484304933
7.1969664096832275; 0.2688129484304933
7.220496416091919; 0.25781855381165925
7.236877202987671; 0.25781855381165925
7.252206087112427; 0.25781855381165925
7.275366306304932; 0.25781855381165925
7.287998914718628; 0.25781855381165925
7.300557613372803; 0.25781855381165925
7.3131608963012695; 0.25781855381165925
7.326413869857788; 0.2688129484304933
7.341695785522461; 0.25781855381165925
7.35606837272644; 0.25781855381165925
7.369285345077515; 0.2688129484304933
7.390404462814331; 0.2688129484304933
7.407699346542358; 0.2688129484304933
7.425323009490967; 0.27980734304932736
7.442501783370972; 0.25781855381165925
7.458784341812134; 0.25781855381165925
7.4721667766571045; 0.25781855381165925
7.487885475158691; 0.25781855381165925
7.507410526275635; 0.25781855381165925
7.525861978530884; 0.25781855381165925
7.540435791015625; 0.25781855381165925
7.564733505249023; 0.2688129484304933
7.5862648487091064; 0.25781855381165925
7.600943565368652; 0.25781855381165925
7.614599227905273; 0.2688129484304933
7.629946231842041; 0.2688129484304933
7.650854110717773; 0.2688129484304933
7.668400526046753; 0.2688129484304933
7.687392950057983; 0.25781855381165925
7.706506252288818; 0.25781855381165925
7.720032215118408; 0.25781855381165925
7.7342071533203125; 0.2688129484304933
7.751947641372681; 0.2688129484304933
7.7679054737091064; 0.2688129484304933
7.794212341308594; 0.25781855381165925
7.807394981384277; 0.25781855381165925
7.819875478744507; 0.25781855381165925
7.833081245422363; 0.2688129484304933
7.846348524093628; 0.25781855381165925
7.862351417541504; 0.2688129484304933
7.878661155700684; 0.25781855381165925
7.893810033798218; 0.2688129484304933
7.912587881088257; 0.25781855381165925
7.9302978515625; 0.2688129484304933
7.94613242149353; 0.2688129484304933
7.96052885055542; 0.25781855381165925
7.9786598682403564; 0.2688129484304933
7.997126340866089; 0.25781855381165925
8.011699676513672; 0.2688129484304933
8.029827356338501; 0.25781855381165925
8.049193143844604; 0.2688129484304933
8.06480360031128; 0.25781855381165925
8.080509185791016; 0.2688129484304933
8.099332809448242; 0.2688129484304933
8.124134302139282; 0.25781855381165925
8.141470193862915; 0.2688129484304933
8.159861326217651; 0.25781855381165925
8.18019151687622; 0.2688129484304933
8.205691814422607; 0.25781855381165925
8.221317529678345; 0.2688129484304933
8.238593339920044; 0.25781855381165925
8.258238554000854; 0.2688129484304933
8.277974128723145; 0.25781855381165925
8.292651653289795; 0.25781855381165925
8.307528734207153; 0.2688129484304933
8.330087900161743; 0.2688129484304933
8.346424102783203; 0.2688129484304933
8.369125604629517; 0.25781855381165925
8.382307291030884; 0.25781855381165925
8.395551681518555; 0.25781855381165925
8.409858226776123; 0.25781855381165925
8.424260139465332; 0.2688129484304933
8.440201997756958; 0.25781855381165925
8.458919048309326; 0.2688129484304933
8.473016262054443; 0.25781855381165925
8.485811710357666; 0.2688129484304933
8.503578662872314; 0.25781855381165925
8.521219968795776; 0.2688129484304933
8.53886365890503; 0.2688129484304933
8.556518077850342; 0.25781855381165925
8.56965160369873; 0.25781855381165925
8.585190773010254; 0.25781855381165925
8.602340936660767; 0.25781855381165925
8.623258352279663; 0.25781855381165925
8.637491941452026; 0.2688129484304933
8.653874635696411; 0.2688129484304933
8.670501232147217; 0.2688129484304933
8.691383600234985; 0.2688129484304933
8.704857349395752; 0.25781855381165925
8.723585605621338; 0.25781855381165925
8.745349407196045; 0.2688129484304933
8.764073371887207; 0.25781855381165925
8.783442974090576; 0.25781855381165925
8.802374839782715; 0.25781855381165925
8.82475471496582; 0.25781855381165925
8.84548544883728; 0.2688129484304933
8.866355657577515; 0.2688129484304933
8.87949013710022; 0.25781855381165925
8.892626762390137; 0.25781855381165925
8.907167673110962; 0.2688129484304933
8.92053484916687; 0.25781855381165925
8.938511371612549; 0.25781855381165925
8.953115463256836; 0.25781855381165925
8.966488122940063; 0.2688129484304933
8.984089612960815; 0.25781855381165925
9.001981019973755; 0.25781855381165925
9.016536235809326; 0.25781855381165925
9.033936738967896; 0.25781855381165925
9.050337076187134; 0.24682415919282513
9.065414667129517; 0.2688129484304933
9.08001160621643; 0.25781855381165925
9.106643199920654; 0.25781855381165925
9.12452745437622; 0.25781855381165925
9.139307260513306; 0.25781855381165925
9.16066288948059; 0.25781855381165925
9.19736123085022; 0.2688129484304933
9.215052604675293; 0.2688129484304933
9.234087467193604; 0.25781855381165925
9.258158445358276; 0.25781855381165925
9.277018785476685; 0.2688129484304933
9.290578603744507; 0.25781855381165925
9.306067705154419; 0.25781855381165925
9.320011854171753; 0.2688129484304933
9.340492248535156; 0.2688129484304933
9.356442213058472; 0.2688129484304933
9.379230737686157; 0.25781855381165925
9.392446041107178; 0.2688129484304933
9.405710697174072; 0.25781855381165925
9.419371604919434; 0.25781855381165925
9.43840503692627; 0.25781855381165925
9.457484245300293; 0.25781855381165925
9.471296310424805; 0.2688129484304933
9.492370367050171; 0.2688129484304933
9.51074504852295; 0.25781855381165925
9.529071569442749; 0.25781855381165925
9.547666549682617; 0.25781855381165925
9.564552068710327; 0.2688129484304933
9.58159351348877; 0.25781855381165925
9.59592580795288; 0.25781855381165925
9.61535930633545; 0.25781855381165925
9.63157868385315; 0.2688129484304933
9.654375314712524; 0.2688129484304933
9.674652338027954; 0.2688129484304933
9.69284462928772; 0.25781855381165925
9.707206010818481; 0.2688129484304933
9.72067379951477; 0.25781855381165925
9.735960721969604; 0.25781855381165925
9.757173776626587; 0.2688129484304933
9.77678656578064; 0.2688129484304933
9.791003942489624; 0.25781855381165925
9.806833505630493; 0.25781855381165925
9.824836254119873; 0.25781855381165925
9.840203285217285; 0.25781855381165925
9.863977193832397; 0.25781855381165925
9.884781837463379; 0.25781855381165925
9.91386103630066; 0.25781855381165925
9.927969455718994; 0.2688129484304933
9.941165447235107; 0.2688129484304933
9.955052375793457; 0.25781855381165925
9.971981763839722; 0.25781855381165925
9.987427473068237; 0.2688129484304933
10.011938333511353; 0.25781855381165925
10.025541543960571; 0.2688129484304933
10.045188188552856; 0.25781855381165925
10.063657999038696; 0.25781855381165925
10.076780557632446; 0.25781855381165925
10.09566044807434; 0.2688129484304933
10.109811544418335; 0.25781855381165925
10.127609491348267; 0.2688129484304933
10.145986557006836; 0.25781855381165925
10.163069248199463; 0.25781855381165925
10.177325010299683; 0.2688129484304933
10.193946361541748; 0.25781855381165925
10.212496995925903; 0.25781855381165925
10.229025840759277; 0.25781855381165925
10.24765157699585; 0.2688129484304933
10.261592626571655; 0.25781855381165925
10.277971744537354; 0.25781855381165925
10.29409384727478; 0.25781855381165925
10.313997268676758; 0.25781855381165925
10.331019163131714; 0.25781855381165925
10.346060991287231; 0.25781855381165925
10.359995126724243; 0.25781855381165925
10.378344058990479; 0.25781855381165925
10.39354681968689; 0.2688129484304933
10.419263362884521; 0.2688129484304933
10.431794881820679; 0.2688129484304933
10.445055484771729; 0.25781855381165925
10.45754885673523; 0.2688129484304933
10.470702171325684; 0.24682415919282513
