-0.27467419099957624; 0.4337288677130045
-0.27467419099957624; 0.4337288677130045
-0.27467419099957624; 0.4337288677130045
-0.27467419099957624; 0.4337288677130045
-0.27467419099957624; 0.4337288677130045
-0.27467419099957624; 0.4337288677130045
-0.27467419099957624; 0.4337288677130045
-0.27467419099957624; 0.4337288677130045
-0.27467419099957624; 0.4337288677130045
-0.27467419099957624; 0.4337288677130045
-0.27467419099957624; 0.4337288677130045
-0.27467419099957624; 0.4337288677130045
-0.27467419099957624; 0.4337288677130045
-0.27467419099957624; 0.4337288677130045
-0.27467419099957624; 0.4337288677130045
-0.27467419099957624; 0.4337288677130045
-0.27467419099957624; 0.4337288677130045
-0.27467419099957624; 0.4337288677130045
-0.27467419099957624; 0.4337288677130045
-0.27467419099957624; 0.4337288677130045
-0.27467419099957624; 0.4337288677130045
-0.27467419099957624; 0.4337288677130045
-0.27467419099957624; 0.4337288677130045
-0.27467419099957624; 0.4337288677130045
-0.27467419099957624; 0.4337288677130045
-0.27467419099957624; 0.4337288677130045
-0.27467419099957624; 0.4337288677130045
-0.27467419099957624; 0.4337288677130045
-0.27467419099957624; 0.4337288677130045
-0.27467419099957624; 0.4337288677130045
-0.27467419099957624; 0.4337288677130045
-0.27467419099957624; 0.4337288677130045
-0.27467419099957624; 0.4337288677130045
-0.27467419099957624; 0.44472326233183856
-0.27467419099957624; 0.4337288677130045
-0.27467419099957624; 0.4337288677130045
-0.27467419099957624; 0.4337288677130045
-0.27467419099957624; 0.4337288677130045
-0.27467419099957624; 0.4337288677130045
-0.27467419099957624; 0.4337288677130045
-0.27467419099957624; 0.4337288677130045
-0.27467419099957624; 0.4337288677130045
-0.27467419099957624; 0.4337288677130045
-0.27467419099957624; 0.4337288677130045
-0.27467419099957624; 0.4337288677130045
-0.27467419099957624; 0.4337288677130045
-0.27467419099957624; 0.4337288677130045
-0.27467419099957624; 0.4337288677130045
-0.27467419099957624; 0.4337288677130045
-0.27467419099957624; 0.4337288677130045
-0.27467419099957624; 0.4337288677130045
-0.27467419099957624; 0.4337288677130045
-0.27467419099957624; 0.4337288677130045
-0.27467419099957624; 0.4337288677130045
-0.27467419099957624; 0.4337288677130045
-0.27467419099957624; 0.4337288677130045
-0.27467419099957624; 0.4337288677130045
-0.27467419099957624; 0.4337288677130045
-0.27467419099957624; 0.4337288677130045
-0.27467419099957624; 0.4337288677130045
-0.27467419099957624; 0.4337288677130045
-0.27467419099957624; 0.4337288677130045
-0.27467419099957624; 0.4337288677130045
-0.27467419099957624; 0.4337288677130045
-0.27467419099957624; 0.4337288677130045
-0.27467419099957624; 0.4337288677130045
-0.27467419099957624; 0.4337288677130045
-0.27467419099957624; 0.4337288677130045
-0.27467419099957624; 0.4337288677130045
-0.27467419099957624; 0.4337288677130045
-0.27467419099957624; 0.4337288677130045
-0.27467419099957624; 0.4337288677130045
-0.27467419099957624; 0.4337288677130045
-0.27467419099957624; 0.4337288677130045
-0.27467419099957624; 0.4337288677130045
-0.27467419099957624; 0.4337288677130045
-0.27467419099957624; 0.4337288677130045
-0.27467419099957624; 0.4337288677130045
-0.27467419099957624; 0.4337288677130045
-0.27467419099957624; 0.4337288677130045
-0.27467419099957624; 0.4337288677130045
-0.27467419099957624; 0.4337288677130045
-0.27467419099957624; 0.4337288677130045
-0.27467419099957624; 0.4337288677130045
-0.27467419099957624; 0.4337288677130045
-0.27467419099957624; 0.4337288677130045
-0.27467419099957624; 0.4337288677130045
-0.27467419099957624; 0.4337288677130045
-0.27467419099957624; 0.4337288677130045
-0.27467419099957624; 0.4337288677130045
-0.27467419099957624; 0.4337288677130045
-0.27467419099957624; 0.44472326233183856
-0.27467419099957624; 0.4337288677130045
-0.27467419099957624; 0.4337288677130045
-0.27467419099957624; 0.4337288677130045
-0.27467419099957624; 0.4337288677130045
-0.27467419099957624; 0.4337288677130045
-0.27467419099957624; 0.4337288677130045
-0.27467419099957624; 0.4337288677130045
-0.27467419099957624; 0.4337288677130045
-0.27467419099957624; 0.4337288677130045
-0.27467419099957624; 0.4337288677130045
-0.27467419099957624; 0.4337288677130045
-0.27467419099957624; 0.4337288677130045
-0.27467419099957624; 0.4337288677130045
-0.27467419099957624; 0.4337288677130045
-0.27467419099957624; 0.4337288677130045
-0.27467419099957624; 0.4337288677130045
-0.27467419099957624; 0.4337288677130045
-0.27467419099957624; 0.4337288677130045
-0.27467419099957624; 0.4337288677130045
-0.27467419099957624; 0.4337288677130045
-0.27467419099957624; 0.4337288677130045
-0.27467419099957624; 0.4337288677130045
-0.27467419099957624; 0.4337288677130045
-0.27467419099957624; 0.4337288677130045
0.7253258090004238; 0.4337288677130045
0.7253258090004238; 0.4337288677130045
0.7253258090004238; 0.4337288677130045
0.7253258090004238; 0.4337288677130045
0.7253258090004238; 0.4337288677130045
0.7253258090004238; 0.4337288677130045
0.7253258090004238; 0.4337288677130045
0.7253258090004238; 0.4337288677130045
0.7253258090004238; 0.4337288677130045
0.7253258090004238; 0.4337288677130045
0.7253258090004238; 0.4337288677130045
0.7253258090004238; 0.42273447309417045
0.7253258090004238; 0.4337288677130045
0.7253258090004238; 0.4337288677130045
0.7253258090004238; 0.4337288677130045
0.7253258090004238; 0.4337288677130045
0.7253258090004238; 0.4337288677130045
0.7253258090004238; 0.4337288677130045
0.7253258090004238; 0.4337288677130045
0.7253258090004238; 0.4337288677130045
0.7253258090004238; 0.4337288677130045
0.7253258090004238; 0.4337288677130045
0.7253258090004238; 0.4337288677130045
0.7253258090004238; 0.4337288677130045
0.7253258090004238; 0.4337288677130045
0.7253258090004238; 0.4337288677130045
0.7253258090004238; 0.4337288677130045
0.7253258090004238; 0.4337288677130045
0.7253258090004238; 0.4337288677130045
0.7253258090004238; 0.4337288677130045
0.7253258090004238; 0.4337288677130045
0.7253258090004238; 0.4337288677130045
0.7253258090004238; 0.4337288677130045
0.7253258090004238; 0.4337288677130045
0.7253258090004238; 0.4337288677130045
0.7253258090004238; 0.4337288677130045
0.7253258090004238; 0.4337288677130045
0.7253258090004238; 0.4337288677130045
0.7253258090004238; 0.4337288677130045
0.7253258090004238; 0.44472326233183856
0.7253258090004238; 0.4337288677130045
0.7253258090004238; 0.4337288677130045
0.7253258090004238; 0.4337288677130045
0.7253258090004238; 0.4337288677130045
0.7253258090004238; 0.4337288677130045
0.7253258090004238; 0.4337288677130045
0.7253258090004238; 0.4337288677130045
0.7253258090004238; 0.4337288677130045
0.7253258090004238; 0.42273447309417045
0.7253258090004238; 0.4337288677130045
0.7253258090004238; 0.4337288677130045
0.7253258090004238; 0.4337288677130045
0.7253258090004238; 0.4337288677130045
0.7253258090004238; 0.4337288677130045
0.7253258090004238; 0.4337288677130045
0.7253258090004238; 0.4337288677130045
0.7253258090004238; 0.4337288677130045
0.7253258090004238; 0.4337288677130045
0.7253258090004238; 0.4337288677130045
0.7253258090004238; 0.4337288677130045
0.7253258090004238; 0.4337288677130045
0.7253258090004238; 0.4337288677130045
0.7253258090004238; 0.4337288677130045
0.7253258090004238; 0.4337288677130045
0.7253258090004238; 0.4337288677130045
0.7253258090004238; 0.4337288677130045
0.7253258090004238; 0.4337288677130045
0.7253258090004238; 0.4337288677130045
0.7253258090004238; 0.4337288677130045
0.7253258090004238; 0.4337288677130045
0.7253258090004238; 0.4337288677130045
0.7253258090004238; 0.4337288677130045
0.7253258090004238; 0.4337288677130045
0.7253258090004238; 0.44472326233183856
0.7253258090004238; 0.4337288677130045
0.7253258090004238; 0.4337288677130045
0.7253258090004238; 0.4337288677130045
0.7253258090004238; 0.4337288677130045
0.7253258090004238; 0.4337288677130045
0.7253258090004238; 0.4337288677130045
0.7253258090004238; 0.4337288677130045
0.7253258090004238; 0.4337288677130045
0.7253258090004238; 0.4337288677130045
0.7253258090004238; 0.44472326233183856
0.7253258090004238; 0.4337288677130045
0.7253258090004238; 0.4337288677130045
0.7253258090004238; 0.4337288677130045
0.7253258090004238; 0.4337288677130045
0.7253258090004238; 0.4337288677130045
0.7253258090004238; 0.4337288677130045
0.7253258090004238; 0.4337288677130045
0.7253258090004238; 0.4337288677130045
0.7253258090004238; 0.4337288677130045
0.7253258090004238; 0.4337288677130045
0.7253258090004238; 0.4337288677130045
0.7253258090004238; 0.4337288677130045
0.7253258090004238; 0.4337288677130045
0.7253258090004238; 0.4337288677130045
0.7253258090004238; 0.4337288677130045
0.7253258090004238; 0.4337288677130045
0.7253258090004238; 0.4337288677130045
0.7253258090004238; 0.4337288677130045
0.7253258090004238; 0.4337288677130045
0.7253258090004238; 0.4337288677130045
0.7253258090004238; 0.4337288677130045
0.7253258090004238; 0.4337288677130045
0.7253258090004238; 0.4337288677130045
0.7253258090004238; 0.4337288677130045
0.7253258090004238; 0.4337288677130045
0.7253258090004238; 0.4337288677130045
0.7253258090004238; 0.4337288677130045
0.7253258090004238; 0.4337288677130045
0.7253258090004238; 0.4337288677130045
0.7253258090004238; 0.4337288677130045
0.7253258090004238; 0.4337288677130045
0.7253258090004238; 0.4337288677130045
0.7253258090004238; 0.4337288677130045
0.7253258090004238; 0.4337288677130045
0.7253258090004238; 0.4337288677130045
0.7253258090004238; 0.4337288677130045
0.7253258090004238; 0.4337288677130045
0.7253258090004238; 0.4337288677130045
0.7253258090004238; 0.4337288677130045
0.7253258090004238; 0.4337288677130045
0.7253258090004238; 0.4337288677130045
0.7253258090004238; 0.4337288677130045
0.7253258090004238; 0.4337288677130045
0.7253258090004238; 0.4337288677130045
0.7253258090004238; 0.4337288677130045
0.7253258090004238; 0.4337288677130045
0.7253258090004238; 0.4337288677130045
0.7253258090004238; 0.4337288677130045
0.7253258090004238; 0.4337288677130045
0.7253258090004238; 0.4337288677130045
0.7253258090004238; 0.4337288677130045
0.7253258090004238; 0.4337288677130045
0.7253258090004238; 0.4337288677130045
0.7253258090004238; 0.4337288677130045
0.7253258090004238; 0.4337288677130045
0.7253258090004238; 0.4337288677130045
0.7253258090004238; 0.4337288677130045
0.7253258090004238; 0.4337288677130045
0.7253258090004238; 0.42273447309417045
0.7253258090004238; 0.42273447309417045
0.7253258090004238; 0.42273447309417045
0.7253258090004238; 0.4337288677130045
0.7253258090004238; 0.4337288677130045
0.7253258090004238; 0.4337288677130045
0.7253258090004238; 0.4337288677130045
0.7253258090004238; 0.4337288677130045
0.7253258090004238; 0.4337288677130045
0.7253258090004238; 0.4337288677130045
0.7253258090004238; 0.4337288677130045
0.7253258090004238; 0.4337288677130045
0.7253258090004238; 0.4337288677130045
0.7253258090004238; 0.4337288677130045
0.7253258090004238; 0.4337288677130045
0.7253258090004238; 0.4337288677130045
0.7253258090004238; 0.4337288677130045
0.7253258090004238; 0.4337288677130045
0.7253258090004238; 0.4337288677130045
0.7253258090004238; 0.4337288677130045
0.7253258090004238; 0.4337288677130045
0.7253258090004238; 0.4337288677130045
0.7253258090004238; 0.4337288677130045
0.7253258090004238; 0.4337288677130045
0.7253258090004238; 0.4337288677130045
0.7253258090004238; 0.4337288677130045
0.7253258090004238; 0.4337288677130045
0.7253258090004238; 0.4337288677130045
0.7253258090004238; 0.4337288677130045
0.7253258090004238; 0.4337288677130045
0.7253258090004238; 0.4337288677130045
0.7253258090004238; 0.4337288677130045
0.7253258090004238; 0.4337288677130045
0.7253258090004238; 0.4337288677130045
0.7253258090004238; 0.4337288677130045
0.7253258090004238; 0.4337288677130045
0.7253258090004238; 0.4337288677130045
0.7253258090004238; 0.4337288677130045
0.7253258090004238; 0.4337288677130045
1.7253258090004238; 0.4337288677130045
1.7253258090004238; 0.4337288677130045
1.7253258090004238; 0.4337288677130045
1.7253258090004238; 0.4337288677130045
1.7253258090004238; 0.4337288677130045
1.7253258090004238; 0.4337288677130045
1.7253258090004238; 0.4337288677130045
1.7253258090004238; 0.4337288677130045
1.7253258090004238; 0.4337288677130045
1.7253258090004238; 0.4337288677130045
1.7253258090004238; 0.4337288677130045
1.7253258090004238; 0.4337288677130045
1.7253258090004238; 0.4337288677130045
1.7253258090004238; 0.4337288677130045
1.7253258090004238; 0.4337288677130045
1.7253258090004238; 0.4337288677130045
1.7253258090004238; 0.4337288677130045
1.7253258090004238; 0.4337288677130045
1.7253258090004238; 0.4337288677130045
1.7253258090004238; 0.4337288677130045
1.7253258090004238; 0.4337288677130045
1.7253258090004238; 0.4337288677130045
1.7253258090004238; 0.4337288677130045
1.7253258090004238; 0.4337288677130045
1.7253258090004238; 0.4337288677130045
1.7253258090004238; 0.4337288677130045
1.7253258090004238; 0.4337288677130045
1.7253258090004238; 0.4337288677130045
1.7253258090004238; 0.4337288677130045
1.7253258090004238; 0.4337288677130045
1.7253258090004238; 0.4337288677130045
1.7253258090004238; 0.4337288677130045
1.7253258090004238; 0.4337288677130045
1.7253258090004238; 0.4337288677130045
1.7253258090004238; 0.4337288677130045
1.7253258090004238; 0.4337288677130045
1.7253258090004238; 0.4337288677130045
1.7253258090004238; 0.4337288677130045
1.7253258090004238; 0.4337288677130045
1.7253258090004238; 0.4337288677130045
1.7253258090004238; 0.4337288677130045
1.7253258090004238; 0.4337288677130045
1.7253258090004238; 0.4337288677130045
1.7253258090004238; 0.4337288677130045
1.7253258090004238; 0.4337288677130045
1.7253258090004238; 0.4337288677130045
1.7253258090004238; 0.4337288677130045
1.7253258090004238; 0.42273447309417045
1.7253258090004238; 0.4337288677130045
1.7253258090004238; 0.4337288677130045
1.7253258090004238; 0.4337288677130045
1.7253258090004238; 0.4337288677130045
1.7253258090004238; 0.4337288677130045
1.7253258090004238; 0.4337288677130045
1.7253258090004238; 0.4337288677130045
1.7253258090004238; 0.4337288677130045
1.7253258090004238; 0.4337288677130045
1.7253258090004238; 0.4337288677130045
1.7253258090004238; 0.42273447309417045
1.7253258090004238; 0.4337288677130045
1.7253258090004238; 0.4337288677130045
1.7253258090004238; 0.4337288677130045
1.7253258090004238; 0.4337288677130045
1.7253258090004238; 0.4337288677130045
1.7253258090004238; 0.4337288677130045
1.7253258090004238; 0.4337288677130045
1.7253258090004238; 0.4337288677130045
1.7253258090004238; 0.4337288677130045
1.7253258090004238; 0.4337288677130045
1.7253258090004238; 0.4337288677130045
1.7253258090004238; 0.4337288677130045
1.7253258090004238; 0.4337288677130045
1.7253258090004238; 0.4337288677130045
1.7253258090004238; 0.4337288677130045
1.7253258090004238; 0.4337288677130045
1.7253258090004238; 0.4337288677130045
1.7253258090004238; 0.4337288677130045
1.7253258090004238; 0.4337288677130045
1.7253258090004238; 0.4337288677130045
1.7253258090004238; 0.4337288677130045
1.7253258090004238; 0.4337288677130045
1.7253258090004238; 0.4337288677130045
1.7253258090004238; 0.4337288677130045
1.7253258090004238; 0.44472326233183856
1.7253258090004238; 0.4337288677130045
1.7253258090004238; 0.4337288677130045
1.7253258090004238; 0.4337288677130045
1.7253258090004238; 0.4337288677130045
1.7253258090004238; 0.4337288677130045
1.7253258090004238; 0.4337288677130045
1.7253258090004238; 0.4337288677130045
1.7253258090004238; 0.4337288677130045
1.7253258090004238; 0.4337288677130045
1.7253258090004238; 0.4337288677130045
1.7253258090004238; 0.4337288677130045
1.7253258090004238; 0.4337288677130045
1.7253258090004238; 0.4337288677130045
1.7253258090004238; 0.4337288677130045
1.7253258090004238; 0.4337288677130045
1.7253258090004238; 0.4337288677130045
1.7253258090004238; 0.4337288677130045
1.7253258090004238; 0.4337288677130045
1.7253258090004238; 0.4337288677130045
1.7253258090004238; 0.4337288677130045
1.7253258090004238; 0.4337288677130045
1.7253258090004238; 0.4337288677130045
1.7253258090004238; 0.4337288677130045
1.7253258090004238; 0.4337288677130045
1.7253258090004238; 0.42273447309417045
1.7253258090004238; 0.4337288677130045
1.7253258090004238; 0.44472326233183856
1.7253258090004238; 0.4337288677130045
1.7253258090004238; 0.4337288677130045
1.7253258090004238; 0.4337288677130045
1.7253258090004238; 0.4337288677130045
1.7253258090004238; 0.4337288677130045
1.7253258090004238; 0.4337288677130045
1.7253258090004238; 0.4337288677130045
1.7253258090004238; 0.4337288677130045
1.7253258090004238; 0.4337288677130045
1.7253258090004238; 0.4337288677130045
1.7253258090004238; 0.4337288677130045
1.7253258090004238; 0.4337288677130045
1.7253258090004238; 0.4337288677130045
1.7253258090004238; 0.4337288677130045
1.7253258090004238; 0.4337288677130045
1.7253258090004238; 0.4337288677130045
1.7253258090004238; 0.4337288677130045
1.7253258090004238; 0.4337288677130045
1.7253258090004238; 0.4337288677130045
1.7253258090004238; 0.4337288677130045
1.7253258090004238; 0.4337288677130045
1.7253258090004238; 0.4337288677130045
1.7253258090004238; 0.4337288677130045
1.7253258090004238; 0.4337288677130045
1.7253258090004238; 0.4337288677130045
1.7253258090004238; 0.4337288677130045
1.7253258090004238; 0.4337288677130045
1.7253258090004238; 0.4337288677130045
1.7253258090004238; 0.4337288677130045
1.7253258090004238; 0.4337288677130045
1.7253258090004238; 0.4337288677130045
1.7253258090004238; 0.4337288677130045
1.7253258090004238; 0.4337288677130045
1.7253258090004238; 0.4337288677130045
1.7253258090004238; 0.4337288677130045
1.7253258090004238; 0.42273447309417045
1.7253258090004238; 0.4337288677130045
1.7253258090004238; 0.4337288677130045
1.7253258090004238; 0.4337288677130045
1.7253258090004238; 0.4337288677130045
1.7253258090004238; 0.4337288677130045
1.7253258090004238; 0.4337288677130045
1.7253258090004238; 0.4337288677130045
1.7253258090004238; 0.4337288677130045
1.7253258090004238; 0.4337288677130045
1.7253258090004238; 0.4337288677130045
1.7253258090004238; 0.4337288677130045
1.7253258090004238; 0.4337288677130045
1.7253258090004238; 0.4337288677130045
1.7253258090004238; 0.4337288677130045
1.7253258090004238; 0.4337288677130045
1.7253258090004238; 0.4337288677130045
1.7253258090004238; 0.4337288677130045
1.7253258090004238; 0.4337288677130045
1.7253258090004238; 0.4337288677130045
1.7253258090004238; 0.4337288677130045
1.7253258090004238; 0.4337288677130045
1.7253258090004238; 0.4337288677130045
1.7253258090004238; 0.4337288677130045
1.7253258090004238; 0.4337288677130045
1.7253258090004238; 0.4337288677130045
1.7253258090004238; 0.4337288677130045
1.7253258090004238; 0.4337288677130045
1.7253258090004238; 0.4337288677130045
1.7253258090004238; 0.4337288677130045
1.7253258090004238; 0.4337288677130045
1.7253258090004238; 0.4337288677130045
1.7253258090004238; 0.4337288677130045
1.7253258090004238; 0.4337288677130045
1.7253258090004238; 0.4337288677130045
1.7253258090004238; 0.4337288677130045
1.7253258090004238; 0.4337288677130045
1.7253258090004238; 0.4337288677130045
1.7253258090004238; 0.4337288677130045
2.7253258090004238; 0.4337288677130045
2.7253258090004238; 0.4337288677130045
2.7253258090004238; 0.4337288677130045
2.7253258090004238; 0.4337288677130045
2.7253258090004238; 0.4337288677130045
2.7253258090004238; 0.4337288677130045
2.7253258090004238; 0.4337288677130045
2.7253258090004238; 0.4337288677130045
2.7253258090004238; 0.4337288677130045
2.7253258090004238; 0.4337288677130045
2.7253258090004238; 0.4337288677130045
2.7253258090004238; 0.4337288677130045
2.7253258090004238; 0.4337288677130045
2.7253258090004238; 0.4337288677130045
2.7253258090004238; 0.4337288677130045
2.7253258090004238; 0.4337288677130045
2.7253258090004238; 0.4337288677130045
2.7253258090004238; 0.4337288677130045
2.7253258090004238; 0.4337288677130045
2.7253258090004238; 0.4337288677130045
2.7253258090004238; 0.4337288677130045
2.7253258090004238; 0.4337288677130045
2.7253258090004238; 0.4337288677130045
2.7253258090004238; 0.4337288677130045
2.7253258090004238; 0.4337288677130045
2.7253258090004238; 0.4337288677130045
2.7253258090004238; 0.4337288677130045
2.7253258090004238; 0.4337288677130045
2.7253258090004238; 0.4337288677130045
2.7253258090004238; 0.4337288677130045
2.7253258090004238; 0.4337288677130045
2.7253258090004238; 0.4337288677130045
2.7253258090004238; 0.42273447309417045
2.7253258090004238; 0.4337288677130045
2.7253258090004238; 0.4337288677130045
2.7253258090004238; 0.4337288677130045
2.7253258090004238; 0.44472326233183856
2.7253258090004238; 0.4337288677130045
2.7253258090004238; 0.4337288677130045
2.7253258090004238; 0.4337288677130045
2.7253258090004238; 0.4337288677130045
2.7253258090004238; 0.4337288677130045
2.7253258090004238; 0.4337288677130045
2.7253258090004238; 0.4337288677130045
2.7253258090004238; 0.4337288677130045
2.7253258090004238; 0.4337288677130045
2.7253258090004238; 0.4337288677130045
2.7253258090004238; 0.4337288677130045
2.7253258090004238; 0.4337288677130045
2.7253258090004238; 0.4337288677130045
2.7253258090004238; 0.4337288677130045
2.7253258090004238; 0.4337288677130045
2.7253258090004238; 0.4337288677130045
2.7253258090004238; 0.4337288677130045
2.7253258090004238; 0.4337288677130045
2.7253258090004238; 0.4337288677130045
2.7253258090004238; 0.4337288677130045
2.7253258090004238; 0.4337288677130045
2.7253258090004238; 0.4337288677130045
2.7253258090004238; 0.4337288677130045
2.7253258090004238; 0.4337288677130045
2.7253258090004238; 0.4337288677130045
2.7253258090004238; 0.4337288677130045
2.7253258090004238; 0.4337288677130045
2.7253258090004238; 0.4337288677130045
2.7253258090004238; 0.4337288677130045
2.7253258090004238; 0.4337288677130045
2.7253258090004238; 0.4337288677130045
2.7253258090004238; 0.4337288677130045
2.7253258090004238; 0.4337288677130045
2.7253258090004238; 0.4337288677130045
2.7253258090004238; 0.4337288677130045
2.7253258090004238; 0.4337288677130045
2.7253258090004238; 0.4337288677130045
2.7253258090004238; 0.4337288677130045
2.7253258090004238; 0.4337288677130045
2.7253258090004238; 0.4337288677130045
2.7253258090004238; 0.4337288677130045
2.7253258090004238; 0.4337288677130045
2.7253258090004238; 0.4337288677130045
2.7253258090004238; 0.4337288677130045
2.7253258090004238; 0.4337288677130045
2.7253258090004238; 0.4337288677130045
2.7253258090004238; 0.4337288677130045
2.7253258090004238; 0.4337288677130045
2.7253258090004238; 0.4337288677130045
2.7253258090004238; 0.4337288677130045
2.7253258090004238; 0.4337288677130045
2.7253258090004238; 0.4337288677130045
2.7253258090004238; 0.4337288677130045
2.7253258090004238; 0.4337288677130045
2.7253258090004238; 0.4337288677130045
2.7253258090004238; 0.4337288677130045
2.7253258090004238; 0.4337288677130045
2.7253258090004238; 0.4337288677130045
2.7253258090004238; 0.4337288677130045
2.7253258090004238; 0.4337288677130045
2.7253258090004238; 0.4337288677130045
2.7253258090004238; 0.4337288677130045
2.7253258090004238; 0.4337288677130045
2.7253258090004238; 0.4337288677130045
2.7253258090004238; 0.4337288677130045
2.7253258090004238; 0.4337288677130045
2.7253258090004238; 0.4337288677130045
2.7253258090004238; 0.4337288677130045
2.7253258090004238; 0.4337288677130045
2.7253258090004238; 0.4337288677130045
2.7253258090004238; 0.4337288677130045
2.7253258090004238; 0.4337288677130045
2.7253258090004238; 0.4337288677130045
2.7253258090004238; 0.44472326233183856
2.7253258090004238; 0.4337288677130045
2.7253258090004238; 0.4337288677130045
2.7253258090004238; 0.4337288677130045
2.7253258090004238; 0.4337288677130045
2.7253258090004238; 0.4337288677130045
2.7253258090004238; 0.4337288677130045
2.7253258090004238; 0.4337288677130045
2.7253258090004238; 0.4337288677130045
2.7253258090004238; 0.4337288677130045
2.7253258090004238; 0.4337288677130045
2.7253258090004238; 0.4337288677130045
2.7253258090004238; 0.4337288677130045
2.7253258090004238; 0.4337288677130045
2.7253258090004238; 0.4337288677130045
2.7253258090004238; 0.4337288677130045
2.7253258090004238; 0.4337288677130045
2.7253258090004238; 0.4337288677130045
2.7253258090004238; 0.4337288677130045
2.7253258090004238; 0.4337288677130045
2.7253258090004238; 0.4337288677130045
2.7253258090004238; 0.4337288677130045
2.7253258090004238; 0.4337288677130045
2.7253258090004238; 0.4337288677130045
2.7253258090004238; 0.4337288677130045
2.7253258090004238; 0.4337288677130045
2.7253258090004238; 0.4337288677130045
2.7253258090004238; 0.4337288677130045
2.7253258090004238; 0.4337288677130045
2.7253258090004238; 0.4337288677130045
2.7253258090004238; 0.4337288677130045
2.7253258090004238; 0.4337288677130045
2.7253258090004238; 0.4337288677130045
2.7253258090004238; 0.42273447309417045
2.7253258090004238; 0.4337288677130045
2.7253258090004238; 0.4337288677130045
2.7253258090004238; 0.4337288677130045
2.7253258090004238; 0.4337288677130045
2.7253258090004238; 0.44472326233183856
2.7253258090004238; 0.4337288677130045
2.7253258090004238; 0.4337288677130045
2.7253258090004238; 0.4337288677130045
2.7253258090004238; 0.4337288677130045
2.7253258090004238; 0.4337288677130045
2.7253258090004238; 0.4337288677130045
2.7253258090004238; 0.4337288677130045
2.7253258090004238; 0.4337288677130045
2.7253258090004238; 0.4337288677130045
2.7253258090004238; 0.4337288677130045
2.7253258090004238; 0.4337288677130045
2.7253258090004238; 0.4337288677130045
2.7253258090004238; 0.4337288677130045
2.7253258090004238; 0.4337288677130045
2.7253258090004238; 0.4337288677130045
2.7253258090004238; 0.4337288677130045
2.7253258090004238; 0.4337288677130045
2.7253258090004238; 0.4337288677130045
2.7253258090004238; 0.4337288677130045
2.7253258090004238; 0.4337288677130045
2.7253258090004238; 0.4337288677130045
2.7253258090004238; 0.4337288677130045
2.7253258090004238; 0.4337288677130045
2.7253258090004238; 0.4337288677130045
2.7253258090004238; 0.4337288677130045
2.7253258090004238; 0.4337288677130045
2.7253258090004238; 0.4337288677130045
2.7253258090004238; 0.4337288677130045
2.7253258090004238; 0.4337288677130045
2.7253258090004238; 0.4337288677130045
2.7253258090004238; 0.4337288677130045
2.7253258090004238; 0.4337288677130045
2.7253258090004238; 0.4337288677130045
3.7253258090004238; 0.4337288677130045
3.7253258090004238; 0.4337288677130045
3.7253258090004238; 0.4337288677130045
3.7253258090004238; 0.4337288677130045
3.7253258090004238; 0.4337288677130045
3.7253258090004238; 0.4337288677130045
3.7253258090004238; 0.4337288677130045
3.7253258090004238; 0.4337288677130045
3.7253258090004238; 0.4337288677130045
3.7253258090004238; 0.4337288677130045
3.7253258090004238; 0.4337288677130045
3.7253258090004238; 0.4337288677130045
3.7253258090004238; 0.4337288677130045
3.7253258090004238; 0.4337288677130045
3.7253258090004238; 0.44472326233183856
3.7253258090004238; 0.4337288677130045
3.7253258090004238; 0.4337288677130045
3.7253258090004238; 0.44472326233183856
3.7253258090004238; 0.44472326233183856
3.7253258090004238; 0.4337288677130045
3.7253258090004238; 0.4337288677130045
3.7253258090004238; 0.4337288677130045
3.7253258090004238; 0.4337288677130045
3.7253258090004238; 0.4337288677130045
3.7253258090004238; 0.4337288677130045
3.7253258090004238; 0.4337288677130045
3.7253258090004238; 0.4337288677130045
3.7253258090004238; 0.4337288677130045
3.7253258090004238; 0.4337288677130045
3.7253258090004238; 0.4337288677130045
3.7253258090004238; 0.4337288677130045
3.7253258090004238; 0.4337288677130045
3.7253258090004238; 0.44472326233183856
3.7253258090004238; 0.4337288677130045
3.7253258090004238; 0.4337288677130045
3.7253258090004238; 0.4337288677130045
3.7253258090004238; 0.4337288677130045
3.7253258090004238; 0.4337288677130045
3.7253258090004238; 0.4337288677130045
3.7253258090004238; 0.4337288677130045
3.7253258090004238; 0.4337288677130045
3.7253258090004238; 0.4337288677130045
3.7253258090004238; 0.4337288677130045
3.7253258090004238; 0.42273447309417045
3.7253258090004238; 0.4337288677130045
3.7253258090004238; 0.4337288677130045
3.7253258090004238; 0.4337288677130045
3.7253258090004238; 0.4337288677130045
3.7253258090004238; 0.4337288677130045
3.7253258090004238; 0.4337288677130045
3.7253258090004238; 0.4337288677130045
3.7253258090004238; 0.4337288677130045
3.7253258090004238; 0.4337288677130045
3.7253258090004238; 0.4337288677130045
3.7253258090004238; 0.4337288677130045
3.7253258090004238; 0.4337288677130045
3.7253258090004238; 0.4337288677130045
3.7253258090004238; 0.4337288677130045
3.7253258090004238; 0.4337288677130045
3.7253258090004238; 0.4337288677130045
3.7253258090004238; 0.4337288677130045
3.7253258090004238; 0.4337288677130045
3.7253258090004238; 0.4337288677130045
3.7253258090004238; 0.4337288677130045
3.7253258090004238; 0.4337288677130045
3.7253258090004238; 0.4337288677130045
3.7253258090004238; 0.4337288677130045
3.7253258090004238; 0.4337288677130045
3.7253258090004238; 0.4337288677130045
3.7253258090004238; 0.4337288677130045
3.7253258090004238; 0.4337288677130045
3.7253258090004238; 0.4337288677130045
3.7253258090004238; 0.4337288677130045
3.7253258090004238; 0.4337288677130045
3.7253258090004238; 0.4337288677130045
3.7253258090004238; 0.4337288677130045
3.7253258090004238; 0.4337288677130045
3.7253258090004238; 0.4337288677130045
3.7253258090004238; 0.4337288677130045
3.7253258090004238; 0.4337288677130045
3.7253258090004238; 0.4337288677130045
3.7253258090004238; 0.4337288677130045
3.7253258090004238; 0.4337288677130045
3.7253258090004238; 0.4337288677130045
3.7253258090004238; 0.4337288677130045
3.7253258090004238; 0.4337288677130045
3.7253258090004238; 0.4337288677130045
3.7253258090004238; 0.4337288677130045
3.7253258090004238; 0.4337288677130045
3.7253258090004238; 0.4337288677130045
3.7253258090004238; 0.4337288677130045
3.7253258090004238; 0.4337288677130045
3.7253258090004238; 0.4337288677130045
3.7253258090004238; 0.4337288677130045
3.7253258090004238; 0.4337288677130045
3.7253258090004238; 0.4337288677130045
3.7253258090004238; 0.4337288677130045
3.7253258090004238; 0.4337288677130045
3.7253258090004238; 0.4337288677130045
3.7253258090004238; 0.44472326233183856
3.7253258090004238; 0.4337288677130045
3.7253258090004238; 0.4337288677130045
3.7253258090004238; 0.4337288677130045
3.7253258090004238; 0.4337288677130045
3.7253258090004238; 0.4337288677130045
3.7253258090004238; 0.4337288677130045
3.7253258090004238; 0.4337288677130045
3.7253258090004238; 0.4337288677130045
3.7253258090004238; 0.4337288677130045
3.7253258090004238; 0.4337288677130045
3.7253258090004238; 0.4337288677130045
3.7253258090004238; 0.4337288677130045
3.7253258090004238; 0.4337288677130045
3.7253258090004238; 0.4337288677130045
3.7253258090004238; 0.4337288677130045
3.7253258090004238; 0.4337288677130045
3.7253258090004238; 0.44472326233183856
3.7253258090004238; 0.4337288677130045
3.7253258090004238; 0.4337288677130045
3.7253258090004238; 0.4337288677130045
3.7253258090004238; 0.4337288677130045
3.7253258090004238; 0.4337288677130045
3.7253258090004238; 0.4337288677130045
3.7253258090004238; 0.4337288677130045
3.7253258090004238; 0.4337288677130045
3.7253258090004238; 0.4337288677130045
3.7253258090004238; 0.4337288677130045
3.7253258090004238; 0.4337288677130045
3.7253258090004238; 0.4337288677130045
3.7253258090004238; 0.4337288677130045
3.7253258090004238; 0.44472326233183856
3.7253258090004238; 0.4337288677130045
3.7253258090004238; 0.4337288677130045
3.7253258090004238; 0.4337288677130045
3.7253258090004238; 0.4337288677130045
3.7253258090004238; 0.4337288677130045
3.7253258090004238; 0.4337288677130045
3.7253258090004238; 0.4337288677130045
3.7253258090004238; 0.4337288677130045
3.7253258090004238; 0.4337288677130045
3.7253258090004238; 0.4337288677130045
3.7253258090004238; 0.4337288677130045
3.7253258090004238; 0.4337288677130045
3.7253258090004238; 0.4337288677130045
3.7253258090004238; 0.4337288677130045
3.7253258090004238; 0.4337288677130045
3.7253258090004238; 0.4337288677130045
3.7253258090004238; 0.4337288677130045
3.7253258090004238; 0.4337288677130045
3.7253258090004238; 0.4337288677130045
3.7253258090004238; 0.4337288677130045
3.7253258090004238; 0.4337288677130045
3.7253258090004238; 0.4337288677130045
3.7253258090004238; 0.4337288677130045
3.7253258090004238; 0.4337288677130045
3.7253258090004238; 0.4337288677130045
3.7253258090004238; 0.4337288677130045
3.7253258090004238; 0.4337288677130045
3.7253258090004238; 0.4337288677130045
3.7253258090004238; 0.4337288677130045
3.7253258090004238; 0.4337288677130045
3.7253258090004238; 0.4337288677130045
3.7253258090004238; 0.4337288677130045
3.7253258090004238; 0.4337288677130045
3.7253258090004238; 0.4337288677130045
3.7253258090004238; 0.4337288677130045
3.7253258090004238; 0.4337288677130045
3.7253258090004238; 0.4337288677130045
3.7253258090004238; 0.4337288677130045
3.7253258090004238; 0.4337288677130045
3.7253258090004238; 0.4337288677130045
4.725325809000424; 0.4337288677130045
4.725325809000424; 0.4337288677130045
4.725325809000424; 0.4337288677130045
4.725325809000424; 0.4337288677130045
4.725325809000424; 0.4337288677130045
4.725325809000424; 0.4337288677130045
4.725325809000424; 0.4337288677130045
4.725325809000424; 0.4337288677130045
4.725325809000424; 0.4337288677130045
4.725325809000424; 0.4337288677130045
4.725325809000424; 0.4337288677130045
4.725325809000424; 0.4337288677130045
4.725325809000424; 0.4337288677130045
4.725325809000424; 0.4337288677130045
4.725325809000424; 0.4337288677130045
4.725325809000424; 0.4337288677130045
4.725325809000424; 0.4337288677130045
4.725325809000424; 0.4337288677130045
4.725325809000424; 0.4337288677130045
4.725325809000424; 0.4337288677130045
4.725325809000424; 0.4337288677130045
4.725325809000424; 0.4337288677130045
4.725325809000424; 0.4337288677130045
4.725325809000424; 0.4337288677130045
4.725325809000424; 0.4337288677130045
4.725325809000424; 0.4337288677130045
4.725325809000424; 0.4337288677130045
4.725325809000424; 0.4337288677130045
4.725325809000424; 0.4337288677130045
4.725325809000424; 0.4337288677130045
4.725325809000424; 0.4337288677130045
4.725325809000424; 0.4337288677130045
4.725325809000424; 0.44472326233183856
4.725325809000424; 0.4337288677130045
4.725325809000424; 0.4337288677130045
4.725325809000424; 0.4337288677130045
4.725325809000424; 0.4337288677130045
4.725325809000424; 0.44472326233183856
4.725325809000424; 0.4337288677130045
4.725325809000424; 0.4337288677130045
4.725325809000424; 0.4337288677130045
4.725325809000424; 0.4337288677130045
4.725325809000424; 0.4337288677130045
4.725325809000424; 0.4337288677130045
4.725325809000424; 0.4337288677130045
4.725325809000424; 0.42273447309417045
4.725325809000424; 0.4337288677130045
4.725325809000424; 0.4337288677130045
4.725325809000424; 0.4337288677130045
4.725325809000424; 0.4337288677130045
4.725325809000424; 0.4337288677130045
4.725325809000424; 0.4337288677130045
4.725325809000424; 0.4337288677130045
4.725325809000424; 0.4337288677130045
4.725325809000424; 0.4337288677130045
4.725325809000424; 0.4337288677130045
4.725325809000424; 0.4337288677130045
4.725325809000424; 0.4337288677130045
4.725325809000424; 0.4337288677130045
4.725325809000424; 0.4337288677130045
4.725325809000424; 0.4337288677130045
