0.0058481693267822266; 0.09
0.026146888732910156; 0.15
0.04103803634643555; 0.1
0.057448387145996094; 0.15
0.07264137268066406; 0.1
0.08924126625061035; 0.16
0.10686874389648438; 0.15
0.12665462493896484; 0.1
0.14254426956176758; 0.16
0.1602168083190918; 0.11
0.18601441383361816; 0.17
0.20269489288330078; 0.15
0.21815013885498047; 0.17
0.24138832092285156; 0.12
0.26203465461730957; 0.19
0.2756040096282959; 0.14
0.2931406497955322; 0.12
0.309262752532959; 0.14
0.32532238960266113; 0.14
0.34304332733154297; 0.2
0.3564157485961914; 0.21
0.36991381645202637; 0.15
0.38317298889160156; 0.15
0.3973386287689209; 0.21
0.41113734245300293; 0.16
0.4242076873779297; 0.22
0.43703484535217285; 0.16
0.45003342628479004; 0.23
0.46277618408203125; 0.23
0.47579288482666016; 0.23
0.4885745048522949; 0.19
0.5014550685882568; 0.25
0.514876127243042; 0.2
0.5329725742340088; 0.21
0.5522305965423584; 0.21
0.5682141780853271; 0.21
0.5808804035186768; 0.22
0.596588134765625; 0.22
0.6146726608276367; 0.23
0.6305892467498779; 0.26
0.6438710689544678; 0.32
0.6588485240936279; 0.3
0.6757855415344238; 0.32
0.6918642520904541; 0.28
0.7081496715545654; 0.36
0.7219645977020264; 0.34
0.7394113540649414; 0.37
0.7579944133758545; 0.32
0.7767586708068848; 0.39
0.7930128574371338; 0.4
0.8097572326660156; 0.38
0.8294181823730469; 0.42
0.855546236038208; 0.45
0.8695564270019531; 0.43
0.8867933750152588; 0.49
0.9046297073364258; 0.51
0.9205214977264404; 0.45
0.9355230331420898; 0.53
0.9504227638244629; 0.54
0.9659781455993652; 0.49
0.982480525970459; 0.51
0.9971117973327637; 0.54
1.0119929313659668; 0.61
1.0245630741119385; 0.57
1.0377120971679688; 0.62
1.050802230834961; 0.55
1.0637705326080322; 0.57
1.0772349834442139; 0.5
1.0927436351776123; 0.5
1.1063971519470215; 0.53
1.12353515625; 0.53
1.1436028480529785; 0.49
1.1583704948425293; 0.5
1.1770436763763428; 0.47
1.190392017364502; 0.41
1.209888219833374; 0.39
1.2229952812194824; 0.4
1.2370996475219727; 0.41
1.2536308765411377; 0.39
1.2714478969573975; 0.37
1.2864441871643066; 0.4
1.305359125137329; 0.37
1.3232765197753906; 0.35
1.3373048305511475; 0.36
1.3514094352722168; 0.35
1.3713500499725342; 0.28
1.388026237487793; 0.27
1.4048120975494385; 0.28
1.4242684841156006; 0.26
1.4400432109832764; 0.33
1.4541780948638916; 0.26
1.4736924171447754; 0.26
1.493147373199463; 0.32
1.509375810623169; 0.25
1.5246317386627197; 0.25
1.5475201606750488; 0.26
1.5606448650360107; 0.33
1.5744891166687012; 0.34
1.5877764225006104; 0.26
1.6031830310821533; 0.36
1.618152141571045; 0.36
1.6341910362243652; 0.35
1.6490271091461182; 0.33
1.666877269744873; 0.35
1.6816773414611816; 0.42
1.6995463371276855; 0.43
1.7155091762542725; 0.43
1.7297735214233398; 0.39
1.7467255592346191; 0.46
1.7671051025390625; 0.48
1.7907600402832031; 0.44
1.8078618049621582; 0.52
1.8242478370666504; 0.48
1.8387277126312256; 0.45
1.852898120880127; 0.5
1.8710718154907227; 0.52
1.885051965713501; 0.53
1.9054288864135742; 0.47
1.9230272769927979; 0.48
1.9446220397949219; 0.47
1.9712512493133545; 0.49
1.9851667881011963; 0.55
1.9987993240356445; 0.5
2.0131309032440186; 0.56
2.0323166847229004; 0.51
2.0489542484283447; 0.49
2.071962356567383; 0.5
2.0845181941986084; 0.56
2.097658395767212; 0.48
2.111314535140991; 0.5
2.1279704570770264; 0.5
2.1477291584014893; 0.48
2.1609630584716797; 0.39
2.1798887252807617; 0.41
2.1960809230804443; 0.37
2.21405029296875; 0.36
2.2311460971832275; 0.37
2.2572224140167236; 0.39
2.28196120262146; 0.31
2.2994184494018555; 0.39
2.318605899810791; 0.38
2.334463596343994; 0.32
2.358604669570923; 0.31
2.3725273609161377; 0.36
2.3916053771972656; 0.28
2.4083101749420166; 0.33
2.423326015472412; 0.3
2.4367880821228027; 0.26
2.4542641639709473; 0.26
2.4718174934387207; 0.25
2.4907920360565186; 0.25
2.5110621452331543; 0.31
2.5245361328125; 0.25
2.5387823581695557; 0.3
2.556485176086426; 0.24
2.572714328765869; 0.24
2.5968148708343506; 0.24
2.614522933959961; 0.31
2.6271331310272217; 0.26
2.64168381690979; 0.28
2.6653482913970947; 0.36
2.6891672611236572; 0.31
2.704033851623535; 0.31
2.718454360961914; 0.39
2.7361855506896973; 0.4
2.7530477046966553; 0.4
2.7690048217773438; 0.36
2.7849178314208984; 0.43
2.7981033325195312; 0.39
2.816652774810791; 0.39
2.8298001289367676; 0.42
2.845460891723633; 0.49
2.8601698875427246; 0.43
2.8775668144226074; 0.51
2.8950612545013428; 0.44
2.908458948135376; 0.45
2.923720598220825; 0.45
2.940973997116089; 0.51
2.960604190826416; 0.52
2.9853832721710205; 0.52
3.006135940551758; 0.48
3.0198326110839844; 0.53
3.0331363677978516; 0.48
3.051849365234375; 0.54
3.0678822994232178; 0.48
3.0942084789276123; 0.48
3.112990379333496; 0.49
3.1259210109710693; 0.49
3.1393139362335205; 0.55
3.1572928428649902; 0.45
3.172053575515747; 0.46
3.1871562004089355; 0.49
3.2044239044189453; 0.45
3.219616413116455; 0.47
3.233380079269409; 0.39
3.248171329498291; 0.43
3.264944076538086; 0.43
3.2839205265045166; 0.36
3.297821283340454; 0.4
3.313286781311035; 0.39
3.3288416862487793; 0.35
3.3441786766052246; 0.39
3.3592116832733154; 0.34
3.3749308586120605; 0.39
3.393508195877075; 0.27
3.407963514328003; 0.37
3.4219226837158203; 0.34
3.438749313354492; 0.25
3.4562599658966064; 0.27
3.4753618240356445; 0.33
3.4965829849243164; 0.26
3.5160651206970215; 0.24
3.5306649208068848; 0.31
3.546701431274414; 0.31
3.5711236000061035; 0.3
3.587151527404785; 0.24
3.616302013397217; 0.3
3.629804849624634; 0.23
3.642350435256958; 0.23
3.6552929878234863; 0.24
3.6752865314483643; 0.31
3.6895205974578857; 0.29
3.704793930053711; 0.26
3.7189855575561523; 0.35
3.7325031757354736; 0.31
3.748220920562744; 0.3
3.7617952823638916; 0.35
3.778280019760132; 0.38
3.7935945987701416; 0.34
3.807469129562378; 0.39
3.821706771850586; 0.39
3.838411331176758; 0.37
3.852358341217041; 0.43
3.86818265914917; 0.4
3.887399911880493; 0.4
3.905843496322632; 0.47
3.9218297004699707; 0.43
3.9431862831115723; 0.46
3.9583301544189453; 0.41
3.972166061401367; 0.45
3.9911246299743652; 0.52
4.010039567947388; 0.46
4.027338266372681; 0.46
4.045544862747192; 0.46
4.065000772476196; 0.46
4.079674243927002; 0.52
4.093401908874512; 0.53
4.109660387039185; 0.48
4.125209808349609; 0.54
4.146242141723633; 0.48
4.17407751083374; 0.48
4.186667203903198; 0.47
4.20043683052063; 0.49
4.21394157409668; 0.52
4.228667259216309; 0.44
4.2420408725738525; 0.47
4.256352663040161; 0.47
4.277817726135254; 0.41
4.292130947113037; 0.43
4.3056416511535645; 0.36
4.324403762817383; 0.37
4.341606855392456; 0.34
4.355927228927612; 0.39
4.373080492019653; 0.4
4.388744115829468; 0.34
4.403737783432007; 0.39
4.423179864883423; 0.38
4.439066648483276; 0.34
4.457128524780273; 0.37
4.474999189376831; 0.32
4.491983890533447; 0.24
4.509905099868774; 0.32
4.526239395141602; 0.32
4.542156934738159; 0.31
4.563101291656494; 0.31
4.580219268798828; 0.29
4.5975306034088135; 0.31
4.612693548202515; 0.23
4.629295825958252; 0.29
4.646238803863525; 0.25
4.669230222702026; 0.22
4.687560319900513; 0.23
4.70006799697876; 0.24
4.7142510414123535; 0.23
4.7274556159973145; 0.28
4.741759300231934; 0.25
4.7593464851379395; 0.26
4.774616241455078; 0.26
4.788958787918091; 0.35
4.80799126625061; 0.36
4.822163343429565; 0.32
4.8404152393341064; 0.34
4.854016542434692; 0.4
4.871959686279297; 0.41
4.8862624168396; 0.37
4.909655332565308; 0.43
4.925555467605591; 0.39
4.938893795013428; 0.46
4.9571545124053955; 0.42
4.974317789077759; 0.5
4.992157220840454; 0.41
5.007821798324585; 0.52
5.026835203170776; 0.44
5.056543588638306; 0.46
5.074511528015137; 0.45
5.091901063919067; 0.46
5.112444162368774; 0.48
5.13058066368103; 0.46
5.147596597671509; 0.53
5.170040845870972; 0.55
5.188613653182983; 0.53
5.2018208503723145; 0.47
5.214359998703003; 0.47
5.227516174316406; 0.47
5.241676568984985; 0.54
5.2547767162323; 0.46
5.26818585395813; 0.51
5.290500640869141; 0.4
5.304859399795532; 0.45
5.321779012680054; 0.45
5.338046550750732; 0.42
5.354357004165649; 0.43
5.3723039627075195; 0.41
5.38730263710022; 0.33
5.40539813041687; 0.39
5.423532962799072; 0.38
5.441577196121216; 0.38
5.4576380252838135; 0.3
5.476332902908325; 0.31
5.490572452545166; 0.29
5.504640340805054; 0.38
5.5191826820373535; 0.35
5.538780927658081; 0.26
5.558942079544067; 0.32
5.582526445388794; 0.25
5.598342180252075; 0.23
5.612291097640991; 0.24
5.6272454261779785; 0.26
5.649304151535034; 0.22
5.672073602676392; 0.29
5.7023539543151855; 0.29
5.716666221618652; 0.22
5.729893207550049; 0.22
5.7430174350738525; 0.22
5.7610182762146; 0.22
5.782513618469238; 0.31
5.802995443344116; 0.26
5.82071852684021; 0.27
5.83639931678772; 0.27
5.854545593261719; 0.31
5.869906902313232; 0.38
5.886573076248169; 0.38
5.902035236358643; 0.34
5.9196062088012695; 0.34
5.936683416366577; 0.35
5.954588413238525; 0.42
5.970893621444702; 0.45
5.990347623825073; 0.39
6.007496118545532; 0.46
6.023498058319092; 0.4
6.04038405418396; 0.48
6.060495138168335; 0.43
6.076325178146362; 0.43
6.098521709442139; 0.5
6.117899417877197; 0.46
6.138669490814209; 0.45
6.1524176597595215; 0.46
6.168884992599487; 0.53
6.1854517459869385; 0.52
6.209561109542847; 0.52
6.228140592575073; 0.53
6.2406370639801025; 0.47
6.253172874450684; 0.47
6.266406297683716; 0.47
6.280374526977539; 0.47
6.295684099197388; 0.48
6.310622215270996; 0.51
6.324600696563721; 0.42
6.3389294147491455; 0.41
6.352704763412476; 0.46
6.367798805236816; 0.39
6.3846595287323; 0.37
6.401233673095703; 0.37
6.418380260467529; 0.36
6.432852029800415; 0.39
6.451753616333008; 0.39
6.467426538467407; 0.32
6.484527826309204; 0.32
6.501521587371826; 0.35
6.516738176345825; 0.28
6.53436279296875; 0.37
6.549858808517456; 0.26
6.564772605895996; 0.36
6.583738803863525; 0.26
6.601224422454834; 0.27
6.628000974655151; 0.25
6.648061275482178; 0.24
6.662314414978027; 0.23
6.676361799240112; 0.29
6.695563793182373; 0.3
6.7122344970703125; 0.28
6.739704370498657; 0.29
6.7583394050598145; 0.28
6.771528244018555; 0.22
6.784043312072754; 0.23
6.797209978103638; 0.22
6.811002492904663; 0.22
6.826623916625977; 0.25
6.841001987457275; 0.31
6.858225345611572; 0.33
6.876556158065796; 0.33
6.892127275466919; 0.35
6.9099719524383545; 0.36
6.928322792053223; 0.32
6.949720859527588; 0.31
6.965394496917725; 0.4
6.981097936630249; 0.36
7.002152442932129; 0.41
7.017226219177246; 0.36
7.032921314239502; 0.43
7.049735069274902; 0.4
7.069292783737183; 0.48
7.083260774612427; 0.45
7.097482204437256; 0.44
7.113292932510376; 0.49
7.134769916534424; 0.45
7.15046501159668; 0.45
7.172930717468262; 0.5
7.192388296127319; 0.53
7.207128286361694; 0.47
7.222900390625; 0.46
7.240775108337402; 0.53
7.2570600509643555; 0.45
7.287945032119751; 0.47
7.3073225021362305; 0.48
7.321236848831177; 0.47
7.333778142929077; 0.47
7.346897125244141; 0.53
7.3618645668029785; 0.46
7.381179332733154; 0.48
7.394831895828247; 0.39
7.411181211471558; 0.38
7.429063558578491; 0.37
7.443819284439087; 0.42
7.46197247505188; 0.4
7.476123571395874; 0.39
7.493577003479004; 0.35
7.509092569351196; 0.36
7.525509357452393; 0.31
7.551182270050049; 0.36
7.566951751708984; 0.27
7.583211421966553; 0.33
7.6004414558410645; 0.37
7.616881608963013; 0.34
7.6316423416137695; 0.34
7.6458587646484375; 0.26
7.664310455322266; 0.25
7.6822357177734375; 0.3
7.698122978210449; 0.28
7.717480421066284; 0.29
7.739392518997192; 0.29
7.753661394119263; 0.23
7.768866062164307; 0.28
7.787201881408691; 0.22
7.803779602050781; 0.28
7.832616090774536; 0.21
7.851288557052612; 0.21
7.865164279937744; 0.28
7.87848973274231; 0.24
7.892836332321167; 0.3
7.9092817306518555; 0.31
7.924271821975708; 0.29
7.937833786010742; 0.26
7.955936670303345; 0.29
7.9736011028289795; 0.31
7.991595983505249; 0.33
8.00918197631836; 0.33
8.023128509521484; 0.39
8.039954662322998; 0.36
8.054658889770508; 0.42
8.072684526443481; 0.44
8.09283971786499; 0.45
8.10579538345337; 0.48
8.121802568435669; 0.41
8.138679504394531; 0.49
8.15398645401001; 0.48
8.167629718780518; 0.47
8.18115758895874; 0.48
8.195934057235718; 0.5
8.211721897125244; 0.5
8.23265528678894; 0.46
8.249436616897583; 0.46
8.273413181304932; 0.44
8.292399406433105; 0.53
8.306913375854492; 0.46
8.321041345596313; 0.52
8.339922666549683; 0.47
8.355810165405273; 0.45
8.384361982345581; 0.45
8.405731201171875; 0.43
8.419006109237671; 0.49
8.432281017303467; 0.41
8.44711685180664; 0.45
8.460270166397095; 0.38
8.475861549377441; 0.38
8.48961067199707; 0.43
8.508163452148438; 0.41
8.52687692642212; 0.38
8.540227174758911; 0.33
8.556012153625488; 0.37
8.574788570404053; 0.35
8.593062162399292; 0.38
8.606257438659668; 0.34
8.625646114349365; 0.36
8.640718221664429; 0.33
8.65963339805603; 0.38
8.677409648895264; 0.27
8.6930673122406; 0.26
8.712224006652832; 0.32
8.726531267166138; 0.3
8.741938591003418; 0.23
8.75966501235962; 0.23
8.779777765274048; 0.22
8.795918941497803; 0.22
8.810559749603271; 0.28
8.830501317977905; 0.22
8.846121072769165; 0.28
8.864734649658203; 0.21
8.8804349899292; 0.21
8.902737379074097; 0.21
8.921163558959961; 0.23
8.933792352676392; 0.31
8.946934938430786; 0.24
8.959956407546997; 0.31
8.973144769668579; 0.27
8.997261762619019; 0.29
9.010639190673828; 0.36
9.028714656829834; 0.37
9.05199909210205; 0.32
9.067059755325317; 0.39
9.08456540107727; 0.4
9.101998329162598; 0.39
9.115183591842651; 0.44
9.13067364692688; 0.39
9.14774751663208; 0.46
9.167383432388306; 0.47
9.181422233581543; 0.5
9.19771122932434; 0.44
9.215523958206177; 0.42
9.23480486869812; 0.49
9.250030279159546; 0.49
9.268434047698975; 0.5
9.289766550064087; 0.48
9.305150270462036; 0.5
9.32597041130066; 0.53
9.344108819961548; 0.45
9.36056661605835; 0.53
9.392188310623169; 0.47
9.411324262619019; 0.47
9.424479007720947; 0.46
9.437671422958374; 0.5
9.450972318649292; 0.5
9.464080333709717; 0.4
9.479444980621338; 0.4
9.49426531791687; 0.45
9.50826120376587; 0.45
9.526793241500854; 0.42
9.54286527633667; 0.41
9.560978651046753; 0.4
9.578364372253418; 0.39
9.592405796051025; 0.32
9.61046028137207; 0.37
9.624843120574951; 0.31
9.644477367401123; 0.28
9.664129257202148; 0.29
9.678270816802979; 0.32
9.694588661193848; 0.35
9.71271800994873; 0.27
9.727681159973145; 0.32
9.745485544204712; 0.3
9.764082670211792; 0.23
9.782057762145996; 0.24
9.80117416381836; 0.21
9.815021514892578; 0.21
9.830487728118896; 0.28
9.849225521087646; 0.27
9.869420766830444; 0.2
9.902982473373413; 0.21
9.916125535964966; 0.21
9.929266214370728; 0.21
9.94238567352295; 0.22
9.95969843864441; 0.29
9.977836608886719; 0.3
9.994882345199585; 0.32
10.008116483688354; 0.32
10.029677629470825; 0.28
10.048356056213379; 0.3
10.063072681427002; 0.36
10.079442739486694; 0.37
10.093289852142334; 0.32
10.111498594284058; 0.33
10.126747369766235; 0.4
10.144210577011108; 0.39
10.160988569259644; 0.39
10.178950309753418; 0.45
10.199397087097168; 0.47
10.217705965042114; 0.41
10.232606649398804; 0.46
10.246865034103394; 0.5
10.270736694335938; 0.41
10.286643505096436; 0.43
10.302917957305908; 0.44
10.325969696044922; 0.51
10.344126462936401; 0.52
10.358389616012573; 0.45
10.373891592025757; 0.51
10.391184329986572; 0.46
10.40622878074646; 0.53
10.424553394317627; 0.46
10.441250085830688; 0.46
10.479255437850952; 0.5
10.491791725158691; 0.42
10.50511121749878; 0.43
10.51848292350769; 0.46
10.532567501068115; 0.39
10.552614212036133; 0.4
10.569737911224365; 0.36
10.58718466758728; 0.35
10.600842714309692; 0.39
10.617060899734497; 0.39
10.632796287536621; 0.3
10.647129774093628; 0.37
10.664470672607422; 0.37
10.679119348526001; 0.3
10.69352650642395; 0.3
10.710767269134521; 0.29
10.730830192565918; 0.34
10.745002031326294; 0.31
10.761685609817505; 0.26
10.778534650802612; 0.31
10.798024415969849; 0.3
10.81174111366272; 0.3
10.829143524169922; 0.29
10.844752550125122; 0.29
10.862831592559814; 0.28
10.878239870071411; 0.21
10.89374589920044; 0.28
10.908610820770264; 0.22
10.925920963287354; 0.28
10.946396112442017; 0.21
10.964812278747559; 0.21
10.98451018333435; 0.21
11.01954960823059; 0.26
11.032693147659302; 0.26
11.045406103134155; 0.32
11.05864930152893; 0.25
11.071765661239624; 0.32
11.097691774368286; 0.34
11.111284494400024; 0.3
11.13215947151184; 0.33
11.149072647094727; 0.34
11.164395093917847; 0.4
11.17947268486023; 0.36
11.194523811340332; 0.42
11.21029257774353; 0.39
11.224666595458984; 0.46
11.241478204727173; 0.41
11.256310224533081; 0.39
11.277649879455566; 0.42
11.296139001846313; 0.48
11.311296224594116; 0.49
11.328263759613037; 0.5
11.341406106948853; 0.5
11.359406232833862; 0.5
11.37713098526001; 0.45
11.396220922470093; 0.45
11.410686016082764; 0.52
11.425501346588135; 0.45
11.439030170440674; 0.53
11.455646514892578; 0.46
11.4717435836792; 0.45
11.487674474716187; 0.46
11.51999020576477; 0.46
11.538228750228882; 0.46
11.551182508468628; 0.45
11.564352750778198; 0.44
11.577469110488892; 0.45
11.595318794250488; 0.45
11.60997724533081; 0.45
11.623683214187622; 0.45
11.641308069229126; 0.45
11.657201766967773; 0.46
11.675131559371948; 0.44
11.692525386810303; 0.43
11.70993709564209; 0.44
11.722862482070923; 0.45
11.737677097320557; 0.44
11.754333972930908; 0.45
11.774063110351562; 0.44
11.7882239818573; 0.45
11.810441493988037; 0.45
11.829136610031128; 0.45
11.843446493148804; 0.43
11.860027551651001; 0.45
11.876352310180664; 0.44
11.898178815841675; 0.44
11.91602373123169; 0.45
11.932611465454102; 0.44
11.946036338806152; 0.45
11.959925174713135; 0.45
11.976420402526855; 0.43
11.995460510253906; 0.43
12.011529922485352; 0.45
12.039942026138306; 0.45
12.058274507522583; 0.43
12.070931673049927; 0.44
12.084070444107056; 0.44
12.097117185592651; 0.44
12.115236759185791; 0.45
12.134856700897217; 0.43
12.14796257019043; 0.43
12.168664693832397; 0.44
12.186325073242188; 0.44
12.200947284698486; 0.45
12.218016147613525; 0.45
12.235023021697998; 0.44
12.249392032623291; 0.44
12.263413906097412; 0.44
12.280452013015747; 0.45
12.296477317810059; 0.43
12.31135630607605; 0.43
12.327108383178711; 0.43
12.345549583435059; 0.44
12.360956907272339; 0.42
12.376106023788452; 0.43
12.392621040344238; 0.44
12.409928560256958; 0.43
12.42879343032837; 0.44
12.443772554397583; 0.43
12.460522890090942; 0.43
12.4775390625; 0.44
12.492400169372559; 0.44
12.512382507324219; 0.44
12.529025793075562; 0.41
12.563697576522827; 0.42
12.582446575164795; 0.35
12.595037698745728; 0.39
12.608198165893555; 0.34
12.621467113494873; 0.39
12.639832973480225; 0.38
12.654037952423096; 0.32
12.667671918869019; 0.37
12.6863694190979; 0.35
12.70368504524231; 0.36
12.719061613082886; 0.3
12.736405611038208; 0.32
12.752161264419556; 0.26
12.769026041030884; 0.32
12.782627820968628; 0.33
12.798082828521729; 0.23
12.812583446502686; 0.22
12.833991527557373; 0.29
12.852817058563232; 0.29
12.867815971374512; 0.28
12.884995222091675; 0.28
12.898480653762817; 0.21
12.917061567306519; 0.19
12.932574272155762; 0.27
12.95133900642395; 0.21
12.966108083724976; 0.26
12.982026815414429; 0.19
12.995516777038574; 0.2
13.008992910385132; 0.19
13.025593042373657; 0.26
13.044301748275757; 0.28
13.060361385345459; 0.3
13.08760952949524; 0.3
13.106212377548218; 0.25
13.119465351104736; 0.32
13.132704973220825; 0.29
13.145857095718384; 0.35
13.16404938697815; 0.36
13.178421974182129; 0.32
13.19203782081604; 0.38
13.20903754234314; 0.35
13.226738691329956; 0.34
13.240059852600098; 0.38
13.257724285125732; 0.37
13.2709801197052; 0.39
13.29131269454956; 0.39
13.307451963424683; 0.38
13.322859287261963; 0.48
13.338188648223877; 0.48
13.362157106399536; 0.41
13.378049612045288; 0.43
13.396024703979492; 0.43
13.410428285598755; 0.44
13.424682378768921; 0.5
13.443305253982544; 0.51
13.464182376861572; 0.44
13.47908091545105; 0.51
13.497892618179321; 0.44
13.513688564300537; 0.45
13.530160188674927; 0.44
13.546314477920532; 0.42
13.568432092666626; 0.41
13.585163593292236; 0.39
13.617163181304932; 0.38
13.630427122116089; 0.41
13.642939567565918; 0.35
13.65610146522522; 0.41
13.66907525062561; 0.35
13.688282489776611; 0.31
13.705837965011597; 0.31
13.718898057937622; 0.31
13.734321355819702; 0.3
13.751522541046143; 0.34
13.766221761703491; 0.29
13.782518863677979; 0.36
13.797000408172607; 0.34
13.814129114151001; 0.27
13.829177618026733; 0.29
13.845993518829346; 0.3
13.864207744598389; 0.23
13.879437446594238; 0.22
13.895251512527466; 0.22
13.912895202636719; 0.22
13.931499719619751; 0.22
13.945024967193604; 0.27
13.961472988128662; 0.28
13.976261377334595; 0.19
13.995287418365479; 0.26
14.013330698013306; 0.2
14.028499603271484; 0.2
14.04219937324524; 0.21
14.055642366409302; 0.2
14.07199478149414; 0.28
14.091206312179565; 0.29
14.110836505889893; 0.26
14.145183086395264; 0.27
14.158448696136475; 0.33
14.171590328216553; 0.28
14.184913635253906; 0.37
14.198038578033447; 0.31
14.217750549316406; 0.33
14.233253240585327; 0.29
14.248881578445435; 0.4
14.264257192611694; 0.36
14.281837463378906; 0.43
14.296646356582642; 0.39
14.314261674880981; 0.41
14.329174041748047; 0.42
14.34579873085022; 0.46
14.36113953590393; 0.45
14.3779878616333; 0.47
14.394737482070923; 0.41
14.410237073898315; 0.42
14.42853331565857; 0.43
14.443288326263428; 0.49
14.460305452346802; 0.5
14.473868608474731; 0.44
14.491268396377563; 0.5
14.50867509841919; 0.49
14.52585482597351; 0.51
14.54154920578003; 0.45
14.55677843093872; 0.45
14.570266723632812; 0.45
14.583434104919434; 0.5
14.600921630859375; 0.47
14.61733889579773; 0.45
14.650492429733276; 0.42
14.668603897094727; 0.41
14.681837797164917; 0.35
14.694991827011108; 0.4
14.708208084106445; 0.33
14.726506233215332; 0.31
14.74299144744873; 0.33
14.75740122795105; 0.38
14.774618864059448; 0.3
14.795534610748291; 0.3
14.81042766571045; 0.35
14.826047420501709; 0.26
14.839864492416382; 0.35
14.857231378555298; 0.33
14.87497091293335; 0.26
14.89232087135315; 0.31
14.911458969116211; 0.27
14.926082372665405; 0.29
14.942004203796387; 0.28
14.958953619003296; 0.29
14.975887060165405; 0.28
14.989606857299805; 0.21
15.007587194442749; 0.27
15.02305555343628; 0.21
15.04214882850647; 0.27
15.05733847618103; 0.2
15.073813676834106; 0.21
15.090840578079224; 0.2
15.10685110092163; 0.22
15.123045206069946; 0.22
15.139112949371338; 0.24
15.16598629951477; 0.26
15.184500694274902; 0.33
15.197726726531982; 0.29
15.21097469329834; 0.35
15.223978757858276; 0.3
15.24230694770813; 0.3
15.258443355560303; 0.39
15.2716543674469; 0.33
15.286142587661743; 0.4
15.299751043319702; 0.34
15.31411623954773; 0.39
15.331419706344604; 0.39
15.345324993133545; 0.4
15.36201286315918; 0.47
15.375948429107666; 0.42
15.390107154846191; 0.41
15.406807899475098; 0.39
15.42570447921753; 0.47
15.44069790840149; 0.49
15.458841800689697; 0.49
15.473536968231201; 0.5
15.490486145019531; 0.43
15.504787683486938; 0.46
15.523471593856812; 0.51
15.542990922927856; 0.45
15.560209512710571; 0.51
15.573652744293213; 0.46
15.594987154006958; 0.45
15.614609956741333; 0.45
15.632749795913696; 0.42
15.667787551879883; 0.45
15.685961484909058; 0.43
15.699126958847046; 0.37
15.711620330810547; 0.42
15.724770545959473; 0.36
15.742925882339478; 0.39
15.760993957519531; 0.32
15.775048017501831; 0.38
15.794957160949707; 0.35
15.812487125396729; 0.35
15.827192544937134; 0.34
15.844357967376709; 0.36
15.859711408615112; 0.28
15.87626576423645; 0.31
15.891363143920898; 0.33
15.908161163330078; 0.24
15.92586350440979; 0.25
15.940731048583984; 0.3
15.956726789474487; 0.29
15.974016427993774; 0.28
15.990815877914429; 0.28
16.004949808120728; 0.22
16.022605180740356; 0.2
16.038222551345825; 0.27
16.05631446838379; 0.2
16.072784423828125; 0.27
16.089303731918335; 0.2
16.103214502334595; 0.2
16.117419481277466; 0.21
16.136712312698364; 0.27
16.153077840805054; 0.27
16.183053255081177; 0.3
16.20148015022278; 0.25
16.214629650115967; 0.32
16.227877616882324; 0.28
16.240978479385376; 0.35
16.259324073791504; 0.36
16.277288675308228; 0.37
16.290543794631958; 0.32
16.308653354644775; 0.33
16.32723879814148; 0.36
16.340588569641113; 0.39
16.358823776245117; 0.37
16.37200379371643; 0.39
16.389254093170166; 0.38
16.404274225234985; 0.42
16.425297260284424; 0.43
16.44611406326294; 0.49
16.46168279647827; 0.48
16.47734546661377; 0.48
16.49515438079834; 0.48
16.5092134475708; 0.49
16.52660298347473; 0.43
16.547457695007324; 0.44
16.569417238235474; 0.43
16.588027000427246; 0.52
16.608705520629883; 0.46
16.623843669891357; 0.45
16.638592004776; 0.45
16.6580810546875; 0.45
16.674418687820435; 0.48
16.704565286636353; 0.45
16.723023891448975; 0.42
16.735549688339233; 0.36
16.74810767173767; 0.41
16.761216640472412; 0.36
16.779419660568237; 0.33
16.799312591552734; 0.31
16.813776969909668; 0.37
16.831793069839478; 0.35
16.850275993347168; 0.35
16.86591362953186; 0.27
16.879395008087158; 0.35
16.895663738250732; 0.29
16.912353038787842; 0.3
16.929898977279663; 0.33
16.947479963302612; 0.25
16.96574902534485; 0.31
16.98047685623169; 0.31
16.998566389083862; 0.28
17.017149209976196; 0.22
17.03065824508667; 0.27
17.044196367263794; 0.22
17.062477588653564; 0.2
17.078067302703857; 0.27
17.095251321792603; 0.21
17.110841035842896; 0.27
17.124237537384033; 0.2
17.13927435874939; 0.2
17.15775752067566; 0.21
17.176718711853027; 0.22
17.192563772201538; 0.25
17.21981906890869; 0.25
17.23867678642273; 0.29
17.251216888427734; 0.33
17.263790130615234; 0.28
17.276907920837402; 0.35
17.295104265213013; 0.37
17.316033124923706; 0.31
17.32932138442993; 0.38
17.3483784198761; 0.39
17.3645179271698; 0.37
17.382306575775146; 0.34
17.399909257888794; 0.44
17.41491961479187; 0.39
17.432628631591797; 0.47
17.447938203811646; 0.45
17.465113639831543; 0.42
17.481931924819946; 0.49
17.49678325653076; 0.49
17.51248598098755; 0.49
17.534229516983032; 0.48
17.54789710044861; 0.49
17.560985326766968; 0.44
17.579128980636597; 0.43
17.596794605255127; 0.5
17.615652561187744; 0.44
17.629247188568115; 0.51
17.644275188446045; 0.45
17.658885717391968; 0.44
17.67816138267517; 0.45
17.694181442260742; 0.45
17.724547624588013; 0.39
17.743117809295654; 0.43
17.755725860595703; 0.37
17.768956184387207; 0.42
17.782784938812256; 0.41
17.801069498062134; 0.35
17.820388555526733; 0.38
17.8353271484375; 0.31
17.85453176498413; 0.3
17.870445251464844; 0.3
17.88401746749878; 0.3
17.90148401260376; 0.29
17.917362451553345; 0.34
17.933075428009033; 0.29
17.947537660598755; 0.29
17.96476125717163; 0.33
17.980632305145264; 0.25
18.001867055892944; 0.3
18.01758360862732; 0.29
18.03787136077881; 0.22
18.05144739151001; 0.27
18.065152168273926; 0.27
18.0818829536438; 0.24
18.097564458847046; 0.21
18.116368532180786; 0.27
18.135206699371338; 0.2
18.149829149246216; 0.26
18.163529634475708; 0.21
18.177818059921265; 0.2
18.201335430145264; 0.2
18.217458963394165; 0.28
18.244815349578857; 0.3
18.26339316368103; 0.24
18.276639938354492; 0.32
18.289811372756958; 0.27
18.303091764450073; 0.34
18.32138991355896; 0.35
18.345911741256714; 0.36
18.3611102104187; 0.33
18.37999415397644; 0.32
18.398179054260254; 0.33
18.411620616912842; 0.37
18.425841093063354; 0.43
18.44302773475647; 0.39
18.45724129676819; 0.45
18.471046924591064; 0.46
18.487865447998047; 0.42
18.50174355506897; 0.4
18.523205995559692; 0.47
18.536738634109497; 0.48
18.560885906219482; 0.43
18.580259799957275; 0.43
18.59548282623291; 0.43
18.61415386199951; 0.44
18.631508350372314; 0.51
18.651028156280518; 0.44
18.669814348220825; 0.5
18.685696840286255; 0.45
18.699426651000977; 0.44
18.713903188705444; 0.45
18.73066234588623; 0.46
18.747525215148926; 0.43
18.78255558013916; 0.43
18.801019191741943; 0.36
18.814218997955322; 0.41
18.827476024627686; 0.36
18.840745210647583; 0.39
18.8591046333313; 0.39
18.878862380981445; 0.32
18.892224550247192; 0.36
18.90981960296631; 0.28
18.927844047546387; 0.31
18.94271945953369; 0.36
18.960105895996094; 0.25
18.97865653038025; 0.34
18.99990224838257; 0.3
19.014291524887085; 0.32
19.027920722961426; 0.29
19.042285203933716; 0.3
19.06408715248108; 0.23
19.07859706878662; 0.23
19.098977088928223; 0.22
19.117917776107788; 0.21
19.13151478767395; 0.2
19.14893364906311; 0.27
19.16515564918518; 0.2
19.18569326400757; 0.26
19.205574989318848; 0.19
19.220896244049072; 0.2
19.235832929611206; 0.2
19.25280451774597; 0.22
19.26984977722168; 0.23
19.30445623397827; 0.26
19.32334589958191; 0.33
19.336524724960327; 0.26
19.350176572799683; 0.34
19.36352038383484; 0.3
19.38179850578308; 0.38
19.405359983444214; 0.39
19.420588970184326; 0.34
19.442751169204712; 0.41
19.457730770111084; 0.37
19.470542430877686; 0.39
19.48483967781067; 0.43
19.50238609313965; 0.39
19.51661992073059; 0.39
19.531917095184326; 0.5
19.54844880104065; 0.45
19.565139532089233; 0.42
19.584630727767944; 0.49
19.60405397415161; 0.49
19.622379302978516; 0.5
19.641456604003906; 0.51
19.658112287521362; 0.44
19.672943592071533; 0.5
19.69127058982849; 0.45
19.71011471748352; 0.5
19.72808575630188; 0.44
19.749126195907593; 0.46
19.765156745910645; 0.5
19.780625104904175; 0.43
19.798012495040894; 0.46
19.814374685287476; 0.39
19.850972890853882; 0.41
19.869346141815186; 0.39
19.882638692855835; 0.32
19.895256280899048; 0.38
19.908802270889282; 0.31
19.927486181259155; 0.32
19.949729442596436; 0.3
19.963393449783325; 0.33
19.976635694503784; 0.29
19.992335557937622; 0.35
20.011993169784546; 0.28
20.027586221694946; 0.3
20.043996334075928; 0.26
20.05931282043457; 0.23
20.07571315765381; 0.31
20.091421842575073; 0.28
20.108372688293457; 0.28
20.126530647277832; 0.28
20.141754627227783; 0.27
20.160009622573853; 0.27
20.178613662719727; 0.2
20.192772150039673; 0.27
20.20747470855713; 0.2
20.224778652191162; 0.26
20.239717483520508; 0.2
20.26098108291626; 0.19
20.278442859649658; 0.2
20.300649404525757; 0.22
20.31438136100769; 0.28
20.33743166923523; 0.31
20.35472536087036; 0.32
20.38941526412964; 0.3
20.408588409423828; 0.36
20.422319650650024; 0.31
20.435569286346436; 0.38
20.44883418083191; 0.32
20.46706795692444; 0.33
20.488582372665405; 0.35
20.50305986404419; 0.42
20.516998052597046; 0.4
20.531851530075073; 0.39
20.546273469924927; 0.45
20.561935424804688; 0.44
20.579803228378296; 0.4
20.595393419265747; 0.44
20.608762979507446; 0.4
20.625432014465332; 0.48
20.642852783203125; 0.49
20.65773868560791; 0.43
20.677109241485596; 0.44
20.696436405181885; 0.44
20.715045928955078; 0.5
20.7337429523468; 0.44
20.75174069404602; 0.51
20.768730878829956; 0.46
20.78896689414978; 0.44
20.807881593704224; 0.5
20.823019981384277; 0.41
20.839867115020752; 0.39
20.86137557029724; 0.43
20.87715172767639; 0.43
20.895758152008057; 0.41
20.910501718521118; 0.4
20.937844276428223; 0.31
20.956897020339966; 0.38
20.96999430656433; 0.32
20.982744216918945; 0.33
20.995885133743286; 0.34
21.01400089263916; 0.36
21.038418292999268; 0.35
21.05221915245056; 0.3
21.073974132537842; 0.25
21.090977907180786; 0.24
21.105565547943115; 0.3
21.12088179588318; 0.28
21.134117364883423; 0.28
21.155694484710693; 0.25
21.16951870918274; 0.28
21.184125185012817; 0.27
21.200793504714966; 0.21
21.222294807434082; 0.21
21.237462282180786; 0.26
21.258241415023804; 0.27
21.276236534118652; 0.27
21.289682149887085; 0.2
21.30802011489868; 0.2
21.323288202285767; 0.2
21.34444785118103; 0.27
21.362170934677124; 0.29
21.381085872650146; 0.3
21.394254684448242; 0.26
21.412728548049927; 0.31
21.433175325393677; 0.35
21.4663188457489; 0.3
21.485050201416016; 0.34
21.498154401779175; 0.39
21.510831117630005; 0.34
21.52390193939209; 0.33
21.54212188720703; 0.37
21.567121744155884; 0.39
21.586727142333984; 0.39
21.60455894470215; 0.46
21.62477159500122; 0.4
21.638368368148804; 0.39
21.659404754638672; 0.47
21.673471212387085; 0.48
21.69329071044922; 0.48
21.70751142501831; 0.49
21.727355241775513; 0.49
21.74047827720642; 0.44
21.764315843582153; 0.44
21.77828359603882; 0.51
21.80089020729065; 0.45
21.82165551185608; 0.45
21.836057901382446; 0.45
21.852279663085938; 0.5
21.87569284439087; 0.47
21.892042875289917; 0.45
21.90737223625183; 0.36
21.923540353775024; 0.42
21.939862966537476; 0.4
21.953182697296143; 0.35
21.973468780517578; 0.39
21.989463806152344; 0.32
22.00969672203064; 0.38
22.04783868789673; 0.35
22.060956239700317; 0.32
22.074074268341064; 0.35
22.08746099472046; 0.27
22.105833768844604; 0.31
22.136361360549927; 0.24
22.150493144989014; 0.23
22.16854429244995; 0.28
22.188052892684937; 0.21
22.203194618225098; 0.25
22.220680475234985; 0.22
22.235839366912842; 0.27
22.253235816955566; 0.27
22.267773866653442; 0.21
22.28791618347168; 0.22
22.305426597595215; 0.26
22.327230215072632; 0.19
22.342960119247437; 0.19
22.360573530197144; 0.2
22.379379510879517; 0.24
22.393683910369873; 0.27
22.411014556884766; 0.29
22.427271842956543; 0.29
22.44656753540039; 0.33
22.464687824249268; 0.34
22.482237815856934; 0.35
22.496504545211792; 0.33
22.509793043136597; 0.34
22.529059648513794; 0.3
22.545002937316895; 0.39
22.58305072784424; 0.37
22.601860523223877; 0.38
22.614561557769775; 0.42
22.62769341468811; 0.46
22.640889406204224; 0.43
22.65434741973877; 0.45
22.68660855293274; 0.4
22.703651666641235; 0.48
22.72143793106079; 0.49
22.736872673034668; 0.48
22.750450134277344; 0.43
22.765310049057007; 0.42
22.783436059951782; 0.44
22.79918622970581; 0.5
22.813436269760132; 0.44
22.828982830047607; 0.5
22.843953132629395; 0.5
22.86585807800293; 0.44
22.879995822906494; 0.45
22.897342443466187; 0.45
22.91253685951233; 0.44
22.931121110916138; 0.44
22.948144912719727; 0.44
22.964926958084106; 0.45
22.982715129852295; 0.44
23.001270055770874; 0.44
23.016181230545044; 0.43
23.0326828956604; 0.43
23.050566911697388; 0.44
23.06618642807007; 0.43
23.08747696876526; 0.44
23.1042959690094; 0.44
23.1368670463562; 0.44
23.155311584472656; 0.44
23.168477296829224; 0.44
23.181636571884155; 0.43
23.194746255874634; 0.43
23.213170289993286; 0.44
23.23793053627014; 0.44
23.252641677856445; 0.44
23.27040982246399; 0.43
23.289824962615967; 0.43
23.303833961486816; 0.44
23.32095718383789; 0.44
23.334126234054565; 0.44
23.351763486862183; 0.43
23.36915349960327; 0.44
23.386367559432983; 0.44
23.40521478652954; 0.43
23.420531511306763; 0.42
23.436084032058716; 0.43
23.454636812210083; 0.42
23.469424724578857; 0.43
23.4833345413208; 0.42
23.50188422203064; 0.43
23.52191972732544; 0.44
23.538002014160156; 0.43
23.5514817237854; 0.44
23.5673348903656; 0.43
23.582233905792236; 0.43
23.598609924316406; 0.42
23.6138858795166; 0.43
23.63228178024292; 0.43
23.667927265167236; 0.43
23.681115865707397; 0.43
23.694320917129517; 0.44
23.707467555999756; 0.42
23.72559952735901; 0.43
23.753093481063843; 0.43
23.767412185668945; 0.43
23.788593530654907; 0.44
23.80673050880432; 0.42
23.82243275642395; 0.43
23.83991765975952; 0.43
23.855228185653687; 0.41
23.871641159057617; 0.43
23.886221885681152; 0.43
23.904233932495117; 0.42
23.922505617141724; 0.42
23.941869020462036; 0.36
23.961953163146973; 0.39
23.980059146881104; 0.31
23.998257398605347; 0.35
24.01548743247986; 0.33
24.03516936302185; 0.31
24.05173087120056; 0.31
24.068115949630737; 0.28
24.084766387939453; 0.28
24.100772380828857; 0.26
24.1175274848938; 0.25
24.133332014083862; 0.19
24.15027141571045; 0.2
24.16893434524536; 0.23
24.184479236602783; 0.22
24.21386742591858; 0.15
24.234097957611084; 0.14
24.24684715270996; 0.21
24.259947061538696; 0.13
24.27308440208435; 0.2
