0.005393505096435547; 0.4557176569506727
0.027541637420654297; 0.46671205156950674
0.04209113121032715; 0.4557176569506727
0.057035207748413086; 0.4337288677130045
0.0872793197631836; 0.4887008408071749
0.10585284233093262; 0.49969523542600897
0.12379264831542969; 0.46671205156950674
0.14754533767700195; 0.4887008408071749
0.16552352905273438; 0.5216840246636771
0.1809985637664795; 0.49969523542600897
0.19697809219360352; 0.5216840246636771
0.2157268524169922; 0.5766559977578476
0.23219776153564453; 0.5876503923766816
0.24593091011047363; 0.5546672085201794
0.2661409378051758; 0.5326784192825113
0.2809257507324219; 0.5656616031390135
0.29912328720092773; 0.510689630044843
0.31400394439697266; 0.49969523542600897
0.32666563987731934; 0.47770644618834085
0.3397700786590576; 0.5216840246636771
0.3534276485443115; 0.47770644618834085
0.3758823871612549; 0.510689630044843
0.38882017135620117; 0.44472326233183856
0.40160179138183594; 0.47770644618834085
0.4142906665802002; 0.4337288677130045
0.4270639419555664; 0.46671205156950674
0.4399755001068115; 0.4557176569506727
0.45282411575317383; 0.41174007847533634
0.465529203414917; 0.44472326233183856
0.4783632755279541; 0.4007456838565023
0.4907865524291992; 0.42273447309417045
0.5035073757171631; 0.4337288677130045
0.5193414688110352; 0.4337288677130045
0.5371360778808594; 0.38975128923766816
0.55324387550354; 0.3787568946188341
0.5670123100280762; 0.41174007847533634
0.5811765193939209; 0.36776250000000005
0.598618745803833; 0.4007456838565023
0.6123628616333008; 0.36776250000000005
0.6295723915100098; 0.35676810538116593
0.6431775093078613; 0.38975128923766816
0.6586093902587891; 0.3787568946188341
0.6751828193664551; 0.3787568946188341
0.6921036243438721; 0.3787568946188341
0.7078924179077148; 0.3787568946188341
0.7259092330932617; 0.3457737107623319
0.742882490158081; 0.33477931614349776
0.7567689418792725; 0.36776250000000005
0.7708654403686523; 0.35676810538116593
0.7868797779083252; 0.3457737107623319
0.8032348155975342; 0.33477931614349776
0.8190441131591797; 0.33477931614349776
0.8349812030792236; 0.33477931614349776
0.8568751811981201; 0.3457737107623319
0.872124195098877; 0.33477931614349776
0.8901231288909912; 0.3787568946188341
0.9056005477905273; 0.36776250000000005
0.9213929176330566; 0.35676810538116593
0.9372913837432861; 0.35676810538116593
0.95377516746521; 0.36776250000000005
0.9697134494781494; 0.36776250000000005
0.9865069389343262; 0.38975128923766816
1.0103108882904053; 0.41174007847533634
1.022886037826538; 0.38975128923766816
1.0361835956573486; 0.4337288677130045
1.0495429039001465; 0.38975128923766816
1.0639452934265137; 0.4337288677130045
1.0814108848571777; 0.42273447309417045
1.094712734222412; 0.4337288677130045
1.1095433235168457; 0.42273447309417045
1.1255855560302734; 0.42273447309417045
1.1430332660675049; 0.4557176569506727
1.1609182357788086; 0.47770644618834085
1.175011157989502; 0.4557176569506727
1.1923375129699707; 0.510689630044843
1.207622766494751; 0.4887008408071749
1.224198341369629; 0.5216840246636771
1.2401723861694336; 0.5216840246636771
1.2554304599761963; 0.49969523542600897
1.2731602191925049; 0.5546672085201794
1.2902333736419678; 0.5546672085201794
1.31113862991333; 0.5766559977578476
1.3251631259918213; 0.5326784192825113
1.3412320613861084; 0.5326784192825113
1.3564417362213135; 0.5326784192825113
1.376535177230835; 0.5656616031390135
1.3983662128448486; 0.5436728139013454
1.4132473468780518; 0.5326784192825113
1.433361530303955; 0.47770644618834085
1.4490587711334229; 0.46671205156950674
1.4651877880096436; 0.4557176569506727
1.4842727184295654; 0.4887008408071749
1.505516529083252; 0.47770644618834085
1.5274643898010254; 0.46671205156950674
1.5400657653808594; 0.42273447309417045
1.5532433986663818; 0.4557176569506727
1.5662803649902344; 0.42273447309417045
1.5803627967834473; 0.4337288677130045
1.5975024700164795; 0.4337288677130045
1.6114718914031982; 0.38975128923766816
1.625962495803833; 0.4007456838565023
1.6445305347442627; 0.3787568946188341
1.659447431564331; 0.3787568946188341
1.6779124736785889; 0.4007456838565023
1.6952414512634277; 0.4007456838565023
1.7086758613586426; 0.35676810538116593
1.7241051197052002; 0.35676810538116593
1.7413768768310547; 0.3457737107623319
1.7567763328552246; 0.35676810538116593
1.7723050117492676; 0.3457737107623319
1.78810715675354; 0.3457737107623319
1.806708574295044; 0.35676810538116593
1.8206443786621094; 0.33477931614349776
1.8350660800933838; 0.36776250000000005
1.849457025527954; 0.35676810538116593
1.8642661571502686; 0.33477931614349776
1.8832752704620361; 0.35676810538116593
1.900237798690796; 0.36776250000000005
1.9181368350982666; 0.3457737107623319
1.941939353942871; 0.3787568946188341
1.961334466934204; 0.3457737107623319
1.9753105640411377; 0.3787568946188341
1.9904139041900635; 0.38975128923766816
2.0086424350738525; 0.36776250000000005
2.0255656242370605; 0.36776250000000005
2.0510287284851074; 0.4007456838565023
2.068561553955078; 0.3787568946188341
2.081063985824585; 0.41174007847533634
2.0936288833618164; 0.42273447309417045
2.106959819793701; 0.38975128923766816
2.1214370727539062; 0.42273447309417045
2.1388731002807617; 0.4007456838565023
2.153273105621338; 0.44472326233183856
2.1689453125; 0.4557176569506727
2.1859874725341797; 0.46671205156950674
2.2006165981292725; 0.46671205156950674
2.218986749649048; 0.44472326233183856
2.2353203296661377; 0.44472326233183856
2.2484631538391113; 0.47770644618834085
2.2635531425476074; 0.44472326233183856
2.281703233718872; 0.510689630044843
2.2981865406036377; 0.5216840246636771
2.313750982284546; 0.5326784192825113
2.329566478729248; 0.5326784192825113
2.3481993675231934; 0.5326784192825113
2.3628032207489014; 0.5656616031390135
2.3767828941345215; 0.5216840246636771
2.3977210521698; 0.5326784192825113
2.4129390716552734; 0.5656616031390135
2.4320433139801025; 0.5766559977578476
2.453375816345215; 0.5436728139013454
2.467867374420166; 0.49969523542600897
2.4817075729370117; 0.5436728139013454
2.500741481781006; 0.47770644618834085
2.520822286605835; 0.47770644618834085
2.5420072078704834; 0.4557176569506727
2.5606086254119873; 0.4557176569506727
2.57314133644104; 0.47770644618834085
2.586376190185547; 0.42273447309417045
2.600121021270752; 0.46671205156950674
2.6138370037078857; 0.42273447309417045
2.6332409381866455; 0.44472326233183856
2.6466126441955566; 0.4007456838565023
2.6679270267486572; 0.38975128923766816
2.6863670349121094; 0.42273447309417045
2.700955629348755; 0.38975128923766816
2.7179195880889893; 0.41174007847533634
2.7329676151275635; 0.3787568946188341
2.7498650550842285; 0.4007456838565023
2.765509605407715; 0.36776250000000005
2.7861058712005615; 0.35676810538116593
2.8002824783325195; 0.38975128923766816
2.8148434162139893; 0.38975128923766816
2.831831455230713; 0.3787568946188341
2.8493752479553223; 0.36776250000000005
2.863658905029297; 0.36776250000000005
2.8775181770324707; 0.3457737107623319
2.8923020362854004; 0.36776250000000005
2.9100539684295654; 0.33477931614349776
2.926276445388794; 0.33477931614349776
2.944917917251587; 0.35676810538116593
2.963801622390747; 0.3237849215246637
2.9777934551239014; 0.36776250000000005
2.9918599128723145; 0.33477931614349776
3.0108835697174072; 0.36776250000000005
3.027437925338745; 0.35676810538116593
3.055699110031128; 0.35676810538116593
3.0737767219543457; 0.3787568946188341
3.0869839191436768; 0.35676810538116593
3.1002893447875977; 0.38975128923766816
3.1137189865112305; 0.36776250000000005
3.127518653869629; 0.38975128923766816
3.1444828510284424; 0.4007456838565023
3.159376859664917; 0.38975128923766816
3.174046754837036; 0.3787568946188341
3.1911230087280273; 0.38975128923766816
3.207932233810425; 0.4007456838565023
3.2251780033111572; 0.4337288677130045
3.2389957904815674; 0.41174007847533634
3.2563509941101074; 0.4337288677130045
3.27077317237854; 0.42273447309417045
3.2876908779144287; 0.42273447309417045
3.306082248687744; 0.47770644618834085
3.3216683864593506; 0.47770644618834085
3.337402582168579; 0.47770644618834085
3.3524577617645264; 0.4557176569506727
3.370122194290161; 0.510689630044843
3.384169101715088; 0.4887008408071749
3.398083448410034; 0.5326784192825113
3.4167397022247314; 0.49969523542600897
3.431969404220581; 0.5216840246636771
3.449601650238037; 0.510689630044843
3.464812994003296; 0.5326784192825113
3.4824509620666504; 0.5436728139013454
3.4990952014923096; 0.5876503923766816
3.5131258964538574; 0.5326784192825113
3.5320072174072266; 0.5656616031390135
3.5485942363739014; 0.5436728139013454
3.5761003494262695; 0.5216840246636771
3.5947585105895996; 0.46671205156950674
3.607347249984741; 0.510689630044843
3.620002031326294; 0.46671205156950674
3.634413003921509; 0.47770644618834085
3.6483869552612305; 0.4337288677130045
3.6623852252960205; 0.46671205156950674
3.6768603324890137; 0.42273447309417045
3.69081449508667; 0.4557176569506727
3.7052412033081055; 0.44472326233183856
3.71964693069458; 0.4007456838565023
3.7344284057617188; 0.4337288677130045
3.7497975826263428; 0.4337288677130045
3.7629151344299316; 0.4007456838565023
3.780473470687866; 0.42273447309417045
3.7958381175994873; 0.36776250000000005
3.815870523452759; 0.3787568946188341
3.8322508335113525; 0.36776250000000005
3.8549177646636963; 0.35676810538116593
3.871638774871826; 0.3787568946188341
3.890763521194458; 0.38975128923766816
3.9053008556365967; 0.36776250000000005
3.920116424560547; 0.3457737107623319
3.934832811355591; 0.3787568946188341
3.9535634517669678; 0.33477931614349776
3.974869966506958; 0.33477931614349776
3.99075984954834; 0.3457737107623319
4.005863189697266; 0.36776250000000005
4.031367301940918; 0.3457737107623319
4.046036005020142; 0.33477931614349776
4.060409307479858; 0.36776250000000005
4.075774669647217; 0.36776250000000005
4.095477342605591; 0.3457737107623319
4.114372491836548; 0.3787568946188341
4.1380157470703125; 0.3787568946188341
4.15646505355835; 0.35676810538116593
4.1696014404296875; 0.38975128923766816
4.182643413543701; 0.38975128923766816
4.197778940200806; 0.38975128923766816
4.212047100067139; 0.4007456838565023
4.229952335357666; 0.41174007847533634
4.247264862060547; 0.38975128923766816
4.2624030113220215; 0.42273447309417045
4.277718782424927; 0.42273447309417045
4.291908025741577; 0.38975128923766816
4.309402704238892; 0.4337288677130045
4.3335185050964355; 0.42273447309417045
4.350234508514404; 0.42273447309417045
4.3740761280059814; 0.4557176569506727
4.396055698394775; 0.47770644618834085
4.413198947906494; 0.4887008408071749
4.428423166275024; 0.47770644618834085
4.444366931915283; 0.47770644618834085
4.4584527015686035; 0.47770644618834085
4.474365949630737; 0.4887008408071749
4.489255666732788; 0.5326784192825113
4.506402254104614; 0.5436728139013454
4.521120309829712; 0.5656616031390135
4.541018009185791; 0.5216840246636771
4.5581207275390625; 0.5766559977578476
4.578215837478638; 0.5436728139013454
4.597782135009766; 0.5766559977578476
4.6135499477386475; 0.5656616031390135
4.627530574798584; 0.5326784192825113
4.646673202514648; 0.5436728139013454
4.663335800170898; 0.5326784192825113
4.68991231918335; 0.510689630044843
4.708036422729492; 0.44472326233183856
4.720817804336548; 0.4887008408071749
4.733470916748047; 0.46671205156950674
4.746636390686035; 0.42273447309417045
4.7613911628723145; 0.4337288677130045
4.775014638900757; 0.44472326233183856
4.788898229598999; 0.41174007847533634
4.807186126708984; 0.42273447309417045
4.825888395309448; 0.4337288677130045
4.841710329055786; 0.4337288677130045
4.859591007232666; 0.38975128923766816
4.8737852573394775; 0.42273447309417045
4.892083644866943; 0.3787568946188341
4.906087636947632; 0.4007456838565023
4.923022508621216; 0.3787568946188341
4.939117908477783; 0.3787568946188341
4.955320596694946; 0.36776250000000005
4.972507953643799; 0.35676810538116593
4.989135026931763; 0.35676810538116593
5.0029473304748535; 0.3787568946188341
5.0179972648620605; 0.3787568946188341
5.035170078277588; 0.3787568946188341
5.051604509353638; 0.36776250000000005
5.070557594299316; 0.33477931614349776
5.092860460281372; 0.3457737107623319
5.106605529785156; 0.3457737107623319
5.121297121047974; 0.35676810538116593
5.141270637512207; 0.33477931614349776
5.157304048538208; 0.33477931614349776
5.177259922027588; 0.35676810538116593
5.195084095001221; 0.3457737107623319
5.207553386688232; 0.3787568946188341
5.220091104507446; 0.35676810538116593
5.233296871185303; 0.35676810538116593
5.2464892864227295; 0.38975128923766816
5.261077642440796; 0.38975128923766816
5.276401519775391; 0.36776250000000005
5.291281223297119; 0.36776250000000005
5.309635162353516; 0.41174007847533634
5.324823379516602; 0.3787568946188341
5.338618755340576; 0.4007456838565023
5.356332063674927; 0.38975128923766816
5.3735597133636475; 0.41174007847533634
5.3911452293396; 0.4337288677130045
5.405963659286499; 0.41174007847533634
5.423091411590576; 0.4557176569506727
5.4399261474609375; 0.4557176569506727
5.457053899765015; 0.46671205156950674
5.472829341888428; 0.47770644618834085
5.488056659698486; 0.44472326233183856
5.506093740463257; 0.49969523542600897
5.522005319595337; 0.49969523542600897
5.536977291107178; 0.510689630044843
5.5570762157440186; 0.47770644618834085
5.57352614402771; 0.4887008408071749
5.596347808837891; 0.5546672085201794
5.611496210098267; 0.5326784192825113
5.62496018409729; 0.5656616031390135
5.6394617557525635; 0.5326784192825113
5.660191059112549; 0.5436728139013454
5.677140951156616; 0.5436728139013454
5.697438716888428; 0.510689630044843
5.715935707092285; 0.5436728139013454
5.729059457778931; 0.49969523542600897
5.74157190322876; 0.4887008408071749
5.754798173904419; 0.5216840246636771
5.768306493759155; 0.46671205156950674
5.782729625701904; 0.49969523542600897
5.796308755874634; 0.44472326233183856
5.811677694320679; 0.44472326233183856
5.831190586090088; 0.46671205156950674
5.846297025680542; 0.46671205156950674
5.863207578659058; 0.4557176569506727
5.877801418304443; 0.44472326233183856
5.894141435623169; 0.44472326233183856
5.908675909042358; 0.4007456838565023
5.926480054855347; 0.4337288677130045
5.940813064575195; 0.38975128923766816
5.96225643157959; 0.3787568946188341
5.981502056121826; 0.41174007847533634
5.9999754428863525; 0.4007456838565023
6.013963222503662; 0.38975128923766816
6.027755498886108; 0.36776250000000005
6.041927814483643; 0.38975128923766816
6.0597193241119385; 0.35676810538116593
6.077334403991699; 0.3457737107623319
6.0929114818573; 0.3457737107623319
6.115820407867432; 0.35676810538116593
6.1295225620269775; 0.3457737107623319
6.144581317901611; 0.36776250000000005
6.1617302894592285; 0.36776250000000005
6.1779069900512695; 0.35676810538116593
6.194394826889038; 0.3457737107623319
6.215603351593018; 0.35676810538116593
6.234635829925537; 0.35676810538116593
6.247107267379761; 0.36776250000000005
6.260277509689331; 0.33477931614349776
6.273591041564941; 0.3787568946188341
6.287769079208374; 0.3457737107623319
6.302523374557495; 0.3457737107623319
6.31697940826416; 0.38975128923766816
6.336664915084839; 0.35676810538116593
6.354346990585327; 0.38975128923766816
6.370143890380859; 0.38975128923766816
6.388434171676636; 0.38975128923766816
6.404856443405151; 0.3787568946188341
6.4183948040008545; 0.41174007847533634
6.432708263397217; 0.38975128923766816
6.449946641921997; 0.4007456838565023
6.465765714645386; 0.38975128923766816
6.480793476104736; 0.4007456838565023
6.499083518981934; 0.44472326233183856
6.514101505279541; 0.41174007847533634
6.5326008796691895; 0.46671205156950674
6.546806335449219; 0.4337288677130045
6.5606303215026855; 0.46671205156950674
6.579843997955322; 0.4887008408071749
6.597237825393677; 0.49969523542600897
6.61852765083313; 0.5216840246636771
6.633921146392822; 0.5216840246636771
6.6524434089660645; 0.5326784192825113
6.667726516723633; 0.5436728139013454
6.686630725860596; 0.510689630044843
6.703427791595459; 0.510689630044843
6.732253074645996; 0.5876503923766816
6.750245809555054; 0.5656616031390135
6.762709140777588; 0.5326784192825113
6.775197982788086; 0.5766559977578476
6.788493871688843; 0.510689630044843
6.803978204727173; 0.5436728139013454
6.818417072296143; 0.5326784192825113
6.832753896713257; 0.47770644618834085
6.853717803955078; 0.4557176569506727
6.871050834655762; 0.44472326233183856
6.885881662368774; 0.44472326233183856
6.903412342071533; 0.4337288677130045
6.9217541217803955; 0.46671205156950674
6.9348273277282715; 0.42273447309417045
6.951801061630249; 0.41174007847533634
6.971287727355957; 0.44472326233183856
6.9904351234436035; 0.4007456838565023
7.007694959640503; 0.42273447309417045
7.025444746017456; 0.42273447309417045
7.042853355407715; 0.38975128923766816
7.0569658279418945; 0.42273447309417045
7.070747375488281; 0.3787568946188341
7.0844926834106445; 0.41174007847533634
7.103288412094116; 0.36776250000000005
7.124881744384766; 0.35676810538116593
7.140899658203125; 0.36776250000000005
7.154310941696167; 0.3787568946188341
7.1729137897491455; 0.3787568946188341
7.1866583824157715; 0.36776250000000005
7.200988531112671; 0.33477931614349776
7.219843626022339; 0.36776250000000005
7.239787578582764; 0.33477931614349776
7.266700744628906; 0.33477931614349776
7.284748077392578; 0.35676810538116593
7.29787802696228; 0.3237849215246637
7.31047248840332; 0.35676810538116593
7.3237810134887695; 0.3457737107623319
7.338974475860596; 0.36776250000000005
7.354097127914429; 0.36776250000000005
7.367599248886108; 0.3457737107623319
7.385205268859863; 0.3457737107623319
7.403357744216919; 0.38975128923766816
7.418010950088501; 0.35676810538116593
7.435996055603027; 0.38975128923766816
7.45309042930603; 0.38975128923766816
7.4670820236206055; 0.4007456838565023
7.485459089279175; 0.41174007847533634
7.50292706489563; 0.3787568946188341
7.52616548538208; 0.41174007847533634
7.541528940200806; 0.38975128923766816
7.557374000549316; 0.4007456838565023
7.575625658035278; 0.44472326233183856
7.590200662612915; 0.42273447309417045
7.604525327682495; 0.42273447309417045
7.618619441986084; 0.46671205156950674
7.633461952209473; 0.44472326233183856
7.655018091201782; 0.4557176569506727
7.669633388519287; 0.49969523542600897
7.692291975021362; 0.46671205156950674
7.711772203445435; 0.5216840246636771
7.725512266159058; 0.47770644618834085
7.740628242492676; 0.4887008408071749
7.75966477394104; 0.5546672085201794
7.77631950378418; 0.5656616031390135
7.806792259216309; 0.5326784192825113
7.824780464172363; 0.5876503923766816
7.837910890579224; 0.5436728139013454
7.850437879562378; 0.5656616031390135
7.863738059997559; 0.5546672085201794
7.879812240600586; 0.5436728139013454
7.8942811489105225; 0.5436728139013454
7.90864372253418; 0.4887008408071749
7.9259724617004395; 0.47770644618834085
7.943594932556152; 0.49969523542600897
7.956775903701782; 0.44472326233183856
7.97519850730896; 0.47770644618834085
7.991985321044922; 0.46671205156950674
8.008965015411377; 0.46671205156950674
8.02468729019165; 0.4557176569506727
8.042189836502075; 0.4337288677130045
8.057421207427979; 0.44472326233183856
8.077336072921753; 0.4337288677130045
8.090666055679321; 0.42273447309417045
8.108492136001587; 0.3787568946188341
8.12579894065857; 0.41174007847533634
8.141080856323242; 0.3787568946188341
8.154977798461914; 0.4007456838565023
8.169052362442017; 0.36776250000000005
8.188982009887695; 0.36776250000000005
8.206637859344482; 0.35676810538116593
8.227563619613647; 0.3787568946188341
8.253554105758667; 0.3787568946188341
8.268388748168945; 0.3457737107623319
8.282304048538208; 0.3787568946188341
8.299710988998413; 0.3457737107623319
8.317851781845093; 0.35676810538116593
8.334194660186768; 0.35676810538116593
8.35661005973816; 0.36776250000000005
8.375149726867676; 0.33477931614349776
8.387692928314209; 0.35676810538116593
8.40024733543396; 0.36776250000000005
8.413540601730347; 0.33477931614349776
8.429978132247925; 0.33477931614349776
8.445504188537598; 0.3457737107623319
8.460214614868164; 0.3787568946188341
8.480312824249268; 0.3787568946188341
8.497895956039429; 0.38975128923766816
8.512975215911865; 0.4007456838565023
8.530093431472778; 0.38975128923766816
8.545190334320068; 0.4007456838565023
8.562105178833008; 0.41174007847533634
8.580826759338379; 0.3787568946188341
8.596776008605957; 0.38975128923766816
8.61379361152649; 0.38975128923766816
8.62819218635559; 0.4007456838565023
8.64609408378601; 0.41174007847533634
8.662797451019287; 0.4007456838565023
8.67674469947815; 0.4557176569506727
8.690526008605957; 0.42273447309417045
8.70840048789978; 0.46671205156950674
8.724189758300781; 0.47770644618834085
8.742958068847656; 0.44472326233183856
8.757473945617676; 0.49969523542600897
8.772634267807007; 0.510689630044843
8.786476373672485; 0.47770644618834085
8.804273843765259; 0.510689630044843
8.820191383361816; 0.49969523542600897
8.838080167770386; 0.5436728139013454
8.870310544967651; 0.5656616031390135
8.88349461555481; 0.5216840246636771
8.896696329116821; 0.5766559977578476
8.909847497940063; 0.5436728139013454
8.928069829940796; 0.5656616031390135
8.946438312530518; 0.5656616031390135
8.959708452224731; 0.49969523542600897
8.97730803489685; 0.5326784192825113
8.994921445846558; 0.5326784192825113
9.007915258407593; 0.47770644618834085
9.026414394378662; 0.49969523542600897
9.043096780776978; 0.4887008408071749
9.060367345809937; 0.46671205156950674
9.075561046600342; 0.47770644618834085
9.094144582748413; 0.42273447309417045
9.109807968139648; 0.41174007847533634
9.125410795211792; 0.41174007847533634
9.145417213439941; 0.41174007847533634
9.162039518356323; 0.42273447309417045
9.176052331924438; 0.38975128923766816
9.190065383911133; 0.42273447309417045
9.208725452423096; 0.3787568946188341
9.230157375335693; 0.3787568946188341
9.244934558868408; 0.4007456838565023
9.259580135345459; 0.4007456838565023
9.274495601654053; 0.36776250000000005
9.292392015457153; 0.38975128923766816
9.308120489120483; 0.38975128923766816
9.326385021209717; 0.35676810538116593
9.358081817626953; 0.36776250000000005
9.371228218078613; 0.3457737107623319
9.38370394706726; 0.36776250000000005
9.396854639053345; 0.3457737107623319
9.409979104995728; 0.35676810538116593
9.428172588348389; 0.35676810538116593
9.446128129959106; 0.33477931614349776
9.460431337356567; 0.35676810538116593
9.480423212051392; 0.36776250000000005
9.497799158096313; 0.36776250000000005
9.512540578842163; 0.36776250000000005
9.529904842376709; 0.3787568946188341
9.544817209243774; 0.3787568946188341
9.562463760375977; 0.38975128923766816
9.57722282409668; 0.38975128923766816
9.594761371612549; 0.4007456838565023
9.61201810836792; 0.36776250000000005
9.627392768859863; 0.3787568946188341
9.645642042160034; 0.3787568946188341
9.663933277130127; 0.41174007847533634
9.67820429801941; 0.38975128923766816
9.692309379577637; 0.4337288677130045
9.711040496826172; 0.4007456838565023
9.73080825805664; 0.4337288677130045
9.74644947052002; 0.4557176569506727
9.760149240493774; 0.42273447309417045
9.775545358657837; 0.41174007847533634
9.794639348983765; 0.47770644618834085
9.811346054077148; 0.47770644618834085
9.842212438583374; 0.49969523542600897
9.860796213150024; 0.47770644618834085
9.873389482498169; 0.5216840246636771
9.885940313339233; 0.5326784192825113
9.899171352386475; 0.4887008408071749
9.912360191345215; 0.5436728139013454
9.93052887916565; 0.510689630044843
9.948048114776611; 0.510689630044843
9.9624662399292; 0.5766559977578476
9.980820417404175; 0.5436728139013454
9.996617078781128; 0.5436728139013454
10.011126518249512; 0.5766559977578476
10.02825379371643; 0.510689630044843
10.044636249542236; 0.49969523542600897
10.062049150466919; 0.4887008408071749
10.076833724975586; 0.47770644618834085
10.09044599533081; 0.510689630044843
10.105037450790405; 0.4557176569506727
10.128501176834106; 0.4887008408071749
10.146395683288574; 0.4887008408071749
10.162748336791992; 0.46671205156950674
10.178153991699219; 0.4557176569506727
10.192270517349243; 0.42273447309417045
10.212367057800293; 0.42273447309417045
10.227976083755493; 0.4337288677130045
10.253948450088501; 0.4337288677130045
10.268919944763184; 0.41174007847533634
10.283249855041504; 0.3787568946188341
10.2964448928833; 0.41174007847533634
10.316689729690552; 0.36776250000000005
10.336110353469849; 0.3787568946188341
10.367440223693848; 0.4007456838565023
10.380661725997925; 0.35676810538116593
10.39322280883789; 0.3787568946188341
10.406381130218506; 0.3457737107623319
10.419507503509521; 0.36776250000000005
10.434808254241943; 0.3457737107623319
10.449030876159668; 0.35676810538116593
10.463374614715576; 0.36776250000000005
10.484148740768433; 0.36776250000000005
10.50148892402649; 0.36776250000000005
10.517989158630371; 0.36776250000000005
10.536030292510986; 0.33477931614349776
10.549758672714233; 0.35676810538116593
10.566987991333008; 0.36776250000000005
10.582029104232788; 0.36776250000000005
10.59914231300354; 0.3787568946188341
10.621076107025146; 0.35676810538116593
10.637567043304443; 0.36776250000000005
10.651598453521729; 0.35676810538116593
10.669004201889038; 0.38975128923766816
10.686579465866089; 0.38975128923766816
10.701269626617432; 0.4007456838565023
10.724628686904907; 0.38975128923766816
10.740692615509033; 0.4007456838565023
10.759777069091797; 0.41174007847533634
10.77735948562622; 0.42273447309417045
10.791558265686035; 0.4007456838565023
10.809839248657227; 0.44472326233183856
10.82888412475586; 0.42273447309417045
10.84506893157959; 0.41174007847533634
10.87661862373352; 0.4337288677130045
10.889137268066406; 0.47770644618834085
10.902356147766113; 0.4557176569506727
10.915616750717163; 0.46671205156950674
10.928900718688965; 0.510689630044843
10.953596353530884; 0.4887008408071749
10.97035026550293; 0.5216840246636771
10.988329887390137; 0.5436728139013454
11.006036520004272; 0.510689630044843
11.01922082901001; 0.5656616031390135
11.037476062774658; 0.5216840246636771
11.051222801208496; 0.5876503923766816
11.06834101676941; 0.5876503923766816
11.082626581192017; 0.5436728139013454
11.098361492156982; 0.5436728139013454
11.115315914154053; 0.5436728139013454
11.131988048553467; 0.5436728139013454
11.147214889526367; 0.5326784192825113
11.167518854141235; 0.5326784192825113
11.184651136398315; 0.5326784192825113
11.200124979019165; 0.5326784192825113
11.217144250869751; 0.5326784192825113
11.23241925239563; 0.5326784192825113
11.253401517868042; 0.5326784192825113
11.26680612564087; 0.5326784192825113
11.281752109527588; 0.5326784192825113
11.299718618392944; 0.5326784192825113
11.317275285720825; 0.5326784192825113
11.338987112045288; 0.5326784192825113
11.370232820510864; 0.5326784192825113
11.382764101028442; 0.5216840246636771
11.395897150039673; 0.5216840246636771
11.408946990966797; 0.5326784192825113
11.421995639801025; 0.5326784192825113
11.442225456237793; 0.5326784192825113
11.457480669021606; 0.5326784192825113
11.470411777496338; 0.5326784192825113
11.487359523773193; 0.5216840246636771
11.505077123641968; 0.5216840246636771
11.51805305480957; 0.5326784192825113
11.535494804382324; 0.5216840246636771
11.552213668823242; 0.5326784192825113
11.568893432617188; 0.5216840246636771
11.583428859710693; 0.5326784192825113
11.600096940994263; 0.5326784192825113
11.617671966552734; 0.5216840246636771
11.632837295532227; 0.5216840246636771
11.648509979248047; 0.5216840246636771
11.666034698486328; 0.5326784192825113
11.683729648590088; 0.5216840246636771
11.697742938995361; 0.5216840246636771
11.716177940368652; 0.5216840246636771
11.73694372177124; 0.5216840246636771
11.751901626586914; 0.5326784192825113
11.765578746795654; 0.5216840246636771
11.779583215713501; 0.5216840246636771
11.79839038848877; 0.5216840246636771
11.814691066741943; 0.5216840246636771
11.844177484512329; 0.5216840246636771
11.862812757492065; 0.5216840246636771
11.875972747802734; 0.5216840246636771
11.889138460159302; 0.5216840246636771
11.902230501174927; 0.5216840246636771
11.915251731872559; 0.5216840246636771
11.928239345550537; 0.5216840246636771
11.94722318649292; 0.5216840246636771
11.96465253829956; 0.5216840246636771
11.97934079170227; 0.5216840246636771
11.993632793426514; 0.5216840246636771
12.011283874511719; 0.5216840246636771
12.025993824005127; 0.5216840246636771
12.042210102081299; 0.5216840246636771
12.056984663009644; 0.5216840246636771
12.075130939483643; 0.5216840246636771
12.089716672897339; 0.510689630044843
12.107263803482056; 0.5436728139013454
12.124208450317383; 0.5326784192825113
12.139307498931885; 0.5216840246636771
12.155480861663818; 0.4557176569506727
12.171152830123901; 0.46671205156950674
12.188503503799438; 0.46671205156950674
12.202508211135864; 0.44472326233183856
12.216888427734375; 0.47770644618834085
12.236923933029175; 0.4337288677130045
12.251954793930054; 0.41174007847533634
12.273083448410034; 0.41174007847533634
12.288520812988281; 0.41174007847533634
12.303052186965942; 0.4337288677130045
12.317223072052002; 0.38975128923766816
12.336865425109863; 0.4007456838565023
12.35335087776184; 0.38975128923766816
12.376041889190674; 0.3787568946188341
12.394375324249268; 0.41174007847533634
12.407069206237793; 0.36776250000000005
12.420207262039185; 0.38975128923766816
12.43355393409729; 0.3787568946188341
12.452436447143555; 0.35676810538116593
12.472227096557617; 0.35676810538116593
12.48878526687622; 0.3457737107623319
12.50429081916809; 0.36776250000000005
12.51822543144226; 0.36776250000000005
12.532577276229858; 0.3457737107623319
12.54723834991455; 0.3787568946188341
12.56342363357544; 0.36776250000000005
12.576817989349365; 0.33477931614349776
12.590533971786499; 0.36776250000000005
12.604097366333008; 0.33477931614349776
12.61886739730835; 0.35676810538116593
12.63627576828003; 0.3237849215246637
12.660463809967041; 0.35676810538116593
12.673979997634888; 0.35676810538116593
12.692816972732544; 0.35676810538116593
12.708765506744385; 0.35676810538116593
12.7268967628479; 0.3787568946188341
12.741100788116455; 0.35676810538116593
12.75992727279663; 0.38975128923766816
12.776089191436768; 0.4007456838565023
12.795899391174316; 0.4007456838565023
12.810543298721313; 0.36776250000000005
12.826103210449219; 0.3787568946188341
12.840296268463135; 0.42273447309417045
12.856735467910767; 0.41174007847533634
12.875203132629395; 0.38975128923766816
12.907284021377563; 0.41174007847533634
12.95009970664978; 0.46671205156950674
12.964398384094238; 0.4337288677130045
12.978299140930176; 0.4887008408071749
12.992177486419678; 0.44472326233183856
13.00539493560791; 0.4887008408071749
13.01848554611206; 0.4557176569506727
13.036926031112671; 0.4887008408071749
13.055908679962158; 0.47770644618834085
13.06985330581665; 0.5216840246636771
13.0840163230896; 0.49969523542600897
13.09939455986023; 0.49969523542600897
13.113051891326904; 0.5546672085201794
13.128882646560669; 0.5436728139013454
13.145594596862793; 0.5766559977578476
13.164525508880615; 0.5326784192825113
13.178062438964844; 0.5766559977578476
13.194142580032349; 0.5656616031390135
13.211221694946289; 0.5546672085201794
13.22931957244873; 0.46671205156950674
13.24730658531189; 0.49969523542600897
13.26360273361206; 0.49969523542600897
13.282272815704346; 0.46671205156950674
13.29646348953247; 0.4887008408071749
13.310983180999756; 0.4337288677130045
13.328895568847656; 0.46671205156950674
13.348966836929321; 0.42273447309417045
13.368096828460693; 0.44472326233183856
13.383283138275146; 0.44472326233183856
13.3975670337677; 0.4007456838565023
13.413974046707153; 0.41174007847533634
13.432902097702026; 0.41174007847533634
13.46338963508606; 0.41174007847533634
13.482308387756348; 0.36776250000000005
13.494997501373291; 0.4007456838565023
13.507545948028564; 0.3457737107623319
13.520718097686768; 0.35676810538116593
13.538959741592407; 0.3787568946188341
13.557569026947021; 0.35676810538116593
13.571582555770874; 0.3787568946188341
13.585529804229736; 0.3457737107623319
13.59959602355957; 0.3787568946188341
13.613449811935425; 0.35676810538116593
13.628206253051758; 0.33477931614349776
13.645628213882446; 0.3457737107623319
13.664079189300537; 0.36776250000000005
13.679706573486328; 0.3457737107623319
13.694257259368896; 0.3237849215246637
13.71092414855957; 0.3237849215246637
13.734681129455566; 0.36776250000000005
13.751461505889893; 0.36776250000000005
13.765416383743286; 0.35676810538116593
13.782084941864014; 0.36776250000000005
13.802138090133667; 0.3457737107623319
13.816789865493774; 0.3787568946188341
13.83473253250122; 0.35676810538116593
13.853302955627441; 0.38975128923766816
13.873397588729858; 0.38975128923766816
13.889580488204956; 0.4007456838565023
13.90391731262207; 0.3787568946188341
13.919654607772827; 0.3787568946188341
13.9356689453125; 0.38975128923766816
13.951591491699219; 0.41174007847533634
13.974490404129028; 0.4007456838565023
13.989918231964111; 0.41174007847533634
14.00244688987732; 0.44472326233183856
14.01503586769104; 0.4557176569506727
14.028294801712036; 0.42273447309417045
14.04662036895752; 0.47770644618834085
14.066771984100342; 0.4557176569506727
14.080522060394287; 0.46671205156950674
14.096381425857544; 0.49969523542600897
14.109565496444702; 0.46671205156950674
14.122926950454712; 0.510689630044843
14.13797903060913; 0.5216840246636771
14.15519380569458; 0.5326784192825113
14.169569730758667; 0.4887008408071749
14.187602758407593; 0.5656616031390135
14.203167200088501; 0.5656616031390135
14.2217857837677; 0.5546672085201794
14.239793300628662; 0.5436728139013454
14.255271196365356; 0.5326784192825113
14.269792318344116; 0.5656616031390135
14.288503885269165; 0.49969523542600897
14.303611993789673; 0.4887008408071749
14.317857503890991; 0.5326784192825113
14.33176875114441; 0.46671205156950674
14.349186182022095; 0.49969523542600897
14.365020275115967; 0.4887008408071749
14.381381273269653; 0.47770644618834085
14.396953344345093; 0.44472326233183856
14.412948608398438; 0.42273447309417045
14.427554368972778; 0.42273447309417045
14.444063186645508; 0.41174007847533634
14.463067054748535; 0.44472326233183856
14.481727838516235; 0.4007456838565023
14.51271915435791; 0.41174007847533634
14.52523922920227; 0.3787568946188341
14.537894487380981; 0.41174007847533634
14.551421880722046; 0.3787568946188341
14.56972861289978; 0.38975128923766816
14.590160846710205; 0.36776250000000005
14.603891611099243; 0.4007456838565023
14.622098207473755; 0.36776250000000005
14.640253782272339; 0.3787568946188341
14.654094219207764; 0.35676810538116593
14.66823673248291; 0.3787568946188341
14.684705972671509; 0.3787568946188341
14.699108600616455; 0.33477931614349776
14.713866233825684; 0.3457737107623319
14.728531837463379; 0.36776250000000005
14.746223449707031; 0.33477931614349776
14.76272964477539; 0.33477931614349776
14.778732061386108; 0.33477931614349776
14.797578811645508; 0.35676810538116593
14.81297492980957; 0.36776250000000005
14.831506729125977; 0.3457737107623319
14.846421241760254; 0.36776250000000005
14.864618301391602; 0.3457737107623319
14.881026029586792; 0.35676810538116593
14.900314092636108; 0.38975128923766816
14.915375709533691; 0.3787568946188341
14.930693626403809; 0.36776250000000005
14.945029258728027; 0.36776250000000005
14.964371681213379; 0.41174007847533634
14.98515009880066; 0.4007456838565023
15.012797355651855; 0.42273447309417045
15.031413555145264; 0.4007456838565023
15.044513702392578; 0.4337288677130045
15.056992530822754; 0.4337288677130045
15.070385932922363; 0.41174007847533634
15.088756322860718; 0.4557176569506727
15.108277797698975; 0.42273447309417045
15.12274980545044; 0.4337288677130045
15.143856048583984; 0.46671205156950674
15.159246921539307; 0.4887008408071749
15.173231601715088; 0.4557176569506727
15.192154169082642; 0.5216840246636771
15.209023237228394; 0.5216840246636771
15.226436853408813; 0.4887008408071749
15.241023063659668; 0.5326784192825113
15.256608486175537; 0.5546672085201794
15.27261209487915; 0.5656616031390135
15.295689344406128; 0.5766559977578476
15.316082000732422; 0.5876503923766816
15.334165096282959; 0.5436728139013454
15.348969221115112; 0.5766559977578476
15.366063356399536; 0.5326784192825113
15.386066675186157; 0.5326784192825113
15.404484748840332; 0.47770644618834085
15.41931962966919; 0.510689630044843
15.43545389175415; 0.49969523542600897
15.453820943832397; 0.44472326233183856
15.472588539123535; 0.47770644618834085
15.489752054214478; 0.4557176569506727
15.51616621017456; 0.4557176569506727
15.53629755973816; 0.44472326233183856
15.549421548843384; 0.41174007847533634
15.561954259872437; 0.4007456838565023
15.57524847984314; 0.4337288677130045
15.593676567077637; 0.38975128923766816
15.612879991531372; 0.41174007847533634
15.628450870513916; 0.42273447309417045
15.643577575683594; 0.38975128923766816
15.657654047012329; 0.38975128923766816
15.671676874160767; 0.38975128923766816
15.686123132705688; 0.35676810538116593
15.703117847442627; 0.36776250000000005
15.7184898853302; 0.35676810538116593
15.735040664672852; 0.35676810538116593
15.749943017959595; 0.3457737107623319
15.769435167312622; 0.3787568946188341
15.786204814910889; 0.36776250000000005
15.802024602890015; 0.36776250000000005
15.818159341812134; 0.36776250000000005
15.835617542266846; 0.33477931614349776
15.853647708892822; 0.33477931614349776
15.868103981018066; 0.33477931614349776
15.88536787033081; 0.3457737107623319
15.90361762046814; 0.36776250000000005
15.925676822662354; 0.36776250000000005
15.939820051193237; 0.3457737107623319
15.95794153213501; 0.3787568946188341
15.971439838409424; 0.3457737107623319
15.98545789718628; 0.38975128923766816
16.000893592834473; 0.38975128923766816
16.01929211616516; 0.36776250000000005
16.04979681968689; 0.4007456838565023
16.06236720085144; 0.36776250000000005
16.074949026107788; 0.42273447309417045
16.088569164276123; 0.38975128923766816
16.1070396900177; 0.41174007847533634
16.12986469268799; 0.4337288677130045
16.143840074539185; 0.4007456838565023
16.157247304916382; 0.44472326233183856
16.173011302947998; 0.44472326233183856
16.18678331375122; 0.4337288677130045
16.200705528259277; 0.47770644618834085
16.21824026107788; 0.47770644618834085
16.232890605926514; 0.47770644618834085
16.25059199333191; 0.49969523542600897
16.267597436904907; 0.47770644618834085
16.285221815109253; 0.46671205156950674
16.303359270095825; 0.5326784192825113
16.318798780441284; 0.5436728139013454
16.334916353225708; 0.5436728139013454
16.352091550827026; 0.5546672085201794
16.37097978591919; 0.5216840246636771
16.385124921798706; 0.5766559977578476
16.403801441192627; 0.5436728139013454
16.419950008392334; 0.5326784192825113
16.439387559890747; 0.5546672085201794
16.454590559005737; 0.5546672085201794
16.469431161880493; 0.5216840246636771
16.483726024627686; 0.47770644618834085
16.4996235370636; 0.46671205156950674
16.51933765411377; 0.4887008408071749
16.551097631454468; 0.47770644618834085
16.569626569747925; 0.4337288677130045
16.582194566726685; 0.4557176569506727
16.595399618148804; 0.4337288677130045
16.608606576919556; 0.41174007847533634
16.62693953514099; 0.4337288677130045
16.648181438446045; 0.4337288677130045
16.6628201007843; 0.38975128923766816
16.676712036132812; 0.42273447309417045
16.691271781921387; 0.4007456838565023
16.70624089241028; 0.3787568946188341
16.720879554748535; 0.38975128923766816
16.738287925720215; 0.36776250000000005
16.755441188812256; 0.36776250000000005
16.76920795440674; 0.36776250000000005
16.785656213760376; 0.36776250000000005
16.802417516708374; 0.35676810538116593
16.826928853988647; 0.3787568946188341
16.84356451034546; 0.3787568946188341
16.86008334159851; 0.3787568946188341
16.875266075134277; 0.36776250000000005
16.89302635192871; 0.3457737107623319
16.90762972831726; 0.36776250000000005
16.926330089569092; 0.3237849215246637
16.941463947296143; 0.3457737107623319
16.95952606201172; 0.33477931614349776
16.977500677108765; 0.36776250000000005
16.993648767471313; 0.36776250000000005
17.008070945739746; 0.33477931614349776
17.024537324905396; 0.3457737107623319
17.04272150993347; 0.3787568946188341
17.06140637397766; 0.3457737107623319
17.092313766479492; 0.36776250000000005
17.105449438095093; 0.4007456838565023
17.118586778640747; 0.3787568946188341
17.13178324699402; 0.3787568946188341
17.150041103363037; 0.42273447309417045
17.17166757583618; 0.42273447309417045
17.18707537651062; 0.42273447309417045
17.20543336868286; 0.42273447309417045
17.223546743392944; 0.4007456838565023
17.238471508026123; 0.42273447309417045
17.255833864212036; 0.41174007847533634
17.269575357437134; 0.46671205156950674
17.287529230117798; 0.4337288677130045
17.3014554977417; 0.47770644618834085
17.319745779037476; 0.4557176569506727
17.342960357666016; 0.49969523542600897
17.35864758491516; 0.49969523542600897
17.37475609779358; 0.510689630044843
17.39149236679077; 0.5326784192825113
17.410794019699097; 0.49969523542600897
17.42475438117981; 0.5546672085201794
17.44657588005066; 0.5656616031390135
17.465137720108032; 0.5326784192825113
17.482887268066406; 0.5766559977578476
17.49758005142212; 0.5326784192825113
17.516673803329468; 0.5546672085201794
17.53254222869873; 0.5436728139013454
17.5478196144104; 0.5326784192825113
17.566450357437134; 0.4887008408071749
17.597285270690918; 0.49969523542600897
17.609769344329834; 0.44472326233183856
17.62226438522339; 0.46671205156950674
17.635658502578735; 0.47770644618834085
17.65385365486145; 0.4557176569506727
17.678749084472656; 0.4557176569506727
17.694236278533936; 0.44472326233183856
17.71268081665039; 0.41174007847533634
17.731582403182983; 0.42273447309417045
17.745765209197998; 0.3787568946188341
17.7642502784729; 0.41174007847533634
17.77805519104004; 0.3787568946188341
17.79597282409668; 0.38975128923766816
17.81053853034973; 0.36776250000000005
17.82863163948059; 0.38975128923766816
17.845327377319336; 0.38975128923766816
17.860633373260498; 0.38975128923766816
17.874500513076782; 0.35676810538116593
17.895041465759277; 0.38975128923766816
17.913087606430054; 0.3457737107623319
17.927172422409058; 0.3787568946188341
17.94194221496582; 0.36776250000000005
17.95905590057373; 0.36776250000000005
17.9751455783844; 0.36776250000000005
17.99145197868347; 0.36776250000000005
18.012908220291138; 0.35676810538116593
18.026267766952515; 0.3237849215246637
18.04255223274231; 0.33477931614349776
18.06125569343567; 0.36776250000000005
18.080883264541626; 0.36776250000000005
18.10621213912964; 0.3457737107623319
18.122272729873657; 0.35676810538116593
18.134754180908203; 0.36776250000000005
18.147312879562378; 0.38975128923766816
18.16161847114563; 0.4007456838565023
18.180124759674072; 0.36776250000000005
18.203118562698364; 0.4007456838565023
18.217238426208496; 0.3787568946188341
18.231205701828003; 0.41174007847533634
18.245709896087646; 0.41174007847533634
18.26032829284668; 0.38975128923766816
18.275190591812134; 0.42273447309417045
18.292633771896362; 0.41174007847533634
18.30913543701172; 0.4007456838565023
18.322524309158325; 0.4557176569506727
18.33836531639099; 0.46671205156950674
18.352246046066284; 0.42273447309417045
18.36876153945923; 0.4337288677130045
18.39074397087097; 0.46671205156950674
18.40424394607544; 0.47770644618834085
18.4212863445282; 0.4557176569506727
18.43627643585205; 0.510689630044843
18.45050048828125; 0.5216840246636771
18.46518588066101; 0.47770644618834085
18.482908010482788; 0.5436728139013454
18.506439208984375; 0.5546672085201794
18.524616956710815; 0.510689630044843
18.540378093719482; 0.5216840246636771
18.555917501449585; 0.5436728139013454
18.57197380065918; 0.5326784192825113
18.58771562576294; 0.5216840246636771
18.603623151779175; 0.5216840246636771
18.626825094223022; 0.4887008408071749
18.643404960632324; 0.4887008408071749
18.658323764801025; 0.47770644618834085
18.670978307724; 0.4557176569506727
18.68402910232544; 0.49969523542600897
18.702388286590576; 0.44472326233183856
18.72406029701233; 0.4337288677130045
18.738574981689453; 0.46671205156950674
18.756802797317505; 0.42273447309417045
18.77311682701111; 0.41174007847533634
18.79145646095276; 0.4337288677130045
18.810696363449097; 0.38975128923766816
18.827420949935913; 0.38975128923766816
18.84009337425232; 0.42273447309417045
18.85569667816162; 0.41174007847533634
18.873290300369263; 0.41174007847533634
18.891409158706665; 0.36776250000000005
18.906749486923218; 0.36776250000000005
18.92270302772522; 0.36776250000000005
18.9409601688385; 0.36776250000000005
18.95897603034973; 0.38975128923766816
18.973127603530884; 0.3457737107623319
18.991548538208008; 0.3787568946188341
19.00755524635315; 0.3787568946188341
19.026958465576172; 0.33477931614349776
19.04161238670349; 0.3457737107623319
19.056108236312866; 0.36776250000000005
19.070191144943237; 0.33477931614349776
19.089295387268066; 0.35676810538116593
19.10598087310791; 0.33477931614349776
19.135082006454468; 0.36776250000000005
19.15359401702881; 0.36776250000000005
19.166134119033813; 0.33477931614349776
19.178706645965576; 0.3787568946188341
19.19195246696472; 0.35676810538116593
19.210753917694092; 0.35676810538116593
19.23494815826416; 0.38975128923766816
19.248461484909058; 0.36776250000000005
19.26398015022278; 0.36776250000000005
19.28432035446167; 0.36776250000000005
19.297943353652954; 0.41174007847533634
19.31576108932495; 0.41174007847533634
19.333097219467163; 0.38975128923766816
19.351524829864502; 0.42273447309417045
19.366730451583862; 0.4007456838565023
19.38410449028015; 0.44472326233183856
19.402404069900513; 0.42273447309417045
19.420302629470825; 0.42273447309417045
19.43662667274475; 0.4337288677130045
19.451555728912354; 0.44472326233183856
19.46968126296997; 0.47770644618834085
19.483793258666992; 0.4557176569506727
19.50101923942566; 0.4557176569506727
19.51894235610962; 0.510689630044843
19.53641366958618; 0.5216840246636771
19.555339813232422; 0.49969523542600897
19.569350957870483; 0.510689630044843
19.58513069152832; 0.5546672085201794
19.604165077209473; 0.5326784192825113
19.634939193725586; 0.5326784192825113
19.653470039367676; 0.5876503923766816
19.66601586341858; 0.5436728139013454
19.678510665893555; 0.510689630044843
19.691893577575684; 0.5546672085201794
19.710304975509644; 0.4887008408071749
19.73428964614868; 0.5216840246636771
19.74768304824829; 0.46671205156950674
19.765274047851562; 0.44472326233183856
19.783430099487305; 0.4887008408071749
19.801729679107666; 0.4337288677130045
19.81839108467102; 0.42273447309417045
19.832303047180176; 0.4557176569506727
19.847667455673218; 0.44472326233183856
19.861389875411987; 0.4007456838565023
19.87905240058899; 0.42273447309417045
19.89604616165161; 0.4337288677130045
19.91228175163269; 0.42273447309417045
19.931878566741943; 0.3787568946188341
19.9492769241333; 0.4007456838565023
19.967070817947388; 0.41174007847533634
19.981209754943848; 0.3787568946188341
19.994746208190918; 0.38975128923766816
20.012843370437622; 0.35676810538116593
20.028613805770874; 0.35676810538116593
20.045019149780273; 0.35676810538116593
20.06693720817566; 0.3457737107623319
20.080914735794067; 0.36776250000000005
20.09603977203369; 0.36776250000000005
20.11514711380005; 0.33477931614349776
20.131453037261963; 0.33477931614349776
20.156195640563965; 0.35676810538116593
20.174911737442017; 0.33477931614349776
20.187501668930054; 0.35676810538116593
20.200035333633423; 0.33477931614349776
20.2131667137146; 0.3457737107623319
20.23173427581787; 0.36776250000000005
20.25617241859436; 0.3457737107623319
20.26972723007202; 0.3787568946188341
20.287439346313477; 0.3457737107623319
20.30819845199585; 0.35676810538116593
20.323691844940186; 0.3787568946188341
20.341493129730225; 0.36776250000000005
20.356526136398315; 0.3787568946188341
20.373586177825928; 0.3787568946188341
20.388010263442993; 0.42273447309417045
20.406526803970337; 0.3787568946188341
20.434677362442017; 0.4337288677130045
20.452164888381958; 0.44472326233183856
20.47095799446106; 0.4007456838565023
20.490002393722534; 0.4557176569506727
20.504347562789917; 0.44472326233183856
20.52326536178589; 0.4557176569506727
20.539141178131104; 0.4887008408071749
20.55673098564148; 0.44472326233183856
20.57432770729065; 0.46671205156950674
20.58940601348877; 0.46671205156950674
20.60377311706543; 0.5216840246636771
20.62278962135315; 0.4887008408071749
20.64303731918335; 0.49969523542600897
20.670615434646606; 0.49969523542600897
20.68869376182556; 0.5766559977578476
20.70123052597046; 0.5326784192825113
20.71382212638855; 0.5326784192825113
20.7270245552063; 0.5876503923766816
20.745333194732666; 0.5216840246636771
20.770177364349365; 0.5656616031390135
20.78376865386963; 0.49969523542600897
20.80331778526306; 0.510689630044843
20.819173574447632; 0.510689630044843
20.832796573638916; 0.46671205156950674
20.85114550590515; 0.4887008408071749
20.86651349067688; 0.47770644618834085
20.88241410255432; 0.46671205156950674
20.897740125656128; 0.4337288677130045
20.914851665496826; 0.4557176569506727
20.93125820159912; 0.4557176569506727
20.946866989135742; 0.44472326233183856
20.962610244750977; 0.42273447309417045
20.980716705322266; 0.42273447309417045
20.999356031417847; 0.38975128923766816
21.013636589050293; 0.4007456838565023
21.0303053855896; 0.3787568946188341
21.047109127044678; 0.36776250000000005
21.06219458580017; 0.38975128923766816
21.082275867462158; 0.4007456838565023
21.096099376678467; 0.35676810538116593
21.11191701889038; 0.35676810538116593
21.126121997833252; 0.3787568946188341
21.14571976661682; 0.35676810538116593
21.163535356521606; 0.3787568946188341
21.187171459197998; 0.3457737107623319
21.20566177368164; 0.36776250000000005
21.218192100524902; 0.33477931614349776
21.23081398010254; 0.3237849215246637
21.24426007270813; 0.36776250000000005
21.26269817352295; 0.33477931614349776
21.28767156600952; 0.36776250000000005
21.301442861557007; 0.33477931614349776
21.318825006484985; 0.36776250000000005
21.336448192596436; 0.3787568946188341
21.349823474884033; 0.3457737107623319
21.36945152282715; 0.36776250000000005
21.383195877075195; 0.3787568946188341
21.40110206604004; 0.38975128923766816
21.414790630340576; 0.36776250000000005
21.432637453079224; 0.4007456838565023
21.449443101882935; 0.41174007847533634
21.465907335281372; 0.41174007847533634
21.48093008995056; 0.42273447309417045
21.501261234283447; 0.4007456838565023
21.516279935836792; 0.4007456838565023
21.534634351730347; 0.4337288677130045
21.55407977104187; 0.41174007847533634
21.571929693222046; 0.4557176569506727
21.591198921203613; 0.4337288677130045
21.606141090393066; 0.47770644618834085
21.625564336776733; 0.47770644618834085
21.64382553100586; 0.49969523542600897
21.659794092178345; 0.510689630044843
21.689685583114624; 0.510689630044843
21.70812702178955; 0.5326784192825113
21.72126865386963; 0.4887008408071749
21.733837127685547; 0.5546672085201794
21.74713397026062; 0.510689630044843
21.765560388565063; 0.5436728139013454
21.79053258895874; 0.5436728139013454
21.80407476425171; 0.6096391816143498
21.821770906448364; 0.5656616031390135
21.839372396469116; 0.49969523542600897
21.852665901184082; 0.5436728139013454
21.871363401412964; 0.4887008408071749
21.884901762008667; 0.5216840246636771
21.90276074409485; 0.49969523542600897
21.916786670684814; 0.4887008408071749
21.93477463722229; 0.4887008408071749
21.948018789291382; 0.4337288677130045
21.9673810005188; 0.46671205156950674
21.98491621017456; 0.41174007847533634
22.000442504882812; 0.42273447309417045
22.01952862739563; 0.44472326233183856
22.03353762626648; 0.4007456838565023
22.04812455177307; 0.4337288677130045
22.068719148635864; 0.42273447309417045
22.09070920944214; 0.42273447309417045
22.110098123550415; 0.36776250000000005
22.124190092086792; 0.3787568946188341
22.14006233215332; 0.38975128923766816
22.15847682952881; 0.35676810538116593
22.174907684326172; 0.35676810538116593
22.20693325996399; 0.36776250000000005
22.225791931152344; 0.3787568946188341
22.238988637924194; 0.3457737107623319
22.252241134643555; 0.3787568946188341
22.265735864639282; 0.33477931614349776
22.284055948257446; 0.36776250000000005
22.30929923057556; 0.33477931614349776
22.323180437088013; 0.36776250000000005
22.34054183959961; 0.33477931614349776
22.358367204666138; 0.33477931614349776
22.37241005897522; 0.3457737107623319
22.390750885009766; 0.3457737107623319
22.40738868713379; 0.36776250000000005
22.421862602233887; 0.3457737107623319
22.436756134033203; 0.36776250000000005
22.453346967697144; 0.36776250000000005
22.470833778381348; 0.35676810538116593
22.48926830291748; 0.4007456838565023
22.50758171081543; 0.36776250000000005
22.52532148361206; 0.36776250000000005
22.5438871383667; 0.41174007847533634
22.55812692642212; 0.4007456838565023
22.57737374305725; 0.4007456838565023
22.593403339385986; 0.42273447309417045
22.61250066757202; 0.4337288677130045
22.62743306159973; 0.41174007847533634
22.642106771469116; 0.4337288677130045
22.656049251556396; 0.46671205156950674
22.672555685043335; 0.47770644618834085
22.690865755081177; 0.44472326233183856
22.708951711654663; 0.44472326233183856
22.741044759750366; 0.47770644618834085
22.753578424453735; 0.510689630044843
22.76616406440735; 0.47770644618834085
22.77972912788391; 0.5326784192825113
22.79803204536438; 0.5326784192825113
22.822569608688354; 0.5546672085201794
22.839435577392578; 0.5656616031390135
22.86078453063965; 0.5876503923766816
22.87578010559082; 0.5436728139013454
22.890681743621826; 0.5436728139013454
22.90859627723694; 0.5326784192825113
22.92289423942566; 0.5326784192825113
22.936899662017822; 0.5436728139013454
22.95107388496399; 0.5326784192825113
22.96704125404358; 0.5326784192825113
22.980862379074097; 0.5326784192825113
23.00538730621338; 0.5326784192825113
23.020163536071777; 0.5326784192825113
23.035950183868408; 0.5326784192825113
23.05396056175232; 0.5216840246636771
23.067601680755615; 0.5326784192825113
23.081540822982788; 0.5326784192825113
23.099572896957397; 0.5326784192825113
23.11531686782837; 0.5326784192825113
23.13456439971924; 0.5326784192825113
23.14974284172058; 0.5326784192825113
23.168665170669556; 0.5216840246636771
23.186447143554688; 0.5216840246636771
23.205726861953735; 0.5326784192825113
23.221645832061768; 0.5216840246636771
23.24485731124878; 0.5326784192825113
23.262845993041992; 0.5216840246636771
23.276017427444458; 0.5326784192825113
23.289186716079712; 0.5216840246636771
23.302586555480957; 0.5326784192825113
23.32077169418335; 0.5216840246636771
23.346715927124023; 0.5216840246636771
23.359803438186646; 0.5216840246636771
23.377267122268677; 0.5216840246636771
23.394558668136597; 0.5216840246636771
23.40717339515686; 0.5216840246636771
23.42557120323181; 0.5216840246636771
23.44202470779419; 0.5216840246636771
23.459696531295776; 0.5216840246636771
23.473907470703125; 0.5216840246636771
23.489500761032104; 0.5216840246636771
23.50562024116516; 0.5216840246636771
23.527127981185913; 0.5216840246636771
23.542790412902832; 0.5216840246636771
23.557990550994873; 0.5216840246636771
23.57721209526062; 0.5216840246636771
23.590662240982056; 0.5216840246636771
23.60867476463318; 0.5216840246636771
23.627495527267456; 0.5326784192825113
23.647162675857544; 0.5216840246636771
23.661120414733887; 0.5216840246636771
23.67736792564392; 0.5216840246636771
23.695451736450195; 0.5216840246636771
23.711510181427002; 0.5216840246636771
23.729482889175415; 0.5216840246636771
23.760001182556152; 0.5216840246636771
23.77250838279724; 0.5216840246636771
23.78566074371338; 0.5216840246636771
23.798858165740967; 0.5216840246636771
23.812066555023193; 0.5216840246636771
23.84048867225647; 0.5216840246636771
23.858394384384155; 0.5216840246636771
23.8726544380188; 0.510689630044843
23.88805389404297; 0.5766559977578476
23.90533185005188; 0.5436728139013454
23.921897888183594; 0.5216840246636771
23.93985915184021; 0.47770644618834085
23.95448088645935; 0.4887008408071749
23.97156310081482; 0.46671205156950674
23.98735523223877; 0.4557176569506727
24.005874395370483; 0.4887008408071749
24.0258731842041; 0.47770644618834085
24.04194712638855; 0.46671205156950674
24.060446739196777; 0.4337288677130045
24.081093311309814; 0.44472326233183856
24.095048666000366; 0.4007456838565023
24.109265327453613; 0.4337288677130045
24.126248836517334; 0.42273447309417045
24.141474962234497; 0.42273447309417045
24.165157794952393; 0.4007456838565023
24.18678379058838; 0.4007456838565023
24.202107906341553; 0.4007456838565023
24.21538472175598; 0.35676810538116593
24.232964277267456; 0.4007456838565023
24.25277876853943; 0.38975128923766816
24.27523374557495; 0.38975128923766816
24.29357647895813; 0.3457737107623319
24.306091785430908; 0.3787568946188341
24.31866431236267; 0.3787568946188341
24.331891536712646; 0.3787568946188341
24.350536346435547; 0.3457737107623319
24.37636661529541; 0.36776250000000005
24.393637657165527; 0.33477931614349776
24.411030530929565; 0.33477931614349776
24.431663751602173; 0.33477931614349776
24.448071718215942; 0.35676810538116593
24.466588258743286; 0.33477931614349776
24.480971574783325; 0.35676810538116593
24.49826431274414; 0.3237849215246637
24.51263976097107; 0.35676810538116593
24.53104019165039; 0.3237849215246637
24.5488224029541; 0.31279052690582965
24.564741134643555; 0.3457737107623319
24.57797908782959; 0.31279052690582965
24.594751596450806; 0.31279052690582965
24.609537839889526; 0.3237849215246637
24.62361216545105; 0.3457737107623319
24.641294956207275; 0.3237849215246637
24.65895175933838; 0.31279052690582965
24.68165683746338; 0.33477931614349776
24.69935941696167; 0.31279052690582965
24.713284969329834; 0.33477931614349776
24.72852396965027; 0.33477931614349776
24.746873378753662; 0.3237849215246637
24.763431787490845; 0.31279052690582965
24.79419469833374; 0.30179613228699553
24.812692880630493; 0.3237849215246637
24.825226306915283; 0.31279052690582965
24.837828874588013; 0.30179613228699553
24.851661920547485; 0.33477931614349776
