-0.5662377310000011; 0.3787568946188341
-0.5662377310000011; 0.42273447309417045
-0.5662377310000011; 0.38975128923766816
-0.5662377310000011; 0.42273447309417045
-0.5662377310000011; 0.4007456838565023
-0.5662377310000011; 0.4557176569506727
-0.5662377310000011; 0.46671205156950674
-0.5662377310000011; 0.42273447309417045
-0.5662377310000011; 0.4887008408071749
-0.5662377310000011; 0.44472326233183856
-0.5662377310000011; 0.510689630044843
-0.5662377310000011; 0.510689630044843
-0.5662377310000011; 0.46671205156950674
-0.5662377310000011; 0.5436728139013454
-0.5662377310000011; 0.5436728139013454
-0.5662377310000011; 0.5436728139013454
-0.5662377310000011; 0.49969523542600897
-0.5662377310000011; 0.5656616031390135
-0.5662377310000011; 0.5326784192825113
-0.5662377310000011; 0.5766559977578476
-0.5662377310000011; 0.49969523542600897
-0.5662377310000011; 0.49969523542600897
-0.5662377310000011; 0.5436728139013454
-0.5662377310000011; 0.47770644618834085
-0.5662377310000011; 0.5216840246636771
-0.5662377310000011; 0.46671205156950674
0.4337622689999989; 0.47770644618834085
0.4337622689999989; 0.49969523542600897
0.4337622689999989; 0.44472326233183856
0.4337622689999989; 0.47770644618834085
0.4337622689999989; 0.4337288677130045
0.4337622689999989; 0.46671205156950674
0.4337622689999989; 0.44472326233183856
0.4337622689999989; 0.42273447309417045
0.4337622689999989; 0.41174007847533634
0.4337622689999989; 0.4007456838565023
0.4337622689999989; 0.4337288677130045
0.4337622689999989; 0.38975128923766816
0.4337622689999989; 0.42273447309417045
0.4337622689999989; 0.3787568946188341
0.4337622689999989; 0.41174007847533634
0.4337622689999989; 0.36776250000000005
0.4337622689999989; 0.4007456838565023
0.4337622689999989; 0.41174007847533634
0.4337622689999989; 0.4007456838565023
0.4337622689999989; 0.4007456838565023
0.4337622689999989; 0.38975128923766816
0.4337622689999989; 0.36776250000000005
0.4337622689999989; 0.36776250000000005
0.4337622689999989; 0.35676810538116593
0.4337622689999989; 0.3457737107623319
0.4337622689999989; 0.3457737107623319
0.4337622689999989; 0.33477931614349776
0.4337622689999989; 0.36776250000000005
0.4337622689999989; 0.35676810538116593
0.4337622689999989; 0.33477931614349776
0.4337622689999989; 0.36776250000000005
0.4337622689999989; 0.3457737107623319
0.4337622689999989; 0.33477931614349776
0.4337622689999989; 0.3787568946188341
0.4337622689999989; 0.36776250000000005
0.4337622689999989; 0.3457737107623319
0.4337622689999989; 0.36776250000000005
0.4337622689999989; 0.35676810538116593
0.4337622689999989; 0.4007456838565023
0.4337622689999989; 0.36776250000000005
0.4337622689999989; 0.41174007847533634
0.4337622689999989; 0.41174007847533634
0.4337622689999989; 0.41174007847533634
0.4337622689999989; 0.4337288677130045
0.4337622689999989; 0.4007456838565023
0.4337622689999989; 0.4337288677130045
0.4337622689999989; 0.4007456838565023
0.4337622689999989; 0.41174007847533634
0.4337622689999989; 0.41174007847533634
0.4337622689999989; 0.46671205156950674
0.4337622689999989; 0.42273447309417045
0.4337622689999989; 0.4557176569506727
0.4337622689999989; 0.4557176569506727
0.4337622689999989; 0.4887008408071749
0.4337622689999989; 0.510689630044843
0.4337622689999989; 0.510689630044843
0.4337622689999989; 0.46671205156950674
0.4337622689999989; 0.5216840246636771
0.4337622689999989; 0.47770644618834085
0.4337622689999989; 0.4887008408071749
0.4337622689999989; 0.5546672085201794
0.4337622689999989; 0.5546672085201794
1.433762268999999; 0.5216840246636771
1.433762268999999; 0.5656616031390135
1.433762268999999; 0.49969523542600897
1.433762268999999; 0.5326784192825113
1.433762268999999; 0.5216840246636771
1.433762268999999; 0.5216840246636771
1.433762268999999; 0.510689630044843
1.433762268999999; 0.44472326233183856
1.433762268999999; 0.49969523542600897
1.433762268999999; 0.4337288677130045
1.433762268999999; 0.44472326233183856
1.433762268999999; 0.4557176569506727
1.433762268999999; 0.4337288677130045
1.433762268999999; 0.46671205156950674
1.433762268999999; 0.4337288677130045
1.433762268999999; 0.44472326233183856
1.433762268999999; 0.4007456838565023
1.433762268999999; 0.38975128923766816
1.433762268999999; 0.41174007847533634
1.433762268999999; 0.41174007847533634
1.433762268999999; 0.3787568946188341
1.433762268999999; 0.36776250000000005
1.433762268999999; 0.41174007847533634
1.433762268999999; 0.4007456838565023
1.433762268999999; 0.35676810538116593
1.433762268999999; 0.35676810538116593
1.433762268999999; 0.38975128923766816
1.433762268999999; 0.3457737107623319
1.433762268999999; 0.3787568946188341
1.433762268999999; 0.3787568946188341
1.433762268999999; 0.36776250000000005
1.433762268999999; 0.3457737107623319
1.433762268999999; 0.33477931614349776
1.433762268999999; 0.33477931614349776
1.433762268999999; 0.36776250000000005
1.433762268999999; 0.33477931614349776
1.433762268999999; 0.35676810538116593
1.433762268999999; 0.36776250000000005
1.433762268999999; 0.3457737107623319
1.433762268999999; 0.36776250000000005
1.433762268999999; 0.3457737107623319
1.433762268999999; 0.38975128923766816
1.433762268999999; 0.38975128923766816
1.433762268999999; 0.38975128923766816
1.433762268999999; 0.35676810538116593
1.433762268999999; 0.41174007847533634
1.433762268999999; 0.36776250000000005
1.433762268999999; 0.3787568946188341
1.433762268999999; 0.38975128923766816
1.433762268999999; 0.38975128923766816
1.433762268999999; 0.4007456838565023
1.433762268999999; 0.44472326233183856
1.433762268999999; 0.4557176569506727
1.433762268999999; 0.41174007847533634
1.433762268999999; 0.46671205156950674
1.433762268999999; 0.46671205156950674
1.433762268999999; 0.4887008408071749
1.433762268999999; 0.46671205156950674
1.433762268999999; 0.44472326233183856
1.433762268999999; 0.4557176569506727
2.433762268999999; 0.5216840246636771
2.433762268999999; 0.5326784192825113
2.433762268999999; 0.4887008408071749
2.433762268999999; 0.5546672085201794
2.433762268999999; 0.49969523542600897
2.433762268999999; 0.5656616031390135
2.433762268999999; 0.5546672085201794
2.433762268999999; 0.510689630044843
2.433762268999999; 0.5656616031390135
2.433762268999999; 0.4887008408071749
2.433762268999999; 0.5326784192825113
2.433762268999999; 0.46671205156950674
2.433762268999999; 0.510689630044843
2.433762268999999; 0.4557176569506727
2.433762268999999; 0.44472326233183856
2.433762268999999; 0.44472326233183856
2.433762268999999; 0.46671205156950674
2.433762268999999; 0.4337288677130045
2.433762268999999; 0.44472326233183856
2.433762268999999; 0.4557176569506727
2.433762268999999; 0.44472326233183856
2.433762268999999; 0.44472326233183856
2.433762268999999; 0.38975128923766816
2.433762268999999; 0.42273447309417045
2.433762268999999; 0.38975128923766816
2.433762268999999; 0.38975128923766816
2.433762268999999; 0.41174007847533634
2.433762268999999; 0.36776250000000005
2.433762268999999; 0.41174007847533634
2.433762268999999; 0.35676810538116593
2.433762268999999; 0.38975128923766816
2.433762268999999; 0.35676810538116593
2.433762268999999; 0.3787568946188341
2.433762268999999; 0.3787568946188341
2.433762268999999; 0.33477931614349776
2.433762268999999; 0.36776250000000005
2.433762268999999; 0.36776250000000005
2.433762268999999; 0.36776250000000005
2.433762268999999; 0.33477931614349776
2.433762268999999; 0.33477931614349776
2.433762268999999; 0.33477931614349776
2.433762268999999; 0.33477931614349776
2.433762268999999; 0.33477931614349776
2.433762268999999; 0.33477931614349776
2.433762268999999; 0.33477931614349776
2.433762268999999; 0.3787568946188341
2.433762268999999; 0.3787568946188341
2.433762268999999; 0.38975128923766816
2.433762268999999; 0.3787568946188341
2.433762268999999; 0.38975128923766816
2.433762268999999; 0.4007456838565023
2.433762268999999; 0.41174007847533634
2.433762268999999; 0.42273447309417045
2.433762268999999; 0.3787568946188341
2.433762268999999; 0.4007456838565023
2.433762268999999; 0.42273447309417045
2.433762268999999; 0.4337288677130045
2.433762268999999; 0.4007456838565023
2.433762268999999; 0.41174007847533634
2.433762268999999; 0.41174007847533634
2.433762268999999; 0.46671205156950674
3.433762268999999; 0.4337288677130045
3.433762268999999; 0.47770644618834085
3.433762268999999; 0.44472326233183856
3.433762268999999; 0.47770644618834085
3.433762268999999; 0.4557176569506727
3.433762268999999; 0.510689630044843
3.433762268999999; 0.5216840246636771
3.433762268999999; 0.5326784192825113
3.433762268999999; 0.5326784192825113
3.433762268999999; 0.4887008408071749
3.433762268999999; 0.510689630044843
3.433762268999999; 0.5656616031390135
3.433762268999999; 0.510689630044843
3.433762268999999; 0.5656616031390135
3.433762268999999; 0.510689630044843
3.433762268999999; 0.5436728139013454
3.433762268999999; 0.4887008408071749
3.433762268999999; 0.5326784192825113
3.433762268999999; 0.46671205156950674
3.433762268999999; 0.47770644618834085
3.433762268999999; 0.4887008408071749
3.433762268999999; 0.4887008408071749
3.433762268999999; 0.47770644618834085
3.433762268999999; 0.47770644618834085
3.433762268999999; 0.4337288677130045
3.433762268999999; 0.42273447309417045
3.433762268999999; 0.4557176569506727
3.433762268999999; 0.44472326233183856
3.433762268999999; 0.38975128923766816
3.433762268999999; 0.4337288677130045
3.433762268999999; 0.38975128923766816
3.433762268999999; 0.3787568946188341
3.433762268999999; 0.4007456838565023
3.433762268999999; 0.38975128923766816
3.433762268999999; 0.36776250000000005
3.433762268999999; 0.35676810538116593
3.433762268999999; 0.35676810538116593
3.433762268999999; 0.35676810538116593
3.433762268999999; 0.3457737107623319
3.433762268999999; 0.36776250000000005
3.433762268999999; 0.36776250000000005
3.433762268999999; 0.33477931614349776
3.433762268999999; 0.3787568946188341
3.433762268999999; 0.33477931614349776
3.433762268999999; 0.36776250000000005
3.433762268999999; 0.33477931614349776
3.433762268999999; 0.36776250000000005
3.433762268999999; 0.36776250000000005
3.433762268999999; 0.36776250000000005
3.433762268999999; 0.3787568946188341
3.433762268999999; 0.3787568946188341
3.433762268999999; 0.3457737107623319
3.433762268999999; 0.35676810538116593
3.433762268999999; 0.35676810538116593
3.433762268999999; 0.35676810538116593
3.433762268999999; 0.38975128923766816
3.433762268999999; 0.36776250000000005
3.433762268999999; 0.36776250000000005
3.433762268999999; 0.42273447309417045
3.433762268999999; 0.3787568946188341
3.433762268999999; 0.41174007847533634
4.433762268999999; 0.4337288677130045
4.433762268999999; 0.44472326233183856
4.433762268999999; 0.4337288677130045
4.433762268999999; 0.41174007847533634
4.433762268999999; 0.4337288677130045
4.433762268999999; 0.46671205156950674
4.433762268999999; 0.4887008408071749
4.433762268999999; 0.4557176569506727
4.433762268999999; 0.510689630044843
4.433762268999999; 0.4557176569506727
4.433762268999999; 0.510689630044843
4.433762268999999; 0.510689630044843
4.433762268999999; 0.510689630044843
4.433762268999999; 0.4887008408071749
4.433762268999999; 0.5326784192825113
4.433762268999999; 0.5436728139013454
4.433762268999999; 0.510689630044843
4.433762268999999; 0.5656616031390135
4.433762268999999; 0.5656616031390135
4.433762268999999; 0.5546672085201794
4.433762268999999; 0.5436728139013454
4.433762268999999; 0.4887008408071749
4.433762268999999; 0.47770644618834085
4.433762268999999; 0.46671205156950674
4.433762268999999; 0.510689630044843
4.433762268999999; 0.46671205156950674
4.433762268999999; 0.4337288677130045
4.433762268999999; 0.44472326233183856
4.433762268999999; 0.42273447309417045
4.433762268999999; 0.44472326233183856
4.433762268999999; 0.4557176569506727
4.433762268999999; 0.41174007847533634
4.433762268999999; 0.4007456838565023
4.433762268999999; 0.42273447309417045
4.433762268999999; 0.42273447309417045
4.433762268999999; 0.3787568946188341
4.433762268999999; 0.41174007847533634
4.433762268999999; 0.36776250000000005
4.433762268999999; 0.3787568946188341
4.433762268999999; 0.35676810538116593
4.433762268999999; 0.35676810538116593
4.433762268999999; 0.3457737107623319
4.433762268999999; 0.3787568946188341
4.433762268999999; 0.36776250000000005
4.433762268999999; 0.36776250000000005
4.433762268999999; 0.36776250000000005
4.433762268999999; 0.33477931614349776
4.433762268999999; 0.36776250000000005
4.433762268999999; 0.36776250000000005
4.433762268999999; 0.33477931614349776
4.433762268999999; 0.3237849215246637
4.433762268999999; 0.35676810538116593
4.433762268999999; 0.36776250000000005
4.433762268999999; 0.36776250000000005
4.433762268999999; 0.3457737107623319
4.433762268999999; 0.3457737107623319
4.433762268999999; 0.3787568946188341
4.433762268999999; 0.35676810538116593
4.433762268999999; 0.35676810538116593
4.433762268999999; 0.36776250000000005
5.433762268999999; 0.36776250000000005
5.433762268999999; 0.4007456838565023
5.433762268999999; 0.41174007847533634
5.433762268999999; 0.41174007847533634
5.433762268999999; 0.38975128923766816
5.433762268999999; 0.4337288677130045
5.433762268999999; 0.4337288677130045
5.433762268999999; 0.44472326233183856
5.433762268999999; 0.4007456838565023
5.433762268999999; 0.41174007847533634
5.433762268999999; 0.4557176569506727
5.433762268999999; 0.46671205156950674
5.433762268999999; 0.47770644618834085
5.433762268999999; 0.4887008408071749
5.433762268999999; 0.4557176569506727
5.433762268999999; 0.4887008408071749
5.433762268999999; 0.510689630044843
5.433762268999999; 0.46671205156950674
5.433762268999999; 0.5216840246636771
5.433762268999999; 0.46671205156950674
5.433762268999999; 0.4887008408071749
5.433762268999999; 0.5216840246636771
5.433762268999999; 0.510689630044843
5.433762268999999; 0.5546672085201794
5.433762268999999; 0.510689630044843
5.433762268999999; 0.5436728139013454
5.433762268999999; 0.5216840246636771
5.433762268999999; 0.5216840246636771
5.433762268999999; 0.46671205156950674
5.433762268999999; 0.510689630044843
5.433762268999999; 0.44472326233183856
5.433762268999999; 0.4887008408071749
5.433762268999999; 0.4337288677130045
5.433762268999999; 0.42273447309417045
5.433762268999999; 0.46671205156950674
5.433762268999999; 0.41174007847533634
5.433762268999999; 0.4337288677130045
5.433762268999999; 0.38975128923766816
5.433762268999999; 0.38975128923766816
5.433762268999999; 0.38975128923766816
5.433762268999999; 0.41174007847533634
5.433762268999999; 0.41174007847533634
5.433762268999999; 0.36776250000000005
5.433762268999999; 0.3787568946188341
5.433762268999999; 0.3787568946188341
5.433762268999999; 0.36776250000000005
5.433762268999999; 0.38975128923766816
5.433762268999999; 0.3457737107623319
5.433762268999999; 0.3787568946188341
5.433762268999999; 0.35676810538116593
5.433762268999999; 0.35676810538116593
5.433762268999999; 0.36776250000000005
5.433762268999999; 0.36776250000000005
5.433762268999999; 0.35676810538116593
5.433762268999999; 0.35676810538116593
5.433762268999999; 0.36776250000000005
5.433762268999999; 0.36776250000000005
5.433762268999999; 0.33477931614349776
5.433762268999999; 0.35676810538116593
5.433762268999999; 0.3457737107623319
5.433762268999999; 0.36776250000000005
6.433762268999999; 0.3457737107623319
6.433762268999999; 0.36776250000000005
6.433762268999999; 0.38975128923766816
6.433762268999999; 0.36776250000000005
6.433762268999999; 0.35676810538116593
6.433762268999999; 0.4007456838565023
6.433762268999999; 0.3787568946188341
6.433762268999999; 0.36776250000000005
6.433762268999999; 0.3787568946188341
6.433762268999999; 0.3787568946188341
6.433762268999999; 0.4337288677130045
6.433762268999999; 0.44472326233183856
6.433762268999999; 0.44472326233183856
6.433762268999999; 0.41174007847533634
6.433762268999999; 0.41174007847533634
6.433762268999999; 0.46671205156950674
6.433762268999999; 0.47770644618834085
6.433762268999999; 0.44472326233183856
6.433762268999999; 0.4887008408071749
6.433762268999999; 0.49969523542600897
6.433762268999999; 0.510689630044843
6.433762268999999; 0.46671205156950674
6.433762268999999; 0.5216840246636771
6.433762268999999; 0.5216840246636771
6.433762268999999; 0.4887008408071749
6.433762268999999; 0.5436728139013454
6.433762268999999; 0.5436728139013454
6.433762268999999; 0.5546672085201794
6.433762268999999; 0.5546672085201794
6.433762268999999; 0.5766559977578476
6.433762268999999; 0.49969523542600897
6.433762268999999; 0.5436728139013454
6.433762268999999; 0.46671205156950674
6.433762268999999; 0.5216840246636771
6.433762268999999; 0.510689630044843
6.433762268999999; 0.47770644618834085
6.433762268999999; 0.4887008408071749
6.433762268999999; 0.4337288677130045
6.433762268999999; 0.42273447309417045
6.433762268999999; 0.41174007847533634
6.433762268999999; 0.41174007847533634
6.433762268999999; 0.4007456838565023
6.433762268999999; 0.42273447309417045
6.433762268999999; 0.38975128923766816
6.433762268999999; 0.4337288677130045
6.433762268999999; 0.38975128923766816
6.433762268999999; 0.38975128923766816
6.433762268999999; 0.4007456838565023
6.433762268999999; 0.41174007847533634
6.433762268999999; 0.36776250000000005
6.433762268999999; 0.4007456838565023
6.433762268999999; 0.35676810538116593
6.433762268999999; 0.38975128923766816
6.433762268999999; 0.3787568946188341
6.433762268999999; 0.3787568946188341
6.433762268999999; 0.36776250000000005
6.433762268999999; 0.35676810538116593
6.433762268999999; 0.35676810538116593
6.433762268999999; 0.33477931614349776
6.433762268999999; 0.33477931614349776
6.433762268999999; 0.33477931614349776
6.433762268999999; 0.33477931614349776
7.433762268999999; 0.3237849215246637
7.433762268999999; 0.33477931614349776
7.433762268999999; 0.35676810538116593
7.433762268999999; 0.3457737107623319
7.433762268999999; 0.3457737107623319
7.433762268999999; 0.35676810538116593
7.433762268999999; 0.3787568946188341
7.433762268999999; 0.38975128923766816
7.433762268999999; 0.36776250000000005
7.433762268999999; 0.4007456838565023
7.433762268999999; 0.41174007847533634
7.433762268999999; 0.41174007847533634
7.433762268999999; 0.4337288677130045
7.433762268999999; 0.38975128923766816
7.433762268999999; 0.4007456838565023
7.433762268999999; 0.41174007847533634
7.433762268999999; 0.4337288677130045
7.433762268999999; 0.46671205156950674
7.433762268999999; 0.4337288677130045
7.433762268999999; 0.46671205156950674
7.433762268999999; 0.4887008408071749
7.433762268999999; 0.46671205156950674
7.433762268999999; 0.46671205156950674
7.433762268999999; 0.4557176569506727
7.433762268999999; 0.510689630044843
7.433762268999999; 0.46671205156950674
7.433762268999999; 0.4887008408071749
7.433762268999999; 0.5326784192825113
7.433762268999999; 0.5436728139013454
7.433762268999999; 0.5326784192825113
7.433762268999999; 0.5546672085201794
7.433762268999999; 0.510689630044843
7.433762268999999; 0.5656616031390135
7.433762268999999; 0.510689630044843
7.433762268999999; 0.4887008408071749
7.433762268999999; 0.510689630044843
7.433762268999999; 0.5216840246636771
7.433762268999999; 0.4557176569506727
7.433762268999999; 0.49969523542600897
7.433762268999999; 0.47770644618834085
7.433762268999999; 0.47770644618834085
7.433762268999999; 0.44472326233183856
7.433762268999999; 0.4557176569506727
7.433762268999999; 0.4007456838565023
7.433762268999999; 0.41174007847533634
7.433762268999999; 0.42273447309417045
7.433762268999999; 0.44472326233183856
7.433762268999999; 0.3787568946188341
7.433762268999999; 0.38975128923766816
7.433762268999999; 0.3787568946188341
7.433762268999999; 0.36776250000000005
7.433762268999999; 0.36776250000000005
7.433762268999999; 0.4007456838565023
7.433762268999999; 0.4007456838565023
7.433762268999999; 0.36776250000000005
7.433762268999999; 0.38975128923766816
7.433762268999999; 0.36776250000000005
7.433762268999999; 0.36776250000000005
7.433762268999999; 0.3787568946188341
7.433762268999999; 0.33477931614349776
8.433762268999999; 0.33477931614349776
8.433762268999999; 0.3457737107623319
8.433762268999999; 0.33477931614349776
8.433762268999999; 0.36776250000000005
8.433762268999999; 0.36776250000000005
8.433762268999999; 0.36776250000000005
8.433762268999999; 0.36776250000000005
8.433762268999999; 0.3457737107623319
8.433762268999999; 0.3787568946188341
8.433762268999999; 0.3457737107623319
8.433762268999999; 0.3787568946188341
8.433762268999999; 0.35676810538116593
8.433762268999999; 0.4007456838565023
8.433762268999999; 0.38975128923766816
8.433762268999999; 0.4007456838565023
8.433762268999999; 0.41174007847533634
8.433762268999999; 0.3787568946188341
8.433762268999999; 0.42273447309417045
8.433762268999999; 0.4337288677130045
8.433762268999999; 0.42273447309417045
8.433762268999999; 0.4007456838565023
8.433762268999999; 0.4557176569506727
8.433762268999999; 0.42273447309417045
8.433762268999999; 0.42273447309417045
8.433762268999999; 0.4337288677130045
8.433762268999999; 0.4557176569506727
8.433762268999999; 0.44472326233183856
8.433762268999999; 0.510689630044843
8.433762268999999; 0.46671205156950674
8.433762268999999; 0.46671205156950674
8.433762268999999; 0.510689630044843
8.433762268999999; 0.5326784192825113
8.433762268999999; 0.5326784192825113
8.433762268999999; 0.49969523542600897
8.433762268999999; 0.510689630044843
8.433762268999999; 0.5436728139013454
8.433762268999999; 0.5216840246636771
8.433762268999999; 0.5436728139013454
8.433762268999999; 0.5546672085201794
8.433762268999999; 0.5326784192825113
8.433762268999999; 0.5326784192825113
8.433762268999999; 0.4557176569506727
8.433762268999999; 0.44472326233183856
8.433762268999999; 0.4887008408071749
8.433762268999999; 0.4887008408071749
8.433762268999999; 0.47770644618834085
8.433762268999999; 0.44472326233183856
8.433762268999999; 0.42273447309417045
8.433762268999999; 0.4557176569506727
8.433762268999999; 0.4007456838565023
8.433762268999999; 0.4337288677130045
8.433762268999999; 0.42273447309417045
8.433762268999999; 0.3787568946188341
8.433762268999999; 0.38975128923766816
8.433762268999999; 0.41174007847533634
8.433762268999999; 0.36776250000000005
8.433762268999999; 0.4007456838565023
9.433762268999999; 0.38975128923766816
9.433762268999999; 0.35676810538116593
9.433762268999999; 0.36776250000000005
9.433762268999999; 0.38975128923766816
9.433762268999999; 0.35676810538116593
9.433762268999999; 0.3787568946188341
9.433762268999999; 0.36776250000000005
9.433762268999999; 0.33477931614349776
9.433762268999999; 0.36776250000000005
9.433762268999999; 0.36776250000000005
9.433762268999999; 0.36776250000000005
9.433762268999999; 0.33477931614349776
9.433762268999999; 0.3457737107623319
9.433762268999999; 0.36776250000000005
9.433762268999999; 0.33477931614349776
9.433762268999999; 0.3787568946188341
9.433762268999999; 0.3787568946188341
9.433762268999999; 0.3457737107623319
9.433762268999999; 0.3457737107623319
9.433762268999999; 0.38975128923766816
9.433762268999999; 0.3787568946188341
9.433762268999999; 0.3787568946188341
9.433762268999999; 0.36776250000000005
9.433762268999999; 0.41174007847533634
9.433762268999999; 0.3787568946188341
9.433762268999999; 0.42273447309417045
9.433762268999999; 0.42273447309417045
9.433762268999999; 0.4337288677130045
9.433762268999999; 0.4007456838565023
9.433762268999999; 0.44472326233183856
9.433762268999999; 0.41174007847533634
9.433762268999999; 0.42273447309417045
9.433762268999999; 0.4557176569506727
9.433762268999999; 0.42273447309417045
9.433762268999999; 0.4887008408071749
9.433762268999999; 0.44472326233183856
9.433762268999999; 0.47770644618834085
9.433762268999999; 0.47770644618834085
9.433762268999999; 0.5216840246636771
9.433762268999999; 0.4887008408071749
9.433762268999999; 0.5326784192825113
9.433762268999999; 0.4887008408071749
9.433762268999999; 0.5326784192825113
9.433762268999999; 0.5656616031390135
9.433762268999999; 0.5216840246636771
9.433762268999999; 0.510689630044843
9.433762268999999; 0.49969523542600897
9.433762268999999; 0.5326784192825113
9.433762268999999; 0.4887008408071749
9.433762268999999; 0.49969523542600897
9.433762268999999; 0.4557176569506727
9.433762268999999; 0.4887008408071749
9.433762268999999; 0.4887008408071749
9.433762268999999; 0.46671205156950674
9.433762268999999; 0.42273447309417045
9.433762268999999; 0.46671205156950674
9.433762268999999; 0.41174007847533634
9.433762268999999; 0.44472326233183856
9.433762268999999; 0.44472326233183856
9.433762268999999; 0.42273447309417045
10.433762268999999; 0.42273447309417045
10.433762268999999; 0.3787568946188341
10.433762268999999; 0.41174007847533634
10.433762268999999; 0.4007456838565023
10.433762268999999; 0.3787568946188341
10.433762268999999; 0.36776250000000005
10.433762268999999; 0.36776250000000005
10.433762268999999; 0.38975128923766816
10.433762268999999; 0.38975128923766816
10.433762268999999; 0.36776250000000005
10.433762268999999; 0.3787568946188341
10.433762268999999; 0.3457737107623319
10.433762268999999; 0.35676810538116593
10.433762268999999; 0.36776250000000005
10.433762268999999; 0.33477931614349776
10.433762268999999; 0.3237849215246637
10.433762268999999; 0.35676810538116593
10.433762268999999; 0.33477931614349776
10.433762268999999; 0.3457737107623319
10.433762268999999; 0.33477931614349776
10.433762268999999; 0.3457737107623319
10.433762268999999; 0.3457737107623319
10.433762268999999; 0.3457737107623319
10.433762268999999; 0.3787568946188341
10.433762268999999; 0.35676810538116593
10.433762268999999; 0.36776250000000005
10.433762268999999; 0.35676810538116593
10.433762268999999; 0.4007456838565023
10.433762268999999; 0.36776250000000005
10.433762268999999; 0.3787568946188341
10.433762268999999; 0.4007456838565023
10.433762268999999; 0.38975128923766816
10.433762268999999; 0.4007456838565023
10.433762268999999; 0.4007456838565023
10.433762268999999; 0.42273447309417045
10.433762268999999; 0.4337288677130045
10.433762268999999; 0.42273447309417045
10.433762268999999; 0.4557176569506727
10.433762268999999; 0.42273447309417045
10.433762268999999; 0.4887008408071749
10.433762268999999; 0.4557176569506727
10.433762268999999; 0.49969523542600897
10.433762268999999; 0.46671205156950674
10.433762268999999; 0.49969523542600897
10.433762268999999; 0.5216840246636771
10.433762268999999; 0.5326784192825113
10.433762268999999; 0.49969523542600897
10.433762268999999; 0.5436728139013454
10.433762268999999; 0.5546672085201794
10.433762268999999; 0.5436728139013454
10.433762268999999; 0.5216840246636771
10.433762268999999; 0.510689630044843
10.433762268999999; 0.510689630044843
10.433762268999999; 0.5216840246636771
10.433762268999999; 0.510689630044843
10.433762268999999; 0.510689630044843
10.433762268999999; 0.510689630044843
10.433762268999999; 0.510689630044843
10.433762268999999; 0.510689630044843
11.433762268999999; 0.510689630044843
11.433762268999999; 0.510689630044843
11.433762268999999; 0.510689630044843
11.433762268999999; 0.49969523542600897
11.433762268999999; 0.49969523542600897
11.433762268999999; 0.49969523542600897
11.433762268999999; 0.510689630044843
11.433762268999999; 0.510689630044843
11.433762268999999; 0.49969523542600897
11.433762268999999; 0.49969523542600897
11.433762268999999; 0.49969523542600897
11.433762268999999; 0.49969523542600897
11.433762268999999; 0.49969523542600897
11.433762268999999; 0.510689630044843
11.433762268999999; 0.49969523542600897
11.433762268999999; 0.49969523542600897
11.433762268999999; 0.49969523542600897
11.433762268999999; 0.4887008408071749
11.433762268999999; 0.49969523542600897
11.433762268999999; 0.49969523542600897
11.433762268999999; 0.49969523542600897
11.433762268999999; 0.49969523542600897
11.433762268999999; 0.49969523542600897
11.433762268999999; 0.49969523542600897
11.433762268999999; 0.49969523542600897
11.433762268999999; 0.49969523542600897
11.433762268999999; 0.49969523542600897
11.433762268999999; 0.49969523542600897
11.433762268999999; 0.49969523542600897
11.433762268999999; 0.49969523542600897
11.433762268999999; 0.49969523542600897
11.433762268999999; 0.4887008408071749
11.433762268999999; 0.49969523542600897
11.433762268999999; 0.49969523542600897
11.433762268999999; 0.49969523542600897
11.433762268999999; 0.49969523542600897
11.433762268999999; 0.49969523542600897
11.433762268999999; 0.49969523542600897
11.433762268999999; 0.49969523542600897
11.433762268999999; 0.49969523542600897
11.433762268999999; 0.4887008408071749
11.433762268999999; 0.49969523542600897
11.433762268999999; 0.49969523542600897
11.433762268999999; 0.49969523542600897
11.433762268999999; 0.49969523542600897
11.433762268999999; 0.4887008408071749
11.433762268999999; 0.49969523542600897
11.433762268999999; 0.49969523542600897
11.433762268999999; 0.49969523542600897
11.433762268999999; 0.4887008408071749
11.433762268999999; 0.49969523542600897
11.433762268999999; 0.4887008408071749
11.433762268999999; 0.5326784192825113
11.433762268999999; 0.46671205156950674
11.433762268999999; 0.4887008408071749
11.433762268999999; 0.49969523542600897
11.433762268999999; 0.4557176569506727
11.433762268999999; 0.4337288677130045
11.433762268999999; 0.47770644618834085
11.433762268999999; 0.4557176569506727
12.433762268999999; 0.41174007847533634
12.433762268999999; 0.41174007847533634
12.433762268999999; 0.4007456838565023
12.433762268999999; 0.42273447309417045
12.433762268999999; 0.38975128923766816
12.433762268999999; 0.42273447309417045
12.433762268999999; 0.41174007847533634
12.433762268999999; 0.3787568946188341
12.433762268999999; 0.4007456838565023
12.433762268999999; 0.36776250000000005
12.433762268999999; 0.3787568946188341
12.433762268999999; 0.3787568946188341
12.433762268999999; 0.36776250000000005
12.433762268999999; 0.38975128923766816
12.433762268999999; 0.38975128923766816
12.433762268999999; 0.3457737107623319
12.433762268999999; 0.33477931614349776
12.433762268999999; 0.33477931614349776
12.433762268999999; 0.36776250000000005
12.433762268999999; 0.33477931614349776
12.433762268999999; 0.36776250000000005
12.433762268999999; 0.3457737107623319
12.433762268999999; 0.33477931614349776
12.433762268999999; 0.3237849215246637
12.433762268999999; 0.36776250000000005
12.433762268999999; 0.33477931614349776
12.433762268999999; 0.3787568946188341
12.433762268999999; 0.36776250000000005
12.433762268999999; 0.35676810538116593
12.433762268999999; 0.36776250000000005
12.433762268999999; 0.35676810538116593
12.433762268999999; 0.36776250000000005
12.433762268999999; 0.35676810538116593
12.433762268999999; 0.36776250000000005
12.433762268999999; 0.41174007847533634
12.433762268999999; 0.41174007847533634
12.433762268999999; 0.41174007847533634
12.433762268999999; 0.4337288677130045
12.433762268999999; 0.4007456838565023
12.433762268999999; 0.42273447309417045
12.433762268999999; 0.41174007847533634
12.433762268999999; 0.42273447309417045
12.433762268999999; 0.4557176569506727
12.433762268999999; 0.4337288677130045
12.433762268999999; 0.47770644618834085
12.433762268999999; 0.4887008408071749
12.433762268999999; 0.4557176569506727
12.433762268999999; 0.49969523542600897
12.433762268999999; 0.510689630044843
12.433762268999999; 0.5216840246636771
12.433762268999999; 0.47770644618834085
12.433762268999999; 0.47770644618834085
12.433762268999999; 0.49969523542600897
12.433762268999999; 0.5546672085201794
12.433762268999999; 0.5546672085201794
12.433762268999999; 0.510689630044843
12.433762268999999; 0.5436728139013454
12.433762268999999; 0.4887008408071749
12.433762268999999; 0.47770644618834085
13.433762268999999; 0.510689630044843
13.433762268999999; 0.4557176569506727
13.433762268999999; 0.44472326233183856
13.433762268999999; 0.4557176569506727
13.433762268999999; 0.44472326233183856
13.433762268999999; 0.46671205156950674
13.433762268999999; 0.4557176569506727
13.433762268999999; 0.4557176569506727
13.433762268999999; 0.4007456838565023
13.433762268999999; 0.41174007847533634
13.433762268999999; 0.38975128923766816
13.433762268999999; 0.42273447309417045
13.433762268999999; 0.41174007847533634
13.433762268999999; 0.41174007847533634
13.433762268999999; 0.4007456838565023
13.433762268999999; 0.36776250000000005
13.433762268999999; 0.4007456838565023
13.433762268999999; 0.4007456838565023
13.433762268999999; 0.35676810538116593
13.433762268999999; 0.3457737107623319
13.433762268999999; 0.35676810538116593
13.433762268999999; 0.3457737107623319
13.433762268999999; 0.36776250000000005
13.433762268999999; 0.36776250000000005
13.433762268999999; 0.3787568946188341
13.433762268999999; 0.36776250000000005
13.433762268999999; 0.3457737107623319
13.433762268999999; 0.35676810538116593
13.433762268999999; 0.3457737107623319
13.433762268999999; 0.3237849215246637
13.433762268999999; 0.36776250000000005
13.433762268999999; 0.33477931614349776
13.433762268999999; 0.3457737107623319
13.433762268999999; 0.36776250000000005
13.433762268999999; 0.36776250000000005
13.433762268999999; 0.36776250000000005
13.433762268999999; 0.3457737107623319
13.433762268999999; 0.36776250000000005
13.433762268999999; 0.4007456838565023
13.433762268999999; 0.36776250000000005
13.433762268999999; 0.41174007847533634
13.433762268999999; 0.36776250000000005
13.433762268999999; 0.3787568946188341
13.433762268999999; 0.42273447309417045
13.433762268999999; 0.38975128923766816
13.433762268999999; 0.38975128923766816
13.433762268999999; 0.44472326233183856
13.433762268999999; 0.4337288677130045
13.433762268999999; 0.44472326233183856
13.433762268999999; 0.42273447309417045
13.433762268999999; 0.42273447309417045
13.433762268999999; 0.4337288677130045
13.433762268999999; 0.47770644618834085
13.433762268999999; 0.4557176569506727
13.433762268999999; 0.44472326233183856
13.433762268999999; 0.510689630044843
13.433762268999999; 0.47770644618834085
13.433762268999999; 0.47770644618834085
13.433762268999999; 0.510689630044843
13.433762268999999; 0.5216840246636771
14.433762268999999; 0.5436728139013454
14.433762268999999; 0.49969523542600897
14.433762268999999; 0.5656616031390135
14.433762268999999; 0.5436728139013454
14.433762268999999; 0.47770644618834085
14.433762268999999; 0.46671205156950674
14.433762268999999; 0.510689630044843
14.433762268999999; 0.47770644618834085
14.433762268999999; 0.44472326233183856
14.433762268999999; 0.4557176569506727
14.433762268999999; 0.4337288677130045
14.433762268999999; 0.46671205156950674
14.433762268999999; 0.41174007847533634
14.433762268999999; 0.4337288677130045
14.433762268999999; 0.4337288677130045
14.433762268999999; 0.42273447309417045
14.433762268999999; 0.42273447309417045
14.433762268999999; 0.38975128923766816
14.433762268999999; 0.42273447309417045
14.433762268999999; 0.4007456838565023
14.433762268999999; 0.41174007847533634
14.433762268999999; 0.41174007847533634
14.433762268999999; 0.3787568946188341
14.433762268999999; 0.38975128923766816
14.433762268999999; 0.38975128923766816
14.433762268999999; 0.35676810538116593
14.433762268999999; 0.35676810538116593
14.433762268999999; 0.3457737107623319
14.433762268999999; 0.3787568946188341
14.433762268999999; 0.35676810538116593
14.433762268999999; 0.35676810538116593
14.433762268999999; 0.35676810538116593
14.433762268999999; 0.33477931614349776
14.433762268999999; 0.35676810538116593
14.433762268999999; 0.33477931614349776
14.433762268999999; 0.35676810538116593
14.433762268999999; 0.3457737107623319
14.433762268999999; 0.36776250000000005
14.433762268999999; 0.3457737107623319
14.433762268999999; 0.33477931614349776
14.433762268999999; 0.35676810538116593
14.433762268999999; 0.3457737107623319
14.433762268999999; 0.38975128923766816
14.433762268999999; 0.35676810538116593
14.433762268999999; 0.35676810538116593
14.433762268999999; 0.36776250000000005
14.433762268999999; 0.3787568946188341
14.433762268999999; 0.3787568946188341
14.433762268999999; 0.42273447309417045
14.433762268999999; 0.38975128923766816
14.433762268999999; 0.4337288677130045
14.433762268999999; 0.44472326233183856
14.433762268999999; 0.4557176569506727
14.433762268999999; 0.42273447309417045
14.433762268999999; 0.47770644618834085
14.433762268999999; 0.46671205156950674
14.433762268999999; 0.4337288677130045
14.433762268999999; 0.4337288677130045
14.433762268999999; 0.4557176569506727
14.433762268999999; 0.49969523542600897
14.433762268999999; 0.4887008408071749
15.433762268999999; 0.5216840246636771
15.433762268999999; 0.46671205156950674
15.433762268999999; 0.5326784192825113
15.433762268999999; 0.5436728139013454
15.433762268999999; 0.5326784192825113
15.433762268999999; 0.49969523542600897
15.433762268999999; 0.5546672085201794
15.433762268999999; 0.510689630044843
15.433762268999999; 0.5546672085201794
15.433762268999999; 0.47770644618834085
15.433762268999999; 0.49969523542600897
15.433762268999999; 0.47770644618834085
15.433762268999999; 0.510689630044843
15.433762268999999; 0.4557176569506727
15.433762268999999; 0.46671205156950674
15.433762268999999; 0.4887008408071749
15.433762268999999; 0.4337288677130045
15.433762268999999; 0.42273447309417045
15.433762268999999; 0.41174007847533634
15.433762268999999; 0.4557176569506727
15.433762268999999; 0.41174007847533634
15.433762268999999; 0.4007456838565023
15.433762268999999; 0.38975128923766816
15.433762268999999; 0.4337288677130045
15.433762268999999; 0.3787568946188341
15.433762268999999; 0.36776250000000005
15.433762268999999; 0.4007456838565023
15.433762268999999; 0.4007456838565023
15.433762268999999; 0.3787568946188341
15.433762268999999; 0.38975128923766816
15.433762268999999; 0.38975128923766816
15.433762268999999; 0.38975128923766816
15.433762268999999; 0.38975128923766816
15.433762268999999; 0.3787568946188341
15.433762268999999; 0.3787568946188341
15.433762268999999; 0.35676810538116593
15.433762268999999; 0.35676810538116593
15.433762268999999; 0.3457737107623319
15.433762268999999; 0.3457737107623319
15.433762268999999; 0.35676810538116593
15.433762268999999; 0.35676810538116593
15.433762268999999; 0.36776250000000005
15.433762268999999; 0.35676810538116593
15.433762268999999; 0.3457737107623319
15.433762268999999; 0.3787568946188341
15.433762268999999; 0.35676810538116593
15.433762268999999; 0.38975128923766816
15.433762268999999; 0.38975128923766816
15.433762268999999; 0.4007456838565023
15.433762268999999; 0.36776250000000005
15.433762268999999; 0.4007456838565023
15.433762268999999; 0.36776250000000005
15.433762268999999; 0.3787568946188341
15.433762268999999; 0.3787568946188341
15.433762268999999; 0.3787568946188341
15.433762268999999; 0.38975128923766816
15.433762268999999; 0.41174007847533634
15.433762268999999; 0.44472326233183856
15.433762268999999; 0.4557176569506727
16.433762269; 0.42273447309417045
16.433762269; 0.4337288677130045
16.433762269; 0.47770644618834085
16.433762269; 0.4887008408071749
16.433762269; 0.4557176569506727
16.433762269; 0.46671205156950674
16.433762269; 0.510689630044843
16.433762269; 0.49969523542600897
16.433762269; 0.47770644618834085
16.433762269; 0.4887008408071749
16.433762269; 0.5436728139013454
16.433762269; 0.5326784192825113
16.433762269; 0.5546672085201794
16.433762269; 0.5216840246636771
16.433762269; 0.5546672085201794
16.433762269; 0.49969523542600897
16.433762269; 0.47770644618834085
16.433762269; 0.49969523542600897
16.433762269; 0.46671205156950674
16.433762269; 0.44472326233183856
16.433762269; 0.4557176569506727
16.433762269; 0.4337288677130045
16.433762269; 0.47770644618834085
16.433762269; 0.46671205156950674
16.433762269; 0.4557176569506727
16.433762269; 0.4557176569506727
16.433762269; 0.4007456838565023
16.433762269; 0.44472326233183856
16.433762269; 0.4337288677130045
16.433762269; 0.42273447309417045
16.433762269; 0.42273447309417045
16.433762269; 0.38975128923766816
16.433762269; 0.36776250000000005
16.433762269; 0.4007456838565023
16.433762269; 0.35676810538116593
16.433762269; 0.36776250000000005
16.433762269; 0.3457737107623319
16.433762269; 0.3457737107623319
16.433762269; 0.3457737107623319
16.433762269; 0.3787568946188341
16.433762269; 0.33477931614349776
16.433762269; 0.33477931614349776
16.433762269; 0.3237849215246637
16.433762269; 0.36776250000000005
16.433762269; 0.3457737107623319
16.433762269; 0.35676810538116593
16.433762269; 0.36776250000000005
16.433762269; 0.3457737107623319
16.433762269; 0.33477931614349776
16.433762269; 0.36776250000000005
16.433762269; 0.33477931614349776
16.433762269; 0.35676810538116593
16.433762269; 0.3787568946188341
16.433762269; 0.3457737107623319
16.433762269; 0.3787568946188341
16.433762269; 0.36776250000000005
16.433762269; 0.4007456838565023
16.433762269; 0.35676810538116593
16.433762269; 0.4007456838565023
16.433762269; 0.36776250000000005
16.433762269; 0.3787568946188341
16.433762269; 0.4007456838565023
16.433762269; 0.3787568946188341
17.433762269; 0.38975128923766816
17.433762269; 0.44472326233183856
17.433762269; 0.44472326233183856
17.433762269; 0.4557176569506727
17.433762269; 0.41174007847533634
17.433762269; 0.41174007847533634
17.433762269; 0.4337288677130045
17.433762269; 0.47770644618834085
17.433762269; 0.4337288677130045
17.433762269; 0.49969523542600897
17.433762269; 0.46671205156950674
17.433762269; 0.510689630044843
17.433762269; 0.46671205156950674
17.433762269; 0.5216840246636771
17.433762269; 0.46671205156950674
17.433762269; 0.5326784192825113
17.433762269; 0.49969523542600897
17.433762269; 0.5546672085201794
17.433762269; 0.5656616031390135
17.433762269; 0.5766559977578476
17.433762269; 0.5216840246636771
17.433762269; 0.5436728139013454
17.433762269; 0.4887008408071749
17.433762269; 0.46671205156950674
17.433762269; 0.4887008408071749
17.433762269; 0.4887008408071749
17.433762269; 0.49969523542600897
17.433762269; 0.44472326233183856
17.433762269; 0.44472326233183856
17.433762269; 0.41174007847533634
17.433762269; 0.4557176569506727
17.433762269; 0.4007456838565023
17.433762269; 0.44472326233183856
17.433762269; 0.38975128923766816
17.433762269; 0.4007456838565023
17.433762269; 0.4337288677130045
17.433762269; 0.41174007847533634
17.433762269; 0.41174007847533634
17.433762269; 0.38975128923766816
17.433762269; 0.36776250000000005
17.433762269; 0.38975128923766816
17.433762269; 0.35676810538116593
17.433762269; 0.38975128923766816
17.433762269; 0.3457737107623319
17.433762269; 0.3457737107623319
17.433762269; 0.3787568946188341
17.433762269; 0.3787568946188341
17.433762269; 0.35676810538116593
17.433762269; 0.33477931614349776
17.433762269; 0.36776250000000005
17.433762269; 0.35676810538116593
17.433762269; 0.33477931614349776
17.433762269; 0.36776250000000005
17.433762269; 0.36776250000000005
17.433762269; 0.3457737107623319
17.433762269; 0.3787568946188341
17.433762269; 0.3787568946188341
17.433762269; 0.3787568946188341
17.433762269; 0.3457737107623319
17.433762269; 0.35676810538116593
17.433762269; 0.4007456838565023
17.433762269; 0.36776250000000005
18.433762269; 0.4007456838565023
18.433762269; 0.3787568946188341
18.433762269; 0.3787568946188341
18.433762269; 0.41174007847533634
18.433762269; 0.42273447309417045
18.433762269; 0.4007456838565023
18.433762269; 0.4337288677130045
18.433762269; 0.41174007847533634
18.433762269; 0.44472326233183856
18.433762269; 0.42273447309417045
18.433762269; 0.46671205156950674
18.433762269; 0.44472326233183856
18.433762269; 0.44472326233183856
18.433762269; 0.49969523542600897
18.433762269; 0.4557176569506727
18.433762269; 0.49969523542600897
18.433762269; 0.47770644618834085
18.433762269; 0.5326784192825113
18.433762269; 0.5436728139013454
18.433762269; 0.5436728139013454
18.433762269; 0.5546672085201794
18.433762269; 0.5656616031390135
18.433762269; 0.5546672085201794
18.433762269; 0.4887008408071749
18.433762269; 0.5216840246636771
18.433762269; 0.510689630044843
18.433762269; 0.46671205156950674
18.433762269; 0.4557176569506727
18.433762269; 0.46671205156950674
18.433762269; 0.4337288677130045
18.433762269; 0.46671205156950674
18.433762269; 0.4337288677130045
18.433762269; 0.41174007847533634
18.433762269; 0.4557176569506727
18.433762269; 0.41174007847533634
18.433762269; 0.4337288677130045
18.433762269; 0.41174007847533634
18.433762269; 0.38975128923766816
18.433762269; 0.42273447309417045
18.433762269; 0.42273447309417045
18.433762269; 0.4007456838565023
18.433762269; 0.38975128923766816
18.433762269; 0.38975128923766816
18.433762269; 0.38975128923766816
18.433762269; 0.3457737107623319
18.433762269; 0.38975128923766816
18.433762269; 0.36776250000000005
18.433762269; 0.3457737107623319
18.433762269; 0.3787568946188341
18.433762269; 0.33477931614349776
18.433762269; 0.33477931614349776
18.433762269; 0.3457737107623319
18.433762269; 0.33477931614349776
18.433762269; 0.3237849215246637
18.433762269; 0.3457737107623319
18.433762269; 0.3237849215246637
18.433762269; 0.3457737107623319
18.433762269; 0.33477931614349776
18.433762269; 0.3787568946188341
18.433762269; 0.36776250000000005
19.433762269; 0.3457737107623319
19.433762269; 0.35676810538116593
19.433762269; 0.3787568946188341
19.433762269; 0.4007456838565023
19.433762269; 0.36776250000000005
19.433762269; 0.4007456838565023
19.433762269; 0.41174007847533634
19.433762269; 0.4007456838565023
19.433762269; 0.42273447309417045
19.433762269; 0.4337288677130045
19.433762269; 0.38975128923766816
19.433762269; 0.4007456838565023
19.433762269; 0.4557176569506727
19.433762269; 0.41174007847533634
19.433762269; 0.46671205156950674
19.433762269; 0.42273447309417045
19.433762269; 0.47770644618834085
19.433762269; 0.46671205156950674
19.433762269; 0.44472326233183856
19.433762269; 0.49969523542600897
19.433762269; 0.510689630044843
19.433762269; 0.47770644618834085
19.433762269; 0.5216840246636771
19.433762269; 0.5216840246636771
19.433762269; 0.5436728139013454
19.433762269; 0.49969523542600897
19.433762269; 0.5326784192825113
19.433762269; 0.5656616031390135
19.433762269; 0.49969523542600897
19.433762269; 0.5436728139013454
19.433762269; 0.47770644618834085
19.433762269; 0.47770644618834085
19.433762269; 0.49969523542600897
19.433762269; 0.49969523542600897
19.433762269; 0.4887008408071749
19.433762269; 0.47770644618834085
19.433762269; 0.47770644618834085
19.433762269; 0.42273447309417045
19.433762269; 0.44472326233183856
19.433762269; 0.44472326233183856
19.433762269; 0.4337288677130045
19.433762269; 0.38975128923766816
19.433762269; 0.42273447309417045
19.433762269; 0.38975128923766816
19.433762269; 0.3787568946188341
19.433762269; 0.41174007847533634
19.433762269; 0.4007456838565023
19.433762269; 0.35676810538116593
19.433762269; 0.38975128923766816
19.433762269; 0.35676810538116593
19.433762269; 0.38975128923766816
19.433762269; 0.3457737107623319
19.433762269; 0.3787568946188341
19.433762269; 0.36776250000000005
19.433762269; 0.3457737107623319
19.433762269; 0.33477931614349776
19.433762269; 0.36776250000000005
19.433762269; 0.36776250000000005
19.433762269; 0.35676810538116593
19.433762269; 0.3237849215246637
19.433762269; 0.3457737107623319
20.433762269; 0.36776250000000005
20.433762269; 0.36776250000000005
20.433762269; 0.36776250000000005
20.433762269; 0.3457737107623319
20.433762269; 0.3787568946188341
20.433762269; 0.3457737107623319
20.433762269; 0.38975128923766816
20.433762269; 0.4007456838565023
20.433762269; 0.3787568946188341
20.433762269; 0.41174007847533634
20.433762269; 0.3787568946188341
20.433762269; 0.42273447309417045
20.433762269; 0.38975128923766816
20.433762269; 0.4337288677130045
20.433762269; 0.41174007847533634
20.433762269; 0.4557176569506727
20.433762269; 0.4557176569506727
20.433762269; 0.41174007847533634
20.433762269; 0.46671205156950674
20.433762269; 0.4337288677130045
20.433762269; 0.4337288677130045
20.433762269; 0.4887008408071749
20.433762269; 0.4557176569506727
20.433762269; 0.49969523542600897
20.433762269; 0.510689630044843
20.433762269; 0.47770644618834085
20.433762269; 0.5436728139013454
20.433762269; 0.5546672085201794
20.433762269; 0.5546672085201794
20.433762269; 0.5656616031390135
20.433762269; 0.510689630044843
20.433762269; 0.510689630044843
20.433762269; 0.4887008408071749
20.433762269; 0.5216840246636771
20.433762269; 0.46671205156950674
20.433762269; 0.49969523542600897
20.433762269; 0.49969523542600897
20.433762269; 0.4337288677130045
20.433762269; 0.4337288677130045
20.433762269; 0.42273447309417045
20.433762269; 0.44472326233183856
20.433762269; 0.44472326233183856
20.433762269; 0.41174007847533634
20.433762269; 0.4337288677130045
20.433762269; 0.4337288677130045
20.433762269; 0.42273447309417045
20.433762269; 0.3787568946188341
20.433762269; 0.42273447309417045
20.433762269; 0.38975128923766816
20.433762269; 0.4007456838565023
20.433762269; 0.38975128923766816
20.433762269; 0.38975128923766816
20.433762269; 0.36776250000000005
20.433762269; 0.38975128923766816
20.433762269; 0.38975128923766816
20.433762269; 0.3787568946188341
20.433762269; 0.3787568946188341
20.433762269; 0.3457737107623319
21.433762269; 0.36776250000000005
21.433762269; 0.3457737107623319
21.433762269; 0.36776250000000005
21.433762269; 0.33477931614349776
21.433762269; 0.35676810538116593
21.433762269; 0.3237849215246637
21.433762269; 0.35676810538116593
21.433762269; 0.33477931614349776
21.433762269; 0.36776250000000005
21.433762269; 0.36776250000000005
21.433762269; 0.3457737107623319
21.433762269; 0.38975128923766816
21.433762269; 0.3787568946188341
21.433762269; 0.3787568946188341
21.433762269; 0.35676810538116593
21.433762269; 0.4007456838565023
21.433762269; 0.36776250000000005
21.433762269; 0.38975128923766816
21.433762269; 0.42273447309417045
21.433762269; 0.42273447309417045
21.433762269; 0.41174007847533634
21.433762269; 0.4337288677130045
21.433762269; 0.4007456838565023
21.433762269; 0.4007456838565023
21.433762269; 0.42273447309417045
21.433762269; 0.4557176569506727
21.433762269; 0.4337288677130045
21.433762269; 0.4557176569506727
21.433762269; 0.44472326233183856
21.433762269; 0.4887008408071749
21.433762269; 0.47770644618834085
21.433762269; 0.47770644618834085
21.433762269; 0.46671205156950674
21.433762269; 0.47770644618834085
21.433762269; 0.5326784192825113
21.433762269; 0.47770644618834085
21.433762269; 0.5436728139013454
21.433762269; 0.49969523542600897
21.433762269; 0.49969523542600897
21.433762269; 0.510689630044843
21.433762269; 0.4887008408071749
21.433762269; 0.5436728139013454
21.433762269; 0.46671205156950674
21.433762269; 0.49969523542600897
21.433762269; 0.44472326233183856
21.433762269; 0.4337288677130045
21.433762269; 0.46671205156950674
21.433762269; 0.4337288677130045
21.433762269; 0.46671205156950674
21.433762269; 0.44472326233183856
21.433762269; 0.42273447309417045
21.433762269; 0.4337288677130045
21.433762269; 0.41174007847533634
21.433762269; 0.38975128923766816
21.433762269; 0.42273447309417045
21.433762269; 0.38975128923766816
21.433762269; 0.38975128923766816
21.433762269; 0.36776250000000005
21.433762269; 0.41174007847533634
21.433762269; 0.4007456838565023
21.433762269; 0.36776250000000005
21.433762269; 0.38975128923766816
22.433762269; 0.3787568946188341
22.433762269; 0.3787568946188341
22.433762269; 0.36776250000000005
22.433762269; 0.33477931614349776
22.433762269; 0.36776250000000005
22.433762269; 0.36776250000000005
22.433762269; 0.36776250000000005
22.433762269; 0.33477931614349776
22.433762269; 0.35676810538116593
22.433762269; 0.3457737107623319
22.433762269; 0.3457737107623319
22.433762269; 0.36776250000000005
22.433762269; 0.35676810538116593
22.433762269; 0.36776250000000005
22.433762269; 0.3787568946188341
22.433762269; 0.3457737107623319
22.433762269; 0.35676810538116593
22.433762269; 0.36776250000000005
22.433762269; 0.36776250000000005
22.433762269; 0.4007456838565023
22.433762269; 0.41174007847533634
22.433762269; 0.3787568946188341
22.433762269; 0.42273447309417045
22.433762269; 0.4337288677130045
22.433762269; 0.38975128923766816
22.433762269; 0.44472326233183856
22.433762269; 0.41174007847533634
22.433762269; 0.42273447309417045
22.433762269; 0.4557176569506727
22.433762269; 0.4557176569506727
22.433762269; 0.4557176569506727
22.433762269; 0.44472326233183856
22.433762269; 0.4887008408071749
22.433762269; 0.4557176569506727
22.433762269; 0.510689630044843
22.433762269; 0.510689630044843
22.433762269; 0.5326784192825113
22.433762269; 0.5436728139013454
22.433762269; 0.5326784192825113
22.433762269; 0.49969523542600897
22.433762269; 0.5656616031390135
22.433762269; 0.510689630044843
22.433762269; 0.510689630044843
22.433762269; 0.510689630044843
22.433762269; 0.510689630044843
22.433762269; 0.49969523542600897
22.433762269; 0.510689630044843
22.433762269; 0.510689630044843
22.433762269; 0.510689630044843
22.433762269; 0.510689630044843
22.433762269; 0.49969523542600897
22.433762269; 0.49969523542600897
22.433762269; 0.510689630044843
22.433762269; 0.49969523542600897
22.433762269; 0.510689630044843
22.433762269; 0.510689630044843
22.433762269; 0.49969523542600897
22.433762269; 0.49969523542600897
22.433762269; 0.49969523542600897
23.433762269; 0.49969523542600897
23.433762269; 0.49969523542600897
23.433762269; 0.49969523542600897
23.433762269; 0.49969523542600897
23.433762269; 0.49969523542600897
23.433762269; 0.49969523542600897
23.433762269; 0.49969523542600897
23.433762269; 0.49969523542600897
23.433762269; 0.49969523542600897
23.433762269; 0.4887008408071749
23.433762269; 0.4887008408071749
23.433762269; 0.49969523542600897
23.433762269; 0.49969523542600897
23.433762269; 0.49969523542600897
23.433762269; 0.49969523542600897
23.433762269; 0.49969523542600897
23.433762269; 0.49969523542600897
23.433762269; 0.4887008408071749
23.433762269; 0.49969523542600897
23.433762269; 0.49969523542600897
23.433762269; 0.49969523542600897
23.433762269; 0.4887008408071749
23.433762269; 0.4887008408071749
23.433762269; 0.49969523542600897
23.433762269; 0.49969523542600897
23.433762269; 0.49969523542600897
23.433762269; 0.49969523542600897
23.433762269; 0.49969523542600897
23.433762269; 0.49969523542600897
23.433762269; 0.49969523542600897
23.433762269; 0.49969523542600897
23.433762269; 0.49969523542600897
23.433762269; 0.4887008408071749
23.433762269; 0.4887008408071749
23.433762269; 0.4887008408071749
23.433762269; 0.49969523542600897
23.433762269; 0.4887008408071749
23.433762269; 0.4887008408071749
23.433762269; 0.4887008408071749
23.433762269; 0.4887008408071749
23.433762269; 0.4887008408071749
23.433762269; 0.49969523542600897
23.433762269; 0.5326784192825113
23.433762269; 0.4557176569506727
23.433762269; 0.49969523542600897
23.433762269; 0.4557176569506727
23.433762269; 0.44472326233183856
23.433762269; 0.44472326233183856
23.433762269; 0.4557176569506727
23.433762269; 0.4337288677130045
23.433762269; 0.44472326233183856
23.433762269; 0.44472326233183856
23.433762269; 0.4007456838565023
23.433762269; 0.4007456838565023
23.433762269; 0.42273447309417045
23.433762269; 0.38975128923766816
23.433762269; 0.4007456838565023
23.433762269; 0.3787568946188341
23.433762269; 0.41174007847533634
24.433762269; 0.3787568946188341
24.433762269; 0.38975128923766816
24.433762269; 0.36776250000000005
24.433762269; 0.4007456838565023
24.433762269; 0.3787568946188341
24.433762269; 0.3787568946188341
24.433762269; 0.3457737107623319
24.433762269; 0.3787568946188341
24.433762269; 0.3787568946188341
24.433762269; 0.3457737107623319
24.433762269; 0.35676810538116593
24.433762269; 0.36776250000000005
24.433762269; 0.33477931614349776
24.433762269; 0.33477931614349776
24.433762269; 0.3237849215246637
24.433762269; 0.3457737107623319
24.433762269; 0.35676810538116593
