0.005834102630615234; 0.09
0.024245500564575195; 0.13
0.03910183906555176; 0.08
0.05545234680175781; 0.09
0.07154083251953125; 0.15
0.08610701560974121; 0.13
0.10123896598815918; 0.15
0.1209421157836914; 0.09
0.14545083045959473; 0.1
0.1735701560974121; 0.16
0.18875956535339355; 0.16
0.21106433868408203; 0.17
0.2339792251586914; 0.12
0.250349760055542; 0.12
0.26978015899658203; 0.15
0.28441858291625977; 0.19
0.3021249771118164; 0.15
0.31578636169433594; 0.19
0.33257246017456055; 0.19
0.35427379608154297; 0.2
0.37457990646362305; 0.2
0.4127004146575928; 0.2
0.42552614212036133; 0.16
0.43874168395996094; 0.21
0.45221400260925293; 0.22
0.465548038482666; 0.17
0.47859859466552734; 0.22
0.491624116897583; 0.21
0.5048935413360596; 0.23
0.5204436779022217; 0.24
0.5363295078277588; 0.24
0.5541927814483643; 0.19
0.5677950382232666; 0.25
0.5815582275390625; 0.2
0.5967535972595215; 0.24
0.6138496398925781; 0.27
0.6287360191345215; 0.22
0.6464369297027588; 0.28
0.6615488529205322; 0.25
0.6787757873535156; 0.31
0.695744514465332; 0.32
0.7117347717285156; 0.33
0.7305905818939209; 0.33
0.7487401962280273; 0.34
0.7641069889068604; 0.35
0.7831077575683594; 0.3
0.7962923049926758; 0.37
0.8155672550201416; 0.33
0.8334460258483887; 0.33
0.850341796875; 0.4
0.8735294342041016; 0.37
0.8891482353210449; 0.37
0.9041385650634766; 0.42
0.9188628196716309; 0.45
0.9359879493713379; 0.46
0.9526934623718262; 0.4
0.971428632736206; 0.49
0.9873745441436768; 0.48
1.008014440536499; 0.46
1.021207571029663; 0.53
1.0343267917633057; 0.48
1.0468125343322754; 0.56
1.0598676204681396; 0.58
1.073221206665039; 0.52
1.0872790813446045; 0.55
1.100846529006958; 0.46
1.1212379932403564; 0.52
1.1384379863739014; 0.48
1.153289556503296; 0.41
1.1702337265014648; 0.39
1.1851952075958252; 0.46
1.2029571533203125; 0.43
1.2182984352111816; 0.4
1.2349023818969727; 0.35
1.2502641677856445; 0.4
1.2649474143981934; 0.34
1.2813751697540283; 0.34
1.3007895946502686; 0.37
1.3180744647979736; 0.31
1.3334002494812012; 0.39
1.3476126194000244; 0.34
1.3669755458831787; 0.27
1.3890962600708008; 0.3
1.4064056873321533; 0.27
1.4238872528076172; 0.26
1.4394550323486328; 0.25
1.4536774158477783; 0.32
1.4715564250946045; 0.33
1.4906959533691406; 0.33
1.5069503784179688; 0.25
1.5297837257385254; 0.32
1.5429351329803467; 0.25
1.5565650463104248; 0.25
1.569786548614502; 0.25
1.583949327468872; 0.25
1.601801872253418; 0.31
1.6149957180023193; 0.28
1.6354660987854004; 0.34
1.6522464752197266; 0.36
1.6676926612854004; 0.33
1.6845648288726807; 0.33
1.6997458934783936; 0.33
1.71647047996521; 0.4
1.7314770221710205; 0.39
1.7484612464904785; 0.37
1.766909122467041; 0.39
1.7811393737792969; 0.44
1.7999598979949951; 0.37
1.8165602684020996; 0.4
1.8304319381713867; 0.41
1.8439080715179443; 0.45
1.8580560684204102; 0.5
1.8733220100402832; 0.42
1.8913445472717285; 0.44
1.9066741466522217; 0.47
1.9251415729522705; 0.48
1.941204309463501; 0.49
1.9645326137542725; 0.43
1.9783103466033936; 0.45
1.992067575454712; 0.51
2.005260705947876; 0.45
2.023613929748535; 0.53
2.0427322387695312; 0.53
2.0638749599456787; 0.46
2.0764288902282715; 0.45
2.089017391204834; 0.46
2.102193593978882; 0.46
2.1152608394622803; 0.51
2.1302740573883057; 0.42
2.14524245262146; 0.42
2.1587181091308594; 0.48
2.1791696548461914; 0.4
2.1965792179107666; 0.39
2.2117834091186523; 0.42
2.22871470451355; 0.39
2.243426561355591; 0.38
2.260403633117676; 0.33
2.275446653366089; 0.37
2.2924273014068604; 0.36
2.311877965927124; 0.35
2.329026937484741; 0.32
2.3447346687316895; 0.37
2.36171555519104; 0.32
2.3753480911254883; 0.38
2.3888397216796875; 0.34
2.404223680496216; 0.3
2.4224963188171387; 0.25
2.4445321559906006; 0.31
2.4658586978912354; 0.24
2.4803600311279297; 0.24
2.4940173625946045; 0.3
2.511967658996582; 0.3
2.5279791355133057; 0.23
2.5525686740875244; 0.23
2.571406364440918; 0.29
2.5846521854400635; 0.24
2.597888708114624; 0.22
2.6109516620635986; 0.22
2.6244702339172363; 0.23
2.6430294513702393; 0.28
2.656611919403076; 0.24
2.6745119094848633; 0.26
2.6921465396881104; 0.28
2.705268383026123; 0.34
2.7186524868011475; 0.28
2.732125997543335; 0.36
2.7482757568359375; 0.35
2.7613937854766846; 0.36
2.776177167892456; 0.38
2.7941060066223145; 0.38
2.810436248779297; 0.35
2.825946807861328; 0.42
2.8392324447631836; 0.36
2.856877326965332; 0.44
2.8715217113494873; 0.4
2.8860623836517334; 0.41
2.9028208255767822; 0.47
2.92020320892334; 0.39
2.9363582134246826; 0.48
2.9577951431274414; 0.42
2.9766433238983154; 0.41
2.9903359413146973; 0.41
3.0040228366851807; 0.48
3.0214827060699463; 0.5
3.038658857345581; 0.49
3.05676007270813; 0.45
3.0852606296539307; 0.45
3.0984106063842773; 0.5
3.111628770828247; 0.46
3.1247620582580566; 0.44
3.1414477825164795; 0.44
3.1556951999664307; 0.44
3.1692416667938232; 0.5
3.186767578125; 0.46
3.2042291164398193; 0.44
3.2171261310577393; 0.38
3.230937957763672; 0.39
3.2472128868103027; 0.41
3.2668240070343018; 0.36
3.280700445175171; 0.4
3.298396348953247; 0.4
3.311506748199463; 0.33
3.327828884124756; 0.36
3.3444809913635254; 0.38
3.3604586124420166; 0.32
3.3777341842651367; 0.34
3.3914730548858643; 0.3
3.4061760902404785; 0.3
3.4204630851745605; 0.35
3.438098907470703; 0.3
3.453777551651001; 0.25
3.4712743759155273; 0.29
3.486441135406494; 0.29
3.5034234523773193; 0.29
3.516892671585083; 0.3
3.530752420425415; 0.24
3.5481696128845215; 0.23
3.564976692199707; 0.23
3.5909786224365234; 0.23
3.6092984676361084; 0.28
3.622612953186035; 0.28
3.6357243061065674; 0.22
3.64878249168396; 0.22
3.664170503616333; 0.22
3.6792142391204834; 0.29
3.692936658859253; 0.24
3.712505578994751; 0.31
3.7302029132843018; 0.31
3.7448770999908447; 0.26
3.7625555992126465; 0.28
3.776790142059326; 0.28
3.7945492267608643; 0.3
3.8088159561157227; 0.38
3.8271024227142334; 0.39
3.8429453372955322; 0.35
3.858238458633423; 0.34
3.8714020252227783; 0.37
3.8852696418762207; 0.41
3.900697708129883; 0.39
3.9152464866638184; 0.39
3.9303042888641357; 0.46
3.944017171859741; 0.4
3.9571664333343506; 0.41
3.974514961242676; 0.41
3.9899544715881348; 0.47
4.005547285079956; 0.47
4.021202802658081; 0.48
4.038466691970825; 0.47
4.052115440368652; 0.48
4.065519332885742; 0.43
4.084290266036987; 0.44
4.100208282470703; 0.49
4.131897926330566; 0.5
4.149951219558716; 0.44
4.163094997406006; 0.44
4.176321983337402; 0.43
4.189636945724487; 0.43
4.205987930297852; 0.5
4.221362113952637; 0.44
4.235200643539429; 0.39
4.255525350570679; 0.43
4.272588729858398; 0.42
4.287645101547241; 0.34
4.304790258407593; 0.34
4.3194286823272705; 0.39
4.336395740509033; 0.37
4.351280689239502; 0.32
4.368029356002808; 0.32
4.383786678314209; 0.36
4.399220943450928; 0.28
4.415600061416626; 0.35
4.433926582336426; 0.37
4.447445392608643; 0.34
4.460977077484131; 0.36
4.478925704956055; 0.27
4.4955220222473145; 0.32
4.516923189163208; 0.23
4.534004211425781; 0.23
4.552924633026123; 0.28
4.56643009185791; 0.23
4.584059238433838; 0.23
4.600956916809082; 0.22
4.626114130020142; 0.23
4.644244432449341; 0.28
4.657369136810303; 0.29
4.67055869102478; 0.21
4.6837382316589355; 0.21
4.700951099395752; 0.23
4.715253591537476; 0.28
4.729020595550537; 0.23
4.7487897872924805; 0.3
4.76597785949707; 0.31
4.780470848083496; 0.26
4.797783374786377; 0.27
4.8123767375946045; 0.27
4.829223394393921; 0.32
4.844689130783081; 0.37
4.861025333404541; 0.36
4.879860162734985; 0.38
4.895776987075806; 0.34
4.910377025604248; 0.4
4.927680492401123; 0.37
4.944884538650513; 0.44
4.958390474319458; 0.4
4.976053237915039; 0.47
4.991591691970825; 0.42
5.011091947555542; 0.46
5.025490760803223; 0.47
5.040872812271118; 0.47
5.054601669311523; 0.46
5.070331573486328; 0.46
5.088018894195557; 0.48
5.1144630908966064; 0.49
5.1325225830078125; 0.5
5.145633935928345; 0.43
5.1587724685668945; 0.43
5.1719653606414795; 0.49
5.185041189193726; 0.44
5.198059797286987; 0.44
5.211998462677002; 0.44
5.229887962341309; 0.43
5.247395038604736; 0.49
5.262389659881592; 0.47
5.275374412536621; 0.4
5.289618253707886; 0.44
5.3080689907073975; 0.38
5.3237597942352295; 0.41
5.338068723678589; 0.4
5.355312824249268; 0.38
5.368704319000244; 0.34
5.385932922363281; 0.37
5.400632858276367; 0.35
5.414378881454468; 0.35
5.431893825531006; 0.3
5.451669216156006; 0.26
5.465163469314575; 0.35
5.47995924949646; 0.35
5.5001771450042725; 0.32
5.518815517425537; 0.25
5.541438579559326; 0.24
5.557096004486084; 0.22
5.57063364982605; 0.24
5.584676027297974; 0.27
5.603769302368164; 0.22
5.619531869888306; 0.28
5.639408826828003; 0.28
5.656898021697998; 0.27
5.6700356006622314; 0.21
5.683222055435181; 0.22
5.6965343952178955; 0.27
5.710052728652954; 0.2
5.723233699798584; 0.22
5.737510919570923; 0.21
5.7558698654174805; 0.22
5.771670341491699; 0.23
5.7851409912109375; 0.29
5.802940368652344; 0.28
5.817990303039551; 0.32
5.8336405754089355; 0.31
5.847318172454834; 0.28
5.864896059036255; 0.3
5.878898620605469; 0.36
5.902539491653442; 0.33
5.918980836868286; 0.32
5.937215089797974; 0.33
5.951307535171509; 0.36
5.9649763107299805; 0.42
5.979442119598389; 0.38
5.9981467723846436; 0.45
6.015979290008545; 0.42
6.03665018081665; 0.39
6.0517518520355225; 0.39
6.066951751708984; 0.45
6.080935955047607; 0.46
6.096938610076904; 0.47
6.116831302642822; 0.47
6.1413350105285645; 0.43
6.153844833374023; 0.46
6.1663978099823; 0.42
6.178957223892212; 0.49
6.192296266555786; 0.43
6.209484815597534; 0.5
6.2240095138549805; 0.48
6.237233638763428; 0.43
6.2546021938323975; 0.42
6.271703720092773; 0.43
6.285089492797852; 0.49
6.302988290786743; 0.44
6.32015061378479; 0.44
6.3373870849609375; 0.43
6.3533477783203125; 0.41
6.371298313140869; 0.39
6.387102365493774; 0.4
6.4059154987335205; 0.38
6.422396659851074; 0.37
6.437138319015503; 0.31
6.454424858093262; 0.34
6.468404531478882; 0.29
6.482224702835083; 0.35
6.499980688095093; 0.29
6.517638206481934; 0.27
6.5323646068573; 0.28
6.556335687637329; 0.25
6.569880962371826; 0.24
6.5849220752716064; 0.28
6.601473093032837; 0.27
6.616517066955566; 0.27
6.632170915603638; 0.27
6.652579307556152; 0.23
6.671254396438599; 0.27
6.68441915512085; 0.21
6.697047710418701; 0.29
6.710341930389404; 0.22
6.725008249282837; 0.28
6.738399505615234; 0.28
6.752603769302368; 0.21
6.7712554931640625; 0.22
6.788321256637573; 0.22
6.802958250045776; 0.28
6.818910837173462; 0.28
6.833061218261719; 0.23
6.851489305496216; 0.24
6.866872310638428; 0.26
6.884951829910278; 0.28
6.90542459487915; 0.33
6.919229507446289; 0.31
6.936412334442139; 0.31
6.954097032546997; 0.39
6.968163251876831; 0.34
6.98177695274353; 0.39
6.995392799377441; 0.35
7.0085155963897705; 0.37
7.033737421035767; 0.44
7.051316499710083; 0.39
7.0742363929748535; 0.41
7.0932440757751465; 0.44
7.106968879699707; 0.46
7.121045827865601; 0.46
7.136881113052368; 0.46
7.154451131820679; 0.46
7.183401584625244; 0.49
7.201834678649902; 0.42
7.21498703956604; 0.48
7.22812557220459; 0.42
7.241213321685791; 0.48
7.256037712097168; 0.49
7.269359350204468; 0.44
7.283013105392456; 0.43
7.302319526672363; 0.43
7.319914102554321; 0.41
7.334480285644531; 0.4
7.352665901184082; 0.39
7.367090702056885; 0.42
7.383760213851929; 0.42
7.39901065826416; 0.41
7.4160003662109375; 0.4
7.432004451751709; 0.35
7.449520587921143; 0.32
7.466131925582886; 0.32
7.481268405914307; 0.35
7.4984471797943115; 0.37
7.512094736099243; 0.36
7.526256561279297; 0.28
7.541331052780151; 0.32
7.561220169067383; 0.34
7.577057600021362; 0.35
7.599253177642822; 0.31
7.618463516235352; 0.21
7.635185480117798; 0.21
7.652527332305908; 0.27
7.668782472610474; 0.28
7.68735933303833; 0.27
7.708404779434204; 0.28
7.72650408744812; 0.2
7.739636421203613; 0.27
7.752822160720825; 0.22
7.766061067581177; 0.27
7.779805898666382; 0.26
7.795022487640381; 0.22
7.809275150299072; 0.21
7.827877759933472; 0.21
7.842937707901001; 0.29
7.860029458999634; 0.28
7.875444412231445; 0.31
7.8888466358184814; 0.24
7.907017946243286; 0.31
7.919799327850342; 0.32
7.934129953384399; 0.33
7.953741073608398; 0.35
7.9715940952301025; 0.37
7.9902777671813965; 0.38
8.00689435005188; 0.38
8.02608346939087; 0.39
8.039700746536255; 0.42
8.054153442382812; 0.37
8.071187734603882; 0.45
8.091674089431763; 0.45
8.10852336883545; 0.39
8.123893737792969; 0.39
8.139648914337158; 0.39
8.158111333847046; 0.46
8.172727346420288; 0.48
8.186673641204834; 0.47
8.204020261764526; 0.47
8.219913244247437; 0.42
8.249264240264893; 0.49
8.267717123031616; 0.42
8.280865669250488; 0.49
8.294041633605957; 0.49
8.307101488113403; 0.42
8.320922374725342; 0.43
8.335306167602539; 0.43
8.348275899887085; 0.42
8.365726709365845; 0.43
8.38370156288147; 0.46
8.399972200393677; 0.42
8.4153733253479; 0.35
8.429490804672241; 0.41
8.446839809417725; 0.4
8.460339784622192; 0.35
8.479564905166626; 0.39
8.494187831878662; 0.32
8.51004409790039; 0.36
8.524580955505371; 0.31
8.542480945587158; 0.27
8.559664726257324; 0.33
8.573171854019165; 0.25
8.587239027023315; 0.35
8.600713729858398; 0.32
8.61615800857544; 0.31
8.636898517608643; 0.33
8.653733253479004; 0.24
8.677240371704102; 0.29
8.696488618850708; 0.22
8.70999002456665; 0.28
8.723399877548218; 0.28
8.74210500717163; 0.25
8.75809383392334; 0.21
8.788214921951294; 0.21
8.806230545043945; 0.27
8.818788766860962; 0.21
8.831925392150879; 0.21
8.844990730285645; 0.22
8.860475301742554; 0.21
8.874798774719238; 0.22
8.888369083404541; 0.29
8.905660629272461; 0.29
8.92385983467102; 0.24
8.937267780303955; 0.32
8.95604944229126; 0.33
8.969430685043335; 0.28
8.990478754043579; 0.36
9.005029439926147; 0.31
9.022632122039795; 0.31
9.03925371170044; 0.32
9.05439043045044; 0.39
9.07059121131897; 0.33
9.089096069335938; 0.35
9.10605788230896; 0.43
9.11986231803894; 0.44
9.133292436599731; 0.39
9.147202491760254; 0.4
9.166225671768188; 0.47
9.181538105010986; 0.44
9.200495719909668; 0.4
9.218845129013062; 0.4
9.238011121749878; 0.42
9.251522302627563; 0.42
9.264985084533691; 0.47
9.2784104347229; 0.41
9.295968055725098; 0.49
9.310837030410767; 0.42
9.32605528831482; 0.49
9.34233021736145; 0.43
9.372457027435303; 0.41
9.391417026519775; 0.43
9.4045090675354; 0.47
9.419262409210205; 0.39
9.433000802993774; 0.43
9.44703722000122; 0.37
9.461437702178955; 0.37
9.47482705116272; 0.42
9.490384578704834; 0.35
9.50987982749939; 0.39
9.523187637329102; 0.33
9.540970802307129; 0.3
9.554150342941284; 0.3
9.571341037750244; 0.28
9.585838079452515; 0.35
9.603258848190308; 0.28
9.61719799041748; 0.33
9.64045763015747; 0.33
9.656142473220825; 0.26
9.67082142829895; 0.27
9.689090490341187; 0.31
9.702863931655884; 0.32
9.716293096542358; 0.3
9.73112440109253; 0.29
9.748894453048706; 0.29
9.766258239746094; 0.28
9.784600257873535; 0.28
9.800564527511597; 0.21
9.818673372268677; 0.26
9.832043886184692; 0.21
9.845771312713623; 0.26
9.860323429107666; 0.2
9.88257646560669; 0.2
9.898092985153198; 0.2
9.933681964874268; 0.22
9.952459573745728; 0.29
9.965688467025757; 0.28
9.979326248168945; 0.31
9.992805480957031; 0.31
10.009536504745483; 0.28
10.02385401725769; 0.27
10.038179397583008; 0.35
10.053547143936157; 0.3
10.067497730255127; 0.37
10.08181381225586; 0.32
10.095429182052612; 0.39
10.11124587059021; 0.36
10.125224351882935; 0.41
10.141679763793945; 0.37
10.15622067451477; 0.42
10.169446468353271; 0.44
10.182779788970947; 0.43
10.199656248092651; 0.4
10.212810516357422; 0.39
10.22780966758728; 0.39
10.243163585662842; 0.45
10.259790897369385; 0.46
10.275537252426147; 0.46
10.289353847503662; 0.4
10.30363130569458; 0.42
10.318272352218628; 0.48
10.332882404327393; 0.42
10.348311185836792; 0.48
10.364522933959961; 0.42
10.386346340179443; 0.48
10.403762102127075; 0.42
10.418465375900269; 0.43
10.433412075042725; 0.43
10.447676420211792; 0.49
10.460742712020874; 0.4
10.480460405349731; 0.43
10.499543190002441; 0.42
10.534883737564087; 0.32
10.548044919967651; 0.39
10.561285257339478; 0.33
10.57458758354187; 0.37
10.592873811721802; 0.35
10.611555576324463; 0.34
10.625061988830566; 0.3
10.642323970794678; 0.35
10.660216331481934; 0.35
10.675140380859375; 0.28
10.69192624092102; 0.34
10.707029104232788; 0.33
10.722622871398926; 0.24
10.736141920089722; 0.26
10.753720045089722; 0.31
10.768963813781738; 0.28
10.784724473953247; 0.27
10.801428318023682; 0.27
10.817758321762085; 0.27
10.83301854133606; 0.21
10.846518516540527; 0.27
10.860259056091309; 0.27
10.873598337173462; 0.21
10.890702247619629; 0.27
10.90825629234314; 0.26
10.923644542694092; 0.2
10.940865278244019; 0.2
10.959932327270508; 0.2
10.973635196685791; 0.28
10.987337112426758; 0.27
11.001611232757568; 0.24
11.018373012542725; 0.24
11.033545017242432; 0.32
11.070566177368164; 0.35
11.089057207107544; 0.28
11.102235555648804; 0.37
11.115410327911377; 0.31
11.128588914871216; 0.37
11.14465594291687; 0.33
11.159380912780762; 0.39
11.173758506774902; 0.35
11.194321870803833; 0.36
11.208925485610962; 0.39
11.223493814468384; 0.45
11.240431070327759; 0.39
11.256555557250977; 0.39
11.273972511291504; 0.45
11.288542985916138; 0.46
11.305423259735107; 0.46
11.323192358016968; 0.46
11.340527772903442; 0.46
11.356279611587524; 0.48
11.371301174163818; 0.42
11.388218879699707; 0.48
11.40167236328125; 0.42
11.415484428405762; 0.48
11.435091733932495; 0.42
11.456037282943726; 0.42
11.474791765213013; 0.43
11.48991346359253; 0.41
11.505133867263794; 0.42
11.525253057479858; 0.43
11.542109251022339; 0.42
11.557102918624878; 0.43
11.577802419662476; 0.41
11.595301389694214; 0.42
11.610738754272461; 0.42
11.639026403427124; 0.42
11.657025337219238; 0.42
11.670167446136475; 0.42
11.683341264724731; 0.41
11.696553945541382; 0.42
11.713988065719604; 0.42
11.728289365768433; 0.42
11.741468906402588; 0.4
11.758482456207275; 0.41
11.776012897491455; 0.42
11.789169311523438; 0.41
11.807926416397095; 0.41
11.821353673934937; 0.41
11.838415622711182; 0.41
11.855920791625977; 0.41
11.872956991195679; 0.41
11.890653133392334; 0.4
11.905361890792847; 0.41
11.921130657196045; 0.41
11.937748908996582; 0.41
11.954390048980713; 0.41
11.968064546585083; 0.42
11.981411933898926; 0.4
11.994616031646729; 0.4
12.012479066848755; 0.41
12.02903127670288; 0.41
12.044461011886597; 0.42
12.06616997718811; 0.41
12.085289716720581; 0.42
12.09866213798523; 0.4
12.113509893417358; 0.41
12.128092765808105; 0.41
12.146344184875488; 0.41
12.162677526473999; 0.4
12.196280479431152; 0.41
12.214260339736938; 0.4
12.227442026138306; 0.41
12.24061107635498; 0.4
12.253752946853638; 0.4
12.271506071090698; 0.41
12.286188125610352; 0.41
12.299961805343628; 0.41
12.317728519439697; 0.4
12.333419799804688; 0.4
12.350935459136963; 0.41
12.368557214736938; 0.4
12.385743618011475; 0.41
12.399965763092041; 0.4
12.421156406402588; 0.41
12.435949087142944; 0.4
12.455430507659912; 0.41
12.470526933670044; 0.41
12.487289905548096; 0.46
12.505484342575073; 0.4
12.519126892089844; 0.44
12.533210039138794; 0.35
12.547240257263184; 0.4
12.56093716621399; 0.39
12.583557605743408; 0.33
12.600247859954834; 0.31
12.616959810256958; 0.36
12.63249135017395; 0.36
12.65152907371521; 0.36
12.665266513824463; 0.26
12.679296731948853; 0.31
12.694056987762451; 0.34
12.714588642120361; 0.33
12.732238292694092; 0.33
12.763359308242798; 0.28
12.78187346458435; 0.28
12.794407606124878; 0.29
12.80777883529663; 0.28
12.820964097976685; 0.21
12.839724779129028; 0.27
12.854794979095459; 0.2
12.868154287338257; 0.21
12.888816833496094; 0.21
12.906310558319092; 0.27
12.921756029129028; 0.2
12.937449932098389; 0.26
12.951477527618408; 0.26
12.968387365341187; 0.2
12.983527898788452; 0.2
13.001124382019043; 0.2
13.019256830215454; 0.24
13.034973859786987; 0.22
13.052796363830566; 0.24
13.07105827331543; 0.29
13.085320234298706; 0.27
13.098980903625488; 0.32
13.112609148025513; 0.26
13.126299381256104; 0.35
13.142887830734253; 0.34
13.161165237426758; 0.36
13.177080869674683; 0.32
13.19913101196289; 0.38
13.218056201934814; 0.36
13.232646465301514; 0.42
13.246525049209595; 0.38
13.260270595550537; 0.39
13.278886556625366; 0.42
13.297351837158203; 0.37
13.328273296356201; 0.39
13.346837043762207; 0.45
13.359954833984375; 0.46
13.373138666152954; 0.41
13.386314153671265; 0.41
13.404845714569092; 0.46
13.419607877731323; 0.47
13.434901475906372; 0.35
13.452474594116211; 0.43
13.46996784210205; 0.47
13.483706951141357; 0.41
13.501385927200317; 0.41
13.514394998550415; 0.39
13.531769275665283; 0.48
13.545658111572266; 0.39
13.563070297241211; 0.38
13.578924894332886; 0.35
13.600475311279297; 0.39
13.616365194320679; 0.39
13.635125160217285; 0.39
13.652393341064453; 0.38
13.66605257987976; 0.31
13.679664850234985; 0.37
13.693503856658936; 0.29
13.71058702468872; 0.28
13.726928949356079; 0.32
13.742656946182251; 0.27
13.764465570449829; 0.27
13.783487558364868; 0.32
13.797531843185425; 0.23
13.811139345169067; 0.32
13.825980186462402; 0.23
13.84536600112915; 0.26
13.861552715301514; 0.17
13.892652750015259; 0.2
13.910679340362549; 0.21
13.923861742019653; 0.27
13.937668323516846; 0.27
13.952564477920532; 0.22
13.970144271850586; 0.26
13.984538078308105; 0.26
13.99828290939331; 0.2
14.015456914901733; 0.19
14.03389596939087; 0.2
14.047264575958252; 0.2
14.065742492675781; 0.21
14.07919692993164; 0.24
14.09734582901001; 0.22
14.11539363861084; 0.25
14.132788181304932; 0.26
14.14775037765503; 0.34
14.169023036956787; 0.29
14.185033559799194; 0.37
14.20336365699768; 0.36
14.217124223709106; 0.32
14.230870485305786; 0.31
14.246766567230225; 0.38
14.260525941848755; 0.35
14.28098201751709; 0.37
14.29936933517456; 0.44
14.315152406692505; 0.38
14.333648443222046; 0.46
14.353112936019897; 0.39
14.366816759109497; 0.39
14.380375146865845; 0.39
14.394915103912354; 0.39
14.414661407470703; 0.4
14.432557106018066; 0.4
14.462364673614502; 0.41
14.48050856590271; 0.42
14.493683815002441; 0.42
14.507610321044922; 0.48
14.520809412002563; 0.4
14.539052963256836; 0.42
14.554882764816284; 0.42
14.568194150924683; 0.47
14.585920333862305; 0.46
14.603793859481812; 0.42
14.618945598602295; 0.43
14.635957956314087; 0.41
14.651188611984253; 0.34
14.666978120803833; 0.34
14.680545568466187; 0.38
14.698394060134888; 0.36
14.714593172073364; 0.36
14.732877731323242; 0.3
14.74890685081482; 0.26
14.767849445343018; 0.33
14.787348985671997; 0.33
14.801540613174438; 0.27
14.818928956985474; 0.31
14.836172819137573; 0.24
14.855305194854736; 0.31
14.87061595916748; 0.3
14.890137910842896; 0.23
14.910433769226074; 0.28
14.92709493637085; 0.27
14.94613790512085; 0.26
14.963027715682983; 0.26
14.99725890159607; 0.27
15.01146674156189; 0.2
15.024644374847412; 0.26
15.039188861846924; 0.21
15.057462692260742; 0.19
15.078524589538574; 0.2
15.091933965682983; 0.27
15.109636068344116; 0.27
15.12559962272644; 0.3
15.140729427337646; 0.22
15.155525207519531; 0.3
15.171685457229614; 0.31
15.19130825996399; 0.31
15.205389976501465; 0.28
15.222968816757202; 0.3
15.23917007446289; 0.3
15.261120796203613; 0.35
15.27684497833252; 0.32
15.294280767440796; 0.41
15.311711549758911; 0.39
15.325859785079956; 0.42
15.344825744628906; 0.44
15.364691019058228; 0.42
15.380443334579468; 0.45
15.394023895263672; 0.44
15.408733367919922; 0.46
15.423951387405396; 0.45
15.442394018173218; 0.45
15.458255767822266; 0.47
15.493221521377563; 0.47
15.511419296264648; 0.39
15.524205446243286; 0.48
15.537397623062134; 0.42
15.550843715667725; 0.47
15.569079160690308; 0.42
15.58670973777771; 0.42
15.601083278656006; 0.42
15.619847774505615; 0.48
15.637693881988525; 0.47
15.652679920196533; 0.39
15.671117782592773; 0.43
15.688761472702026; 0.41
15.702207565307617; 0.34
15.716840267181396; 0.38
15.735331058502197; 0.39
15.759384870529175; 0.3
15.776836156845093; 0.3
15.797020196914673; 0.32
15.811696767807007; 0.35
15.825715780258179; 0.32
15.845933437347412; 0.34
15.867095470428467; 0.33
15.886174201965332; 0.32
15.899973630905151; 0.33
15.915571689605713; 0.28
15.93101191520691; 0.21
15.95048475265503; 0.27
15.96727728843689; 0.26
15.997536897659302; 0.27
16.016044855117798; 0.2
16.029218435287476; 0.26
16.042696952819824; 0.2
16.056084156036377; 0.26
16.074323177337646; 0.26
16.091553926467896; 0.26
16.10522961616516; 0.19
16.123201847076416; 0.2
16.138581037521362; 0.18
16.152886390686035; 0.22
16.170085191726685; 0.22
16.186197519302368; 0.22
16.203343629837036; 0.22
16.21795153617859; 0.3
16.231908559799194; 0.27
16.24739956855774; 0.26
16.268627405166626; 0.33
16.284421682357788; 0.28
16.301403045654297; 0.31
16.31834053993225; 0.34
16.33217430114746; 0.34
16.349014043807983; 0.33
16.365471839904785; 0.4
16.38447093963623; 0.38
16.401532411575317; 0.35
16.416871070861816; 0.41
16.436584949493408; 0.42
16.457690477371216; 0.43
16.48684072494507; 0.45
16.51381206512451; 0.4
16.53526735305786; 0.39
16.57527756690979; 0.48
16.58836030960083; 0.41
16.60155153274536; 0.48
16.614689111709595; 0.48
16.633164644241333; 0.42
16.651729583740234; 0.41
16.665639638900757; 0.42
16.68318510055542; 0.39
16.700724363327026; 0.43
16.71512532234192; 0.37
16.731653213500977; 0.37
16.74490451812744; 0.4
16.762154817581177; 0.4
16.775643587112427; 0.31
16.793020963668823; 0.32
16.80924916267395; 0.34
16.827314615249634; 0.35
16.843116283416748; 0.35
16.863863468170166; 0.34
16.881197929382324; 0.27
16.89466619491577; 0.34
16.913092613220215; 0.27
16.932839393615723; 0.26
16.94877815246582; 0.27
16.963836669921875; 0.3
16.978834629058838; 0.28
16.99239492416382; 0.29
17.005610704421997; 0.27
17.02236318588257; 0.27
17.039144039154053; 0.21
17.072683572769165; 0.2
17.091235876083374; 0.27
17.1043803691864; 0.19
17.116976022720337; 0.26
17.130228519439697; 0.26
17.148586750030518; 0.2
17.16673231124878; 0.2
17.180210828781128; 0.2
17.200085401535034; 0.21
17.21737027168274; 0.23
17.23220992088318; 0.22
17.24975275993347; 0.23
17.264610290527344; 0.31
17.281681776046753; 0.32
17.295761585235596; 0.28
17.313214778900146; 0.29
17.331236124038696; 0.3
17.34652066230774; 0.35
17.364742279052734; 0.39
17.382774114608765; 0.39
17.39662265777588; 0.33
17.41035509109497; 0.36
17.428439378738403; 0.35
17.450666666030884; 0.39
17.465795516967773; 0.38
17.485916137695312; 0.45
17.49933958053589; 0.43
17.518399715423584; 0.39
17.53426766395569; 0.39
17.555357217788696; 0.4
17.59018301963806; 0.41
17.603283882141113; 0.47
17.616437911987305; 0.42
17.629637718200684; 0.4
17.648025035858154; 0.48
17.66692042350769; 0.42
17.679891347885132; 0.42
17.696990251541138; 0.42
17.714158296585083; 0.47
17.728726387023926; 0.39
17.745833158493042; 0.4
17.7620906829834; 0.36
17.778870820999146; 0.33
17.794148445129395; 0.35
17.808047771453857; 0.39
17.823644638061523; 0.33
17.84758424758911; 0.32
17.86332607269287; 0.34
17.882269620895386; 0.33
17.896156311035156; 0.27
17.90968155860901; 0.34
17.926279544830322; 0.28
17.94300103187561; 0.33
17.961833238601685; 0.27
17.97882342338562; 0.31
17.992939710617065; 0.32
18.006639003753662; 0.29
18.020242929458618; 0.28
18.039716243743896; 0.22
18.0582115650177; 0.22
18.076889753341675; 0.26
18.110990285873413; 0.2
18.124136924743652; 0.26
18.137351274490356; 0.2
18.150648593902588; 0.26
18.168845176696777; 0.26
18.187798976898193; 0.2
18.201273679733276; 0.19
18.21817922592163; 0.2
18.238708019256592; 0.22
18.253584623336792; 0.22
18.271295070648193; 0.23
18.286802768707275; 0.23
18.301961183547974; 0.31
18.317113876342773; 0.32
18.333921432495117; 0.32
18.35515260696411; 0.34
18.371500492095947; 0.36
18.391406059265137; 0.37
18.40960192680359; 0.39
18.423181772232056; 0.32
18.438331365585327; 0.38
18.456573724746704; 0.37
18.472498178482056; 0.43
18.49228310585022; 0.4
18.507745504379272; 0.44
18.527697801589966; 0.38
18.541850805282593; 0.39
18.56154465675354; 0.45
18.577696561813354; 0.45
18.607672929763794; 0.41
18.625933408737183; 0.46
18.638439178466797; 0.42
18.651036739349365; 0.47
18.664464950561523; 0.41
18.682687044143677; 0.47
18.7023823261261; 0.43
18.715426921844482; 0.42
18.733874797821045; 0.42
18.749566555023193; 0.46
18.76735520362854; 0.45
18.785003423690796; 0.43
18.79940366744995; 0.37
18.816568851470947; 0.34
18.83129906654358; 0.34
18.84922218322754; 0.33
18.871166706085205; 0.38
18.886897325515747; 0.29
18.905664205551147; 0.28
18.922888040542603; 0.3
18.93917441368103; 0.32
18.952362298965454; 0.28
18.97137975692749; 0.33
18.99294638633728; 0.31
19.01210856437683; 0.28
19.02710723876953; 0.3
19.040562629699707; 0.3
19.055041551589966; 0.28
19.074514389038086; 0.21
19.091508626937866; 0.22
19.121337175369263; 0.2
19.13976764678955; 0.27
19.152244567871094; 0.2
19.1649329662323; 0.26
19.17816948890686; 0.2
19.196651458740234; 0.26
19.216479539871216; 0.19
19.229501485824585; 0.19
19.246304035186768; 0.2
19.26371479034424; 0.23
19.281556367874146; 0.22
19.298490047454834; 0.23
19.313509941101074; 0.3
19.331300973892212; 0.3
19.348366737365723; 0.33
19.361937046051025; 0.31
19.379155158996582; 0.29
19.3951895236969; 0.28
19.410897254943848; 0.36
19.428040266036987; 0.37
19.445610761642456; 0.37
19.45986795425415; 0.35
19.478679180145264; 0.41
19.499525547027588; 0.42
19.514238357543945; 0.39
19.528066158294678; 0.37
19.542542457580566; 0.37
19.558510541915894; 0.42
19.57669186592102; 0.39
19.61011552810669; 0.45
19.62857151031494; 0.39
19.641730308532715; 0.44
19.654337644577026; 0.49
19.667588233947754; 0.39
19.680797815322876; 0.48
19.699167251586914; 0.41
19.71790885925293; 0.47
19.73144793510437; 0.42
19.74905276298523; 0.42
19.764742374420166; 0.42
19.780596017837524; 0.46
19.79629945755005; 0.46
19.81212615966797; 0.43
19.8293879032135; 0.42
19.843875885009766; 0.35
19.861034631729126; 0.34
19.879995346069336; 0.33
19.89490032196045; 0.33
19.910737991333008; 0.36
19.925785779953003; 0.35
19.94568157196045; 0.36
19.95922827720642; 0.29
19.975984811782837; 0.32
19.991791486740112; 0.26
20.007648468017578; 0.31
20.029176950454712; 0.3
20.042542934417725; 0.32
20.0576171875; 0.21
20.072582721710205; 0.22
20.091610193252563; 0.27
20.107751607894897; 0.28
20.13724446296692; 0.21
20.155683040618896; 0.26
20.168206691741943; 0.19
20.18137001991272; 0.26
20.19476866722107; 0.26
20.212920665740967; 0.2
20.232776165008545; 0.25
20.245898246765137; 0.23
20.26262140274048; 0.2
20.280017614364624; 0.2
20.293102979660034; 0.2
20.30735421180725; 0.27
20.323673248291016; 0.28
20.34279990196228; 0.28
20.3574538230896; 0.29
20.374333143234253; 0.31
20.39072346687317; 0.31
20.41192364692688; 0.29
20.43044662475586; 0.27
20.449658632278442; 0.3
20.46410632133484; 0.36
20.481563329696655; 0.33
20.501396417617798; 0.35
20.52487015724182; 0.41
20.544002532958984; 0.37
20.559044122695923; 0.44
20.573062419891357; 0.41
20.587234497070312; 0.4
20.60798168182373; 0.46
20.624290704727173; 0.43
20.654253244400024; 0.44
20.672734022140503; 0.47
20.68583607673645; 0.4
20.699004888534546; 0.46
20.71224570274353; 0.41
20.730354070663452; 0.42
20.750657081604004; 0.48
20.763718605041504; 0.48
20.782705307006836; 0.4
20.79809880256653; 0.41
20.815502405166626; 0.48
20.833507299423218; 0.46
20.84911298751831; 0.44
20.864232301712036; 0.36
20.878631830215454; 0.36
20.89590883255005; 0.34
20.9153413772583; 0.3
20.93360137939453; 0.31
20.949953317642212; 0.32
20.96777033805847; 0.3
20.982279062271118; 0.36
20.99911141395569; 0.27
21.01999044418335; 0.3
21.042134284973145; 0.34
21.061418533325195; 0.27
21.088221788406372; 0.31
21.10205316543579; 0.29
21.11792540550232; 0.26
21.137000799179077; 0.21
21.1587975025177; 0.27
21.193523406982422; 0.27
21.206015586853027; 0.19
21.21920156478882; 0.21
21.232248544692993; 0.27
21.250494241714478; 0.2
21.272696495056152; 0.26
21.28698706626892; 0.2
21.30224108695984; 0.2
21.316187143325806; 0.2
21.329231023788452; 0.19
21.342320442199707; 0.24
21.357933044433594; 0.21
21.372528553009033; 0.21
21.389728307724; 0.24
21.404147148132324; 0.31
21.418955087661743; 0.26
21.433628797531128; 0.3
21.44870352745056; 0.32
21.464051246643066; 0.27
21.477189779281616; 0.35
21.49240779876709; 0.31
21.50547742843628; 0.37
21.52116107940674; 0.33
21.5365731716156; 0.39
21.550127029418945; 0.34
21.565690994262695; 0.41
21.578823804855347; 0.41
21.594659328460693; 0.39
21.608478784561157; 0.44
21.621957540512085; 0.45
21.636561155319214; 0.43
21.649751663208008; 0.44
21.665149211883545; 0.45
21.680595636367798; 0.43
21.70698070526123; 0.39
21.724735736846924; 0.41
21.73788833618164; 0.46
21.751006603240967; 0.41
21.76405692100525; 0.48
21.78222346305847; 0.41
21.807265520095825; 0.43
21.823944091796875; 0.41
21.844451665878296; 0.41
21.86175560951233; 0.39
21.876749277114868; 0.39
21.893553733825684; 0.38
21.907520055770874; 0.42
21.925201892852783; 0.39
21.94035840034485; 0.4
21.958402633666992; 0.39
21.980621576309204; 0.33
21.996729135513306; 0.36
22.014480590820312; 0.34
22.033270835876465; 0.33
22.04726266860962; 0.26
22.060433387756348; 0.34
22.07795476913452; 0.24
22.093436241149902; 0.34
22.110376119613647; 0.29
22.12582015991211; 0.28
22.146020889282227; 0.23
22.159503698349; 0.24
22.177795886993408; 0.2
22.19424819946289; 0.27
22.20987892150879; 0.25
22.245082139968872; 0.19
22.258236169815063; 0.26
22.27139902114868; 0.26
22.2841055393219; 0.26
22.29716658592224; 0.19
22.320123195648193; 0.26
22.3349609375; 0.19
22.349459409713745; 0.19
22.367796182632446; 0.2
22.384472131729126; 0.26
22.39832901954651; 0.25
22.413955688476562; 0.22
22.4273464679718; 0.3
22.446272134780884; 0.24
22.461979150772095; 0.33
22.48127770423889; 0.26
22.500202894210815; 0.27
22.515066385269165; 0.36
22.530646324157715; 0.36
22.54815435409546; 0.32
22.565016269683838; 0.33
22.578470945358276; 0.37
22.59674096107483; 0.35
22.612296104431152; 0.42
22.630974531173706; 0.39
22.64570116996765; 0.42
22.662963151931763; 0.4
22.67990016937256; 0.38
22.695958614349365; 0.39
22.711819648742676; 0.42
22.731192350387573; 0.46
22.766193151474; 0.45
22.779346466064453; 0.41
22.792470693588257; 0.48
22.805561304092407; 0.41
22.81868028640747; 0.41
22.84282946586609; 0.41
22.85623264312744; 0.41
22.870368003845215; 0.41
22.888590574264526; 0.41
22.90645718574524; 0.42
22.92108392715454; 0.41
22.942188024520874; 0.41
22.955859661102295; 0.41
22.97272491455078; 0.41
22.990403652191162; 0.41
23.00794744491577; 0.41
23.027270078659058; 0.41
23.042258739471436; 0.41
23.05543804168701; 0.4
23.074816703796387; 0.42
23.091307163238525; 0.41
23.104981184005737; 0.42
23.122674703598022; 0.4
23.138132572174072; 0.4
23.15509533882141; 0.4
23.170186519622803; 0.4
23.184574604034424; 0.4
23.197998046875; 0.41
23.211347341537476; 0.39
23.23136615753174; 0.4
23.247153759002686; 0.39
23.278464317321777; 0.4
23.296431064605713; 0.41
23.309638500213623; 0.4
23.322794437408447; 0.4
23.33634638786316; 0.4
23.354451894760132; 0.4
23.37803053855896; 0.41
23.390984773635864; 0.4
23.411471843719482; 0.41
23.429058074951172; 0.41
23.44370698928833; 0.4
23.46041250228882; 0.4
23.475155353546143; 0.4
23.49274468421936; 0.41
23.506913900375366; 0.4
23.523124933242798; 0.39
23.54083561897278; 0.4
23.55577063560486; 0.4
23.573877811431885; 0.4
23.590049505233765; 0.4
23.60531234741211; 0.39
23.619089365005493; 0.4
23.63884162902832; 0.4
23.659558296203613; 0.4
23.674335956573486; 0.4
23.69368600845337; 0.4
23.707528591156006; 0.4
23.725621461868286; 0.4
23.741494178771973; 0.4
23.7569797039032; 0.4
23.791306018829346; 0.4
23.804485321044922; 0.4
23.817142486572266; 0.4
23.830694913864136; 0.4
23.843730449676514; 0.4
23.862489938735962; 0.39
23.88641095161438; 0.39
23.900097131729126; 0.4
23.918338775634766; 0.38
23.937485456466675; 0.38
23.95146131515503; 0.37
23.9707350730896; 0.3
23.9844388961792; 0.34
24.000484704971313; 0.33
24.01525044441223; 0.31
24.029541730880737; 0.29
24.046290397644043; 0.29
24.06462526321411; 0.22
24.078934907913208; 0.26
24.092129945755005; 0.2
24.11149001121521; 0.25
24.130772352218628; 0.24
24.14468765258789; 0.16
24.161773443222046; 0.22
24.17754578590393; 0.18
24.19655203819275; 0.17
24.21401071548462; 0.15
24.228367567062378; 0.2
24.244045972824097; 0.14
24.257890701293945; 0.2
24.27691411972046; 0.15
24.295212268829346; 0.19
24.314162492752075; 0.12
24.34817385673523; 0.12
24.36128830909729; 0.17
24.373884677886963; 0.17
24.386985778808594; 0.12
