0.005141496658325195; 0.08
0.02585625648498535; 0.09
0.0426793098449707; 0.15
0.05545830726623535; 0.15
0.07832527160644531; 0.1
0.09518241882324219; 0.11
0.1098642349243164; 0.11
0.12362241744995117; 0.17
0.14208674430847168; 0.18
0.16318035125732422; 0.18
0.1780850887298584; 0.13
0.19449973106384277; 0.13
0.20911264419555664; 0.14
0.22374486923217773; 0.21
0.23814153671264648; 0.21
0.2514357566833496; 0.17
0.2651076316833496; 0.23
0.281033992767334; 0.23
0.29831361770629883; 0.24
0.31583452224731445; 0.26
0.3284618854522705; 0.2
0.34162092208862305; 0.27
0.354733943939209; 0.28
0.3695869445800781; 0.22
0.3826253414154053; 0.29
0.3958268165588379; 0.24
0.4097583293914795; 0.3
0.4234597682952881; 0.25
0.43647193908691406; 0.29
0.450451135635376; 0.31
0.46423912048339844; 0.36
0.477327823638916; 0.35
0.49057817459106445; 0.34
0.5036270618438721; 0.37
0.5229544639587402; 0.34
0.5361478328704834; 0.4
0.5538277626037598; 0.41
0.5722270011901855; 0.38
0.5853843688964844; 0.38
0.6036086082458496; 0.41
0.6170902252197266; 0.47
0.6343212127685547; 0.44
0.6480405330657959; 0.51
0.6651334762573242; 0.53
0.6794223785400391; 0.55
0.7015500068664551; 0.5
0.7191405296325684; 0.6
0.7364370822906494; 0.61
0.753349781036377; 0.63
0.7668235301971436; 0.63
0.7806267738342285; 0.61
0.796978235244751; 0.62
0.8132352828979492; 0.7
0.8360795974731445; 0.67
0.8551816940307617; 0.72
0.8686816692352295; 0.68
0.8839371204376221; 0.76
0.9004771709442139; 0.73
0.9155280590057373; 0.73
0.9318325519561768; 0.75
0.9576456546783447; 0.83
0.970827579498291; 0.79
0.9839365482330322; 0.86
0.9971237182617188; 0.81
1.0101487636566162; 0.88
1.0236186981201172; 0.84
1.038820505142212; 0.85
1.0558781623840332; 0.93
1.0707671642303467; 0.88
1.085008144378662; 0.94
1.0991950035095215; 0.98
1.1156306266784668; 0.99
1.1313776969909668; 1.01
1.144347906112671; 1.01
1.1588804721832275; 0.97
1.1817522048950195; 1.05
1.197835922241211; 1.07
1.2121260166168213; 1.01
1.2295951843261719; 1.06
1.2466020584106445; 1.05
1.2651915550231934; 1.08
1.2799651622772217; 1.02
1.2982540130615234; 1.0
1.3144843578338623; 1.06
1.330146312713623; 0.98
1.3518152236938477; 1.04
1.3665945529937744; 1.03
1.384629726409912; 0.95
1.398317575454712; 0.96
1.41371750831604; 1.02
1.4293301105499268; 0.94
1.4460091590881348; 0.94
1.4627292156219482; 1.0
1.4845263957977295; 0.93
1.5060584545135498; 0.99
1.5185821056365967; 0.99
1.5317537784576416; 0.91
1.5448966026306152; 0.92
1.560178279876709; 0.97
1.5755133628845215; 0.97
1.590857982635498; 0.89
1.6040277481079102; 0.96
1.6203601360321045; 0.96
1.6346962451934814; 0.89
1.6485271453857422; 0.89
1.6616981029510498; 0.94
1.6787843704223633; 0.93
1.6918740272521973; 0.87
1.7102019786834717; 0.93
1.7241766452789307; 0.94
1.7423076629638672; 0.87
1.7585773468017578; 0.92
1.7751662731170654; 0.92
1.7987849712371826; 0.86
1.81278395652771; 0.91
1.8274030685424805; 0.91
1.8468739986419678; 0.83
1.8620176315307617; 0.9
1.8811733722686768; 0.83
1.900907278060913; 0.83
1.919661521911621; 0.89
1.9370672702789307; 0.83
1.960423231124878; 0.88
1.9749209880828857; 0.88
1.9912135601043701; 0.82
2.0172483921051025; 0.87
2.03047776222229; 0.87
2.0436525344848633; 0.81
2.0568385124206543; 0.82
2.0705883502960205; 0.87
2.0838615894317627; 0.79
2.101752519607544; 0.8
2.1212897300720215; 0.86
2.1344690322875977; 0.79
2.148724317550659; 0.78
2.163239002227783; 0.85
2.1804680824279785; 0.84
2.196610927581787; 0.78
2.210721731185913; 0.82
2.2257206439971924; 0.84
2.2426917552948; 0.77
2.2586636543273926; 0.77
2.2742807865142822; 0.83
2.289966106414795; 0.76
2.3069939613342285; 0.76
2.3225185871124268; 0.82
2.340150833129883; 0.75
2.35736346244812; 0.75
2.3725574016571045; 0.81
2.3948049545288086; 0.74
2.4148364067077637; 0.81
2.4287784099578857; 0.8
2.4429075717926025; 0.73
2.4619033336639404; 0.79
2.4819557666778564; 0.79
2.5057320594787598; 0.73
2.5188615322113037; 0.78
2.531409502029419; 0.78
2.5444753170013428; 0.72
2.5575873851776123; 0.72
2.5707101821899414; 0.78
2.5847606658935547; 0.78
2.6000828742980957; 0.71
2.6170215606689453; 0.77
2.6330668926239014; 0.77
2.646275520324707; 0.7
2.6607251167297363; 0.7
2.6780025959014893; 0.76
2.692209482192993; 0.68
2.709196090698242; 0.68
2.7240333557128906; 0.75
2.738240957260132; 0.7
2.752549648284912; 0.68
2.7746663093566895; 0.74
2.7904984951019287; 0.67
2.805340528488159; 0.68
2.8242475986480713; 0.73
2.838484764099121; 0.72
2.8527991771698; 0.67
2.8704843521118164; 0.73
2.8864827156066895; 0.72
2.903294324874878; 0.66
2.9229776859283447; 0.72
2.937473773956299; 0.72
2.958635091781616; 0.66
2.9752652645111084; 0.71
3.0000836849212646; 0.64
3.019017219543457; 0.7
3.0321316719055176; 0.7
3.045319080352783; 0.63
3.058479070663452; 0.64
3.071509838104248; 0.7
3.0860610008239746; 0.69
3.1019890308380127; 0.62
3.1206107139587402; 0.7
3.1346662044525146; 0.69
3.1489946842193604; 0.62
3.1666107177734375; 0.67
3.1806304454803467; 0.68
3.196871757507324; 0.61
3.210190534591675; 0.62
3.2254302501678467; 0.67
3.2436399459838867; 0.61
3.2704718112945557; 0.65
3.2861456871032715; 0.66
3.306993246078491; 0.59
3.3265411853790283; 0.66
3.341770648956299; 0.67
3.361551284790039; 0.59
3.380373954772949; 0.65
3.3969902992248535; 0.59
3.4180490970611572; 0.59
3.437406539916992; 0.64
3.451978921890259; 0.58
3.465749502182007; 0.58
3.4816677570343018; 0.63
3.4983232021331787; 0.56
3.5169787406921387; 0.56
3.532381534576416; 0.62
3.5449140071868896; 0.58
3.5580878257751465; 0.56
3.5714492797851562; 0.61
3.5846476554870605; 0.62
3.598637342453003; 0.56
3.6122078895568848; 0.55
3.6336023807525635; 0.61
3.6510262489318848; 0.54
3.665739059448242; 0.55
3.6793975830078125; 0.61
3.6947638988494873; 0.61
3.710444688796997; 0.53
3.7241790294647217; 0.59
3.7422609329223633; 0.59
3.7605366706848145; 0.53
3.7766387462615967; 0.61
3.792282819747925; 0.59
3.81087064743042; 0.53
3.8288519382476807; 0.58
3.8435189723968506; 0.58
3.8621420860290527; 0.52
3.8816323280334473; 0.58
3.9139742851257324; 0.52
3.93729829788208; 0.58
3.957472562789917; 0.5
3.9712491035461426; 0.5
3.984727144241333; 0.56
4.000864505767822; 0.49
4.016709566116333; 0.49
4.039647340774536; 0.56
4.0521862506866455; 0.48
4.065331220626831; 0.49
4.0778985023498535; 0.55
4.092170476913452; 0.55
4.105253219604492; 0.49
4.12321138381958; 0.48
4.136879205703735; 0.55
4.152001142501831; 0.46
4.169639825820923; 0.48
4.184891700744629; 0.55
4.202285528182983; 0.46
4.2165632247924805; 0.47
4.234196186065674; 0.53
4.249006032943726; 0.53
4.2669923305511475; 0.46
4.288220167160034; 0.53
4.3028717041015625; 0.45
4.323023557662964; 0.46
4.3394434452056885; 0.52
4.356541395187378; 0.46
4.3701255321502686; 0.45
4.384113550186157; 0.51
4.3976545333862305; 0.51
4.419447183609009; 0.44
4.435783863067627; 0.51
4.4526331424713135; 0.46
4.467980623245239; 0.44
4.487597227096558; 0.51
4.5026233196258545; 0.48
4.520161390304565; 0.44
4.538481712341309; 0.49
4.555553436279297; 0.41
4.58100438117981; 0.48
4.594109296798706; 0.49
4.606657028198242; 0.41
4.619823217391968; 0.43
4.633129835128784; 0.49
4.64844822883606; 0.48
4.661677598953247; 0.41
4.682610988616943; 0.48
4.700232744216919; 0.48
4.715021371841431; 0.42
4.731990098953247; 0.46
4.745913505554199; 0.47
4.75991153717041; 0.41
4.777803421020508; 0.41
4.795536518096924; 0.46
4.816014528274536; 0.39
4.830753803253174; 0.47
4.852891206741333; 0.46
4.872034549713135; 0.39
4.8859336376190186; 0.45
4.902156829833984; 0.45
4.9181969165802; 0.39
4.933834075927734; 0.44
4.954138278961182; 0.45
4.973154783248901; 0.38
4.987726211547852; 0.44
5.002326488494873; 0.44
5.019647598266602; 0.39
5.035455226898193; 0.43
5.054151296615601; 0.44
5.069842100143433; 0.37
5.082350254058838; 0.39
5.096348524093628; 0.43
5.109602928161621; 0.38
5.123931884765625; 0.37
5.139075517654419; 0.43
5.153452157974243; 0.42
5.168152332305908; 0.37
5.186360597610474; 0.41
5.202378749847412; 0.42
5.220304489135742; 0.36
5.238260269165039; 0.41
5.2524025440216064; 0.42
5.269587516784668; 0.37
5.284428834915161; 0.35
5.301323175430298; 0.41
5.317868947982788; 0.35
5.335281848907471; 0.39
5.351369380950928; 0.4
5.366328001022339; 0.35
5.383301019668579; 0.35
5.397450685501099; 0.4
5.410788059234619; 0.39
5.4323530197143555; 0.34
5.449678659439087; 0.4
5.463388204574585; 0.32
5.4824137687683105; 0.33
5.497190952301025; 0.39
5.5147480964660645; 0.32
5.529821872711182; 0.33
5.545069456100464; 0.39
5.564954996109009; 0.31
5.577475309371948; 0.33
5.590662479400635; 0.38
5.603823661804199; 0.38
5.617122173309326; 0.32
5.634217739105225; 0.32
5.648948907852173; 0.37
5.663572311401367; 0.33
5.683428764343262; 0.32
5.7013373374938965; 0.38
5.717750549316406; 0.3
5.7349231243133545; 0.3
5.7488484382629395; 0.38
5.766000747680664; 0.3
5.78086256980896; 0.3
5.798256874084473; 0.36
5.815477132797241; 0.31
5.83258843421936; 0.3
5.848599433898926; 0.36
5.867036581039429; 0.29
5.880734443664551; 0.29
5.89451265335083; 0.35
5.909754514694214; 0.35
5.930109977722168; 0.28
5.94774866104126; 0.34
5.968039274215698; 0.27
5.981701374053955; 0.28
5.997268438339233; 0.34
6.012985706329346; 0.34
6.029502630233765; 0.27
6.052782297134399; 0.34
6.071352243423462; 0.27
6.084497690200806; 0.27
6.097725868225098; 0.34
6.1108880043029785; 0.33
6.12408447265625; 0.25
6.137455224990845; 0.27
6.151730537414551; 0.34
6.168919801712036; 0.26
6.18442964553833; 0.26
6.2023985385894775; 0.32
6.218470573425293; 0.27
6.235307931900024; 0.26
6.250045299530029; 0.32
6.267115116119385; 0.32
6.282522439956665; 0.27
6.299874305725098; 0.33
6.318787097930908; 0.3
6.332882881164551; 0.27
6.3462114334106445; 0.34
6.36435866355896; 0.33
6.382093191146851; 0.28
6.395808935165405; 0.34
6.410687208175659; 0.35
6.431504487991333; 0.29
6.449103355407715; 0.34
6.472252130508423; 0.31
6.491361618041992; 0.3
6.510265588760376; 0.36
6.526504993438721; 0.3
6.5427491664886475; 0.29
6.568770170211792; 0.37
6.584182977676392; 0.32
6.597321033477783; 0.38
6.611225128173828; 0.38
6.624595880508423; 0.32
6.638250350952148; 0.31
6.652915954589844; 0.38
6.666681289672852; 0.39
6.68506383895874; 0.32
6.700332403182983; 0.39
6.713696718215942; 0.39
6.728431463241577; 0.34
6.746988773345947; 0.33
6.763670206069946; 0.39
6.778044700622559; 0.34
6.7948174476623535; 0.34
6.8088812828063965; 0.4
6.825129985809326; 0.35
6.839233636856079; 0.34
6.860747337341309; 0.41
6.876304626464844; 0.36
6.892859220504761; 0.35
6.908640384674072; 0.41
6.925775527954102; 0.38
6.942904472351074; 0.37
6.962579965591431; 0.42
6.981350421905518; 0.37
6.998381614685059; 0.37
7.012713670730591; 0.43
7.030599117279053; 0.38
7.048713684082031; 0.38
7.073177337646484; 0.43
7.09156608581543; 0.39
7.104078769683838; 0.45
7.117359638214111; 0.45
7.130436182022095; 0.39
7.144867658615112; 0.39
7.159467935562134; 0.45
7.172853469848633; 0.45
7.190502882003784; 0.39
7.208106517791748; 0.46
7.22257661819458; 0.46
7.239019393920898; 0.4
7.254106760025024; 0.47
7.2718825340271; 0.46
7.2879414558410645; 0.39
7.303024053573608; 0.44
7.318201780319214; 0.47
7.341691970825195; 0.41
7.3581154346466064; 0.47
7.3734824657440186; 0.48
7.390459060668945; 0.43
7.403958320617676; 0.44
7.417771816253662; 0.49
7.433143138885498; 0.43
7.451070070266724; 0.43
7.4669029712677; 0.5
7.482937335968018; 0.45
7.505054950714111; 0.45
7.51898455619812; 0.5
7.53406834602356; 0.45
7.550884008407593; 0.45
7.567910671234131; 0.52
7.590466022491455; 0.45
7.605856418609619; 0.45
7.618455410003662; 0.53
7.631020784378052; 0.52
7.644138813018799; 0.47
7.659290075302124; 0.53
7.674087762832642; 0.53
7.687445163726807; 0.46
7.704601526260376; 0.46
7.722596645355225; 0.54
7.740497589111328; 0.48
7.758202791213989; 0.52
7.772888422012329; 0.54
7.7908616065979; 0.48
7.8079609870910645; 0.48
7.82149338722229; 0.55
7.8387134075164795; 0.48
7.854936122894287; 0.48
7.8712053298950195; 0.56
7.88962984085083; 0.49
7.903295278549194; 0.49
7.91720175743103; 0.56
7.931035757064819; 0.56
7.944546222686768; 0.5
7.965830326080322; 0.56
7.9829628467559814; 0.57
7.999478340148926; 0.5
8.018050193786621; 0.59
8.03547215461731; 0.57
8.050896406173706; 0.51
8.07182765007019; 0.58
8.08681583404541; 0.55
8.11110234260559; 0.59
8.12989330291748; 0.59
8.142988443374634; 0.52
8.156238079071045; 0.53
8.169534921646118; 0.6
8.183728218078613; 0.59
8.198279619216919; 0.54
8.21136999130249; 0.54
8.232350826263428; 0.6
8.248269319534302; 0.53
8.262753248214722; 0.54
8.27816653251648; 0.61
8.292974472045898; 0.55
8.308679103851318; 0.55
8.323525190353394; 0.62
8.340741634368896; 0.55
8.354796886444092; 0.56
8.373141050338745; 0.62
8.39145565032959; 0.56
8.410017251968384; 0.56
8.427005529403687; 0.64
8.442084550857544; 0.57
8.456648826599121; 0.56
8.470147132873535; 0.63
8.487699031829834; 0.63
8.503132104873657; 0.56
8.51879072189331; 0.65
8.540952920913696; 0.64
8.559903144836426; 0.58
8.573743104934692; 0.65
8.588073492050171; 0.65
8.609089136123657; 0.59
8.633836030960083; 0.66
8.652101039886475; 0.59
8.664632558822632; 0.59
8.677887916564941; 0.66
8.691018342971802; 0.67
8.706583976745605; 0.61
8.721337795257568; 0.68
8.734564304351807; 0.67
8.750710248947144; 0.61
8.76392912864685; 0.61
8.778449296951294; 0.68
8.792661428451538; 0.68
8.809660911560059; 0.61
8.82656717300415; 0.69
8.840102195739746; 0.68
8.85514783859253; 0.61
8.87215542793274; 0.69
8.888107776641846; 0.69
8.902788162231445; 0.63
8.920885562896729; 0.64
8.935922384262085; 0.69
8.953684329986572; 0.65
8.967392206192017; 0.65
8.98186182975769; 0.7
8.995683431625366; 0.7
9.016669988632202; 0.65
9.034574747085571; 0.71
9.05023455619812; 0.65
9.06885051727295; 0.65
9.087927341461182; 0.71
9.101799011230469; 0.65
9.118992567062378; 0.65
9.135613441467285; 0.73
9.161812782287598; 0.67
9.174380779266357; 0.72
9.186981678009033; 0.73
9.199537515640259; 0.68
9.212650299072266; 0.67
9.233564138412476; 0.74
9.252541780471802; 0.68
9.271536350250244; 0.67
9.287384510040283; 0.74
9.305686235427856; 0.68
9.31921648979187; 0.68
9.336018800735474; 0.74
9.350849390029907; 0.73
9.365163087844849; 0.69
9.381598234176636; 0.75
9.396530866622925; 0.75
9.420180559158325; 0.69
9.436135053634644; 0.76
9.451099872589111; 0.76
9.468914985656738; 0.7
9.488861322402954; 0.77
9.502650022506714; 0.74
9.518108367919922; 0.71
9.54211688041687; 0.77
9.56102204322815; 0.72
9.579560995101929; 0.78
9.598942041397095; 0.78
9.612472534179688; 0.72
9.62961745262146; 0.79
9.646790981292725; 0.78
9.66628646850586; 0.72
9.681527137756348; 0.79
9.694122076034546; 0.78
9.707411527633667; 0.74
9.720698356628418; 0.73
9.73682713508606; 0.8
9.75153636932373; 0.8
9.764514207839966; 0.74
9.782141923904419; 0.81
9.800120115280151; 0.8
9.817895412445068; 0.75
9.835102319717407; 0.82
9.850146055221558; 0.81
9.867945432662964; 0.75
9.883484840393066; 0.82
9.898845911026001; 0.81
9.919857025146484; 0.76
9.933959245681763; 0.83
9.954589605331421; 0.82
9.973780393600464; 0.76
9.987568378448486; 0.82
10.007636785507202; 0.82
10.02107548713684; 0.77
10.04347848892212; 0.83
10.061444282531738; 0.78
10.07720685005188; 0.77
10.099406957626343; 0.84
10.118678569793701; 0.77
10.13239336013794; 0.77
10.146392107009888; 0.85
10.160310745239258; 0.79
10.178847551345825; 0.78
10.197795391082764; 0.85
10.214117765426636; 0.79
10.238266944885254; 0.86
10.257285594940186; 0.86
10.270467281341553; 0.78
10.283672094345093; 0.79
10.296935796737671; 0.87
10.313337326049805; 0.81
10.32835602760315; 0.8
10.342174053192139; 0.86
10.357797861099243; 0.87
10.372066020965576; 0.8
10.388118982315063; 0.88
10.402241706848145; 0.87
10.416830778121948; 0.82
10.431751728057861; 0.81
10.446440935134888; 0.88
10.461405754089355; 0.88
10.478326559066772; 0.82
10.49431848526001; 0.88
10.511121988296509; 0.89
10.527856826782227; 0.83
10.547175168991089; 0.89
10.561139345169067; 0.89
10.574690580368042; 0.84
10.588104248046875; 0.83
10.601792335510254; 0.9
10.619661808013916; 0.83
10.637201309204102; 0.84
10.653906345367432; 0.9
10.672511100769043; 0.83
10.691379070281982; 0.91
10.705228328704834; 0.9
10.719435214996338; 0.86
10.738129615783691; 0.86
10.753183841705322; 0.91
10.77082085609436; 0.85
10.794970512390137; 0.92
10.81339144706726; 0.92
10.826545000076294; 0.86
10.839764595031738; 0.86
10.853013753890991; 0.93
10.870839834213257; 0.87
10.885231256484985; 0.86
10.898975133895874; 0.93
10.918094635009766; 0.91
10.933856964111328; 0.87
10.95199465751648; 0.94
10.968506813049316; 0.93
10.98276662826538; 0.87
11.000240802764893; 0.94
11.013668298721313; 0.94
11.02919626235962; 0.87
11.043391466140747; 0.89
11.065246105194092; 0.95
11.083010911941528; 0.89
11.101468086242676; 0.96
11.116090059280396; 0.95
11.130685329437256; 0.9
11.149702787399292; 0.96
11.163135528564453; 0.96
11.188856601715088; 0.9
11.20612382888794; 0.96
11.230221033096313; 0.91
11.249306440353394; 0.97
11.263027667999268; 0.97
11.276776552200317; 0.9
11.29550552368164; 0.88
11.314157009124756; 0.97
11.331342697143555; 0.91
11.35185194015503; 0.97
11.369891166687012; 0.97
11.383054256439209; 0.9
11.395602703094482; 0.91
11.408824920654297; 0.96
11.42685842514038; 0.88
11.441424369812012; 0.88
11.456398725509644; 0.94
11.471279621124268; 0.94
11.484451293945312; 0.88
11.498512744903564; 0.88
11.516008615493774; 0.94
11.529583930969238; 0.87
11.545538902282715; 0.87
11.559166193008423; 0.92
11.574539422988892; 0.92
11.591732025146484; 0.85
11.613045930862427; 0.9
11.627169370651245; 0.85
11.646610736846924; 0.84
11.665645360946655; 0.9
11.679494619369507; 0.82
11.696715354919434; 0.83
11.713021755218506; 0.89
11.733810424804688; 0.81
11.747545719146729; 0.82
11.76372241973877; 0.88
11.777843713760376; 0.85
11.797332763671875; 0.81
11.813367366790771; 0.87
11.829254627227783; 0.81
11.856230974197388; 0.86
11.874290704727173; 0.85
11.887505531311035; 0.79
11.900743961334229; 0.8
11.913994789123535; 0.85
11.931466102600098; 0.78
11.946099519729614; 0.78
11.960360765457153; 0.84
11.979486465454102; 0.84
11.995239973068237; 0.77
12.00827932357788; 0.83
12.026729345321655; 0.84
12.043360471725464; 0.76
12.057777881622314; 0.81
12.072006464004517; 0.82
12.089633464813232; 0.76
12.10483169555664; 0.75
12.12919020652771; 0.82
12.144853830337524; 0.75
12.163366556167603; 0.81
12.177350759506226; 0.81
12.192021369934082; 0.74
12.21139645576477; 0.81
12.227516412734985; 0.8
12.246425867080688; 0.73
12.260868072509766; 0.78
12.27625823020935; 0.79
12.290184497833252; 0.72
12.303919792175293; 0.72
12.320500135421753; 0.78
12.335485696792603; 0.71
12.351361751556396; 0.72
12.376868963241577; 0.77
12.394815444946289; 0.7
12.407362699508667; 0.71
12.419886827468872; 0.77
12.433079481124878; 0.76
12.451379537582397; 0.7
12.46794581413269; 0.75
12.481582880020142; 0.76
12.498757123947144; 0.7
12.516085863113403; 0.75
12.532961368560791; 0.75
12.548512697219849; 0.67
12.562472105026245; 0.74
12.578232288360596; 0.75
12.595730781555176; 0.68
12.609100103378296; 0.68
12.62406611442566; 0.73
12.647695541381836; 0.67
12.66435432434082; 0.72
12.681174516677856; 0.73
12.699718713760376; 0.66
12.714935302734375; 0.71
12.733962297439575; 0.72
12.749587535858154; 0.65
12.77408766746521; 0.71
12.789952039718628; 0.65
12.811773538589478; 0.64
12.829150915145874; 0.7
12.844398021697998; 0.64
12.864086627960205; 0.7
12.878986835479736; 0.7
12.899966478347778; 0.63
12.915863752365112; 0.68
12.942932367324829; 0.62
12.961354970932007; 0.63
12.97399377822876; 0.69
12.987164497375488; 0.68
13.000458240509033; 0.6
13.01905632019043; 0.68
13.033619165420532; 0.67
13.04709768295288; 0.6
13.067427158355713; 0.66
13.084970951080322; 0.66
13.099531888961792; 0.6
13.117191791534424; 0.66
13.134577989578247; 0.66
13.14900827407837; 0.59
13.165980100631714; 0.59
13.179437398910522; 0.65
13.200278997421265; 0.57
13.215808629989624; 0.6
13.235796451568604; 0.65
13.252966403961182; 0.58
13.266797065734863; 0.57
13.28484582901001; 0.64
13.300238609313965; 0.56
13.315444231033325; 0.56
13.330130815505981; 0.62
13.343928813934326; 0.56
13.364538192749023; 0.56
13.3840811252594; 0.62
13.401574850082397; 0.55
13.418262481689453; 0.56
13.448183298110962; 0.55
13.460740089416504; 0.55
13.473901510238647; 0.6
13.487076044082642; 0.61
13.500245094299316; 0.54
13.518461465835571; 0.54
13.534384965896606; 0.6
13.547935724258423; 0.53
13.568722248077393; 0.53
13.583383083343506; 0.59
13.596441745758057; 0.53
13.61433744430542; 0.51
13.629504442214966; 0.59
13.645226240158081; 0.59
13.659578800201416; 0.52
13.67634654045105; 0.57
13.691688776016235; 0.57
13.712931871414185; 0.51
13.72874140739441; 0.57
13.745986700057983; 0.57
13.762890338897705; 0.51
13.777117252349854; 0.56
13.796005010604858; 0.56
13.81734013557434; 0.49
13.831872940063477; 0.57
13.851429462432861; 0.49
13.86625337600708; 0.49
13.879720211029053; 0.55
13.901357173919678; 0.49
13.916513442993164; 0.48
13.936366558074951; 0.54
13.963614463806152; 0.47
13.976086854934692; 0.53
13.989395141601562; 0.54
14.002720355987549; 0.47
14.020971775054932; 0.47
14.04304313659668; 0.53
14.056548118591309; 0.47
14.075219869613647; 0.53
14.091254234313965; 0.51
14.104497194290161; 0.47
14.122796535491943; 0.46
14.136500835418701; 0.52
14.154271841049194; 0.45
14.167868375778198; 0.44
14.18670105934143; 0.5
14.202674150466919; 0.44
14.223882913589478; 0.43
14.237133026123047; 0.5
14.255703926086426; 0.44
14.271085977554321; 0.44
14.285637617111206; 0.5
14.30411672592163; 0.42
14.321302890777588; 0.43
14.340402126312256; 0.49
14.359590768814087; 0.43
14.374066591262817; 0.42
14.388240098953247; 0.48
14.402529001235962; 0.47
14.418973445892334; 0.41
14.437368631362915; 0.49
14.453327417373657; 0.44
14.474108457565308; 0.42
14.493158102035522; 0.47
14.506349802017212; 0.41
14.519589900970459; 0.41
14.532884120941162; 0.47
14.551212310791016; 0.47
14.572791576385498; 0.4
14.585721731185913; 0.46
14.600075244903564; 0.45
14.613675832748413; 0.39
14.628918170928955; 0.4
14.64454174041748; 0.46
14.65839672088623; 0.39
14.674524068832397; 0.39
14.688222885131836; 0.45
14.703447103500366; 0.45
14.720811605453491; 0.39
14.747812986373901; 0.44
14.766039848327637; 0.39
14.784909963607788; 0.43
14.799534797668457; 0.44
14.813956022262573; 0.37
14.833482503890991; 0.43
14.84932017326355; 0.44
14.867116689682007; 0.38
14.885136604309082; 0.42
14.90036940574646; 0.43
14.914065599441528; 0.37
14.927569389343262; 0.37
14.944069385528564; 0.42
14.958979368209839; 0.37
14.978724718093872; 0.36
14.999882936477661; 0.41
15.018146991729736; 0.36
15.031375885009766; 0.36
15.043924570083618; 0.41
15.057275772094727; 0.41
15.075628757476807; 0.34
15.097802877426147; 0.41
15.11123013496399; 0.34
15.131617546081543; 0.35
15.148892402648926; 0.4
15.16367220878601; 0.34
15.18122124671936; 0.34
15.195743799209595; 0.39
15.212509632110596; 0.32
15.227431058883667; 0.34
15.244259357452393; 0.39
15.269446611404419; 0.33
15.2834951877594; 0.33
15.301494359970093; 0.39
15.318648338317871; 0.32
15.332031011581421; 0.31
15.349513053894043; 0.39
15.365925073623657; 0.32
15.387899160385132; 0.38
15.40210771560669; 0.38
15.416583776473999; 0.31
15.430238246917725; 0.31
15.445127487182617; 0.38
15.464173793792725; 0.31
15.481194257736206; 0.3
15.504818201065063; 0.36
15.523211002349854; 0.31
15.536485195159912; 0.29
15.54966115951538; 0.35
15.562814235687256; 0.37
15.581021070480347; 0.3
15.603403806686401; 0.36
15.617165327072144; 0.29
15.635885000228882; 0.29
15.651674747467041; 0.36
15.66800570487976; 0.28
15.683077096939087; 0.29
15.697186946868896; 0.35
15.71448016166687; 0.35
15.728075981140137; 0.28
15.745378971099854; 0.34
15.761631727218628; 0.34
15.779955863952637; 0.27
15.795307636260986; 0.34
15.812655925750732; 0.34
15.827955484390259; 0.26
15.845094919204712; 0.34
15.861330509185791; 0.33
15.882048606872559; 0.27
15.901097774505615; 0.33
15.914491415023804; 0.32
15.930109739303589; 0.26
15.943617105484009; 0.32
15.960276365280151; 0.33
15.978103399276733; 0.27
15.996118545532227; 0.32
16.0167019367218; 0.32
16.034865379333496; 0.25
16.048076629638672; 0.32
16.06072235107422; 0.32
16.073988914489746; 0.25
16.09243154525757; 0.3
16.10977554321289; 0.31
16.123366832733154; 0.24
16.14375591278076; 0.24
16.16107702255249; 0.3
16.175964832305908; 0.24
16.191686868667603; 0.24
16.20591378211975; 0.29
16.2239933013916; 0.24
16.23871612548828; 0.24
16.256807327270508; 0.3
16.273443698883057; 0.22
16.288519859313965; 0.23
16.303306102752686; 0.29
16.322383880615234; 0.23
16.34128975868225; 0.23
16.355769634246826; 0.3
16.374492645263672; 0.23
16.391231536865234; 0.22
16.410187244415283; 0.29
16.424800872802734; 0.23
16.439184427261353; 0.23
16.452839851379395; 0.3
16.46750521659851; 0.3
16.483986377716064; 0.24
16.502172708511353; 0.31
16.518064260482788; 0.32
16.544576406478882; 0.25
16.557161569595337; 0.31
16.57028341293335; 0.32
16.58358597755432; 0.26
16.596776962280273; 0.25
16.615276336669922; 0.33
16.633155584335327; 0.26
16.64641499519348; 0.27
16.66372060775757; 0.33
16.68123197555542; 0.27
16.697216510772705; 0.27
16.712496995925903; 0.34
16.72904133796692; 0.27
16.74581527709961; 0.28
16.7609601020813; 0.35
16.77773642539978; 0.3
16.796781063079834; 0.29
16.81217885017395; 0.36
16.830369234085083; 0.28
16.845113277435303; 0.3
16.86215877532959; 0.37
16.87554168701172; 0.36
16.893768548965454; 0.3
16.910316228866577; 0.37
16.929331064224243; 0.32
16.944384574890137; 0.31
16.964619398117065; 0.38
16.978752851486206; 0.32
16.995909690856934; 0.32
17.01154065132141; 0.39
17.02975034713745; 0.34
17.045532703399658; 0.33
17.069665908813477; 0.39
17.088163375854492; 0.33
17.101356267929077; 0.33
17.114535808563232; 0.39
17.12784743309021; 0.39
17.14608335494995; 0.35
17.164751768112183; 0.41
17.177969694137573; 0.4
17.201119422912598; 0.35
17.21915555000305; 0.41
17.234463691711426; 0.35
17.252744436264038; 0.35
17.267254114151; 0.42
17.283576011657715; 0.37
17.298566102981567; 0.37
17.316205501556396; 0.42
17.331058025360107; 0.42
17.351492643356323; 0.37
17.370391845703125; 0.43
17.3856303691864; 0.43
17.402812719345093; 0.38
17.417180061340332; 0.44
17.435428857803345; 0.44
17.4546480178833; 0.39
17.47284460067749; 0.45
17.487061977386475; 0.44
17.503705263137817; 0.39
17.517982721328735; 0.46
17.533000946044922; 0.46
17.55327272415161; 0.4
17.57145380973816; 0.46
17.59252905845642; 0.39
17.619157314300537; 0.47
17.632264137268066; 0.47
17.647061347961426; 0.41
17.663866758346558; 0.46
17.69175887107849; 0.42
17.71075439453125; 0.42
17.728208541870117; 0.49
17.74573564529419; 0.42
17.763363361358643; 0.43
17.78154945373535; 0.5
17.797223567962646; 0.43
17.811911821365356; 0.44
17.827158212661743; 0.5
17.844964265823364; 0.45
17.86304998397827; 0.45
17.878111124038696; 0.51
17.8968563079834; 0.44
17.91485905647278; 0.43
17.928643465042114; 0.51
17.942597150802612; 0.46
17.95940637588501; 0.46
17.97606110572815; 0.52
17.99519944190979; 0.48
18.012161254882812; 0.46
18.027397394180298; 0.52
18.04119086265564; 0.53
18.054545164108276; 0.47
18.071362495422363; 0.54
18.08992648124695; 0.53
18.10826539993286; 0.47
18.13270854949951; 0.55
18.159810781478882; 0.49
18.172950267791748; 0.54
18.18711256980896; 0.55
18.202776432037354; 0.5
18.22098994255066; 0.56
18.240551471710205; 0.56
18.25417137145996; 0.49
18.27126407623291; 0.56
18.28871202468872; 0.56
18.30663561820984; 0.5
18.32374858856201; 0.58
18.338408946990967; 0.57
18.356282949447632; 0.51
18.37343978881836; 0.58
18.386799097061157; 0.58
18.407861709594727; 0.51
18.42234492301941; 0.58
18.43822979927063; 0.59
18.45612859725952; 0.52
18.470598697662354; 0.53
18.4858660697937; 0.59
18.5031681060791; 0.53
18.51992678642273; 0.53
18.538867235183716; 0.6
18.553309679031372; 0.53
18.5674045085907; 0.52
18.581334829330444; 0.61
18.601105213165283; 0.55
18.615933656692505; 0.54
18.636075258255005; 0.62
18.65410828590393; 0.54
18.674627542495728; 0.61
18.7011981010437; 0.55
18.71432399749756; 0.56
18.727531671524048; 0.63
18.74097752571106; 0.63
18.75915026664734; 0.56
18.78112006187439; 0.63
18.79451560974121; 0.63
18.815454483032227; 0.57
18.832517385482788; 0.65
18.848171710968018; 0.64
18.865822315216064; 0.58
18.880361557006836; 0.64
18.896743535995483; 0.64
18.91399383544922; 0.6
18.9296977519989; 0.66
18.958126544952393; 0.59
18.974030017852783; 0.59
18.993760585784912; 0.66
19.013166666030884; 0.6
19.03123188018799; 0.67
19.04966449737549; 0.67
19.07177734375; 0.61
19.089465379714966; 0.68
19.10513973236084; 0.62
19.123955726623535; 0.61
19.150733709335327; 0.68
19.175251722335815; 0.62
19.21128535270691; 0.63
19.233201503753662; 0.69
19.2480411529541; 0.69
19.26871609687805; 0.63
19.28606939315796; 0.7
19.299240589141846; 0.71
19.31313967704773; 0.64
19.327013731002808; 0.64
19.345303535461426; 0.71
19.366417169570923; 0.64
19.38068699836731; 0.65
19.39594554901123; 0.71
19.409603357315063; 0.66
19.423991203308105; 0.64
19.43856453895569; 0.72
19.45570182800293; 0.72
19.472922325134277; 0.65
19.48662042617798; 0.73
19.50197720527649; 0.72
19.519076824188232; 0.66
19.5406596660614; 0.74
19.55759859085083; 0.74
19.57801604270935; 0.67
19.595614433288574; 0.74
19.609740018844604; 0.68
19.635071516036987; 0.75
19.653780937194824; 0.75
19.67316222190857; 0.68
19.68783950805664; 0.76
19.709081888198853; 0.75
19.72285509109497; 0.7
19.740521669387817; 0.76
19.758020639419556; 0.75
19.775842905044556; 0.7
19.800721406936646; 0.77
19.819584131240845; 0.71
19.832075834274292; 0.71
19.844630002975464; 0.76
19.857718467712402; 0.77
19.87660312652588; 0.72
19.898257732391357; 0.78
19.91219663619995; 0.73
19.931112051010132; 0.72
19.94897222518921; 0.79
19.967321395874023; 0.72
19.986194372177124; 0.73
20.000580549240112; 0.78
20.017728090286255; 0.73
20.031886100769043; 0.73
20.05022931098938; 0.8
20.073436498641968; 0.73
20.09430432319641; 0.8
20.11430287361145; 0.76
20.133316040039062; 0.74
20.147342920303345; 0.81
20.164374351501465; 0.75
20.17924189567566; 0.75
20.198737144470215; 0.82
20.217575311660767; 0.76
20.238974571228027; 0.76
20.254724979400635; 0.82
20.269777297973633; 0.76
20.28719186782837; 0.76
20.303641080856323; 0.83
20.31991696357727; 0.77
20.34746289253235; 0.85
20.360604286193848; 0.84
20.37375831604004; 0.78
20.386332750320435; 0.78
20.399272203445435; 0.84
20.41811966896057; 0.78
20.436066389083862; 0.78
20.449985027313232; 0.84
20.464348554611206; 0.85
20.478382349014282; 0.79
20.491743564605713; 0.85
20.50746774673462; 0.86
20.524341583251953; 0.8
20.538671493530273; 0.79
20.55622410774231; 0.86
20.570857763290405; 0.81
20.588152170181274; 0.8
20.60722541809082; 0.86
20.622868537902832; 0.79
20.63830256462097; 0.8
20.655863046646118; 0.87
20.673501014709473; 0.81
20.68681263923645; 0.82
20.70534348487854; 0.88
20.721779108047485; 0.82
20.740302801132202; 0.82
20.75467038154602; 0.89
20.769246816635132; 0.82
20.783409118652344; 0.82
20.797465085983276; 0.89
20.816035985946655; 0.89
20.83321452140808; 0.81
20.852709770202637; 0.9
20.8806095123291; 0.84
20.89379072189331; 0.84
20.90703797340393; 0.9
20.921355485916138; 0.84
20.94200873374939; 0.92
20.961506366729736; 0.91
20.97576379776001; 0.85
20.990208625793457; 0.84
21.00443124771118; 0.92
21.01827383041382; 0.91
21.03450083732605; 0.85
21.04779553413391; 0.89
21.063774585723877; 0.92
21.0771644115448; 0.86
21.092021942138672; 0.87
21.108787059783936; 0.92
21.130103826522827; 0.87
21.145596265792847; 0.87
21.166351079940796; 0.94
21.183716773986816; 0.86
21.199137449264526; 0.89
21.219039916992188; 0.93
21.24071216583252; 0.87
21.25969171524048; 0.95
21.273017406463623; 0.94
21.28802490234375; 0.88
21.30626606941223; 0.95
21.32857656478882; 0.89
21.343432664871216; 0.89
21.372034549713135; 0.9
21.390578269958496; 0.89
21.403698921203613; 0.97
21.417033433914185; 0.96
21.44384002685547; 0.9
21.474313259124756; 0.89
21.488800764083862; 0.91
21.50614023208618; 0.91
21.51958203315735; 0.89
21.53353786468506; 0.89
21.54895305633545; 0.9
21.564056396484375; 0.89
21.579825401306152; 0.89
21.593661069869995; 0.9
21.608070850372314; 0.89
21.624772787094116; 0.88
21.642181634902954; 0.89
21.659947156906128; 0.89
21.675505876541138; 0.89
21.690452337265015; 0.89
21.707058906555176; 0.88
21.72151017189026; 0.88
21.73957633972168; 0.89
21.757123231887817; 0.88
21.77618980407715; 0.89
21.794764518737793; 0.88
21.810154676437378; 0.89
21.823672771453857; 0.89
21.838547706604004; 0.87
21.85697078704834; 0.89
21.874341249465942; 0.89
21.89133048057556; 0.88
21.919160842895508; 0.87
21.932337045669556; 0.88
21.94550895690918; 0.88
21.958706378936768; 0.88
21.97868299484253; 0.87
22.007962465286255; 0.87
22.02202796936035; 0.87
22.038771152496338; 0.88
22.05345916748047; 0.87
22.06728982925415; 0.88
22.082168102264404; 0.88
22.098331451416016; 0.87
22.11595845222473; 0.89
22.13016414642334; 0.88
22.14480948448181; 0.87
22.16125988960266; 0.87
22.179269552230835; 0.88
22.195287942886353; 0.88
22.21392321586609; 0.87
22.23014545440674; 0.88
22.245961904525757; 0.88
22.259448289871216; 0.87
22.276657581329346; 0.87
22.29309058189392; 0.87
22.31572413444519; 0.87
22.33328151702881; 0.86
22.355667114257812; 0.87
22.375548601150513; 0.87
22.39532232284546; 0.87
22.413299322128296; 0.87
22.429195404052734; 0.87
22.459538221359253; 0.92
22.479661226272583; 0.82
22.49216318130493; 0.86
22.50475311279297; 0.79
22.522626876831055; 0.74
22.54156756401062; 0.78
22.562897205352783; 0.74
22.579299688339233; 0.66
22.59592866897583; 0.63
22.61066508293152; 0.67
22.624849319458008; 0.59
22.63802433013916; 0.63
22.65601873397827; 0.54
22.66955828666687; 0.58
22.68752646446228; 0.5
22.705509662628174; 0.53
22.722883701324463; 0.52
22.742542028427124; 0.49
22.75631594657898; 0.42
22.77438712120056; 0.45
22.8021981716156; 0.43
22.823802947998047; 0.41
22.849689483642578; 0.34
22.863826990127563; 0.32
22.87684941291809; 0.32
22.896422863006592; 0.28
22.911215782165527; 0.26
22.93212866783142; 0.24
22.947592735290527; 0.29
22.963371515274048; 0.27
22.978891611099243; 0.21
22.99257493019104; 0.24
23.009798049926758; 0.19
23.025065183639526; 0.25
23.041122436523438; 0.23
23.06843590736389; 0.23
23.086554527282715; 0.15
23.099668979644775; 0.21
23.112234830856323; 0.2
23.12532663345337; 0.2
23.143494844436646; 0.19
23.167280912399292; 0.13
23.18599820137024; 0.17
23.200401782989502; 0.12
23.215626001358032; 0.17
23.22981309890747; 0.16
23.247541666030884; 0.18
23.262826442718506; 0.13
23.279123067855835; 0.15
23.296030044555664; 0.16
23.310900449752808; 0.09
23.32791757583618; 0.14
23.347381114959717; 0.09
23.362818241119385; 0.16
23.37838077545166; 0.13
23.395320177078247; 0.15
23.412344455718994; 0.14
23.42619514465332; 0.08
23.444110870361328; 0.13
23.462993621826172; 0.06
23.48260807991028; 0.13
23.49605965614319; 0.07
23.510403156280518; 0.08
23.52525758743286; 0.13
23.541762113571167; 0.12
23.57163405418396; 0.06
23.595219373703003; 0.12
23.60931897163391; 0.06
23.62340807914734; 0.12
23.637401342391968; 0.08
23.653666734695435; 0.05
23.67176914215088; 0.12
